0.001,0,0,0,0,0,0,0,0,0,0,0,0,0,0,0,0,-0.0259851,0.999545,0.0146989,0,0.998053,0.0267722,-0.0561585,0,-0.0565275,0.0132112,-0.998314,0,0.487233,0.0034418,0.039452,1,1.91056,-33.9669,1.72322,14.2481,-0.0811171,2.18977,-0.136216,47.6293,39.6611,-31.1305,-34.4158,6.8659,-7.77477,35.5434,0.0436613,0.41945,-0.0317466,-2.37761,0.0689232,2.73964,-0.861707,-0.000137358,0.00526839,0.000564104,-4.91873e-05,-0.000156895,-0.000163382,-0.00228852,
0.035,0,0,0,0,0,0,0,0,0,0,0,0,0,0,0,0,-0.0259982,0.999544,0.014699,0,0.998052,0.0267854,-0.0561653,0,-0.0565345,0.0132105,-0.998313,0,0.48723,0.00344859,0.0394492,1,1.76377,-34.0027,1.68354,14.2838,-0.0811171,2.18977,-0.155442,-172.434,68.1564,-17.8241,101.088,-4.3623,15.6474,14.9133,0.0436746,0.419454,-0.0317458,-2.37761,0.0689231,2.73964,-0.861706,0.00161207,-0.00092073,-0.000252967,-0.000336796,8.75191e-05,-0.000289479,-0.00215798,
0.069,0,0,0,0,0,0,0,0,0,0,0,0,0,0,0,0,-0.0259785,0.999545,0.0146971,0,0.998053,0.0267655,-0.0561598,0,-0.0565287,0.0132098,-0.998314,0,0.487233,0.00344187,0.0394499,1,1.91056,-34.0423,1.72322,14.2084,-0.0811171,2.16872,-0.189316,125.535,-164.587,61.0665,-20.7953,4.19189,-19.1223,45.3511,0.0436643,0.419456,-0.0317489,-2.37761,0.0689231,2.73964,-0.861699,0.000455843,0.00124581,-0.000155783,0.00137892,-1.72763e-05,0.000262106,-0.000699517,
0.103,0,0,0,0,0,0,0,0,0,0,0,0,0,0,0,0,-0.0260086,0.999544,0.0147031,0,0.998052,0.026796,-0.0561699,0,-0.0565394,0.0132138,-0.998313,0,0.487228,0.00345879,0.0394461,1,1.76377,-34.078,1.57246,14.2838,-0.0692153,2.16231,-0.235093,140.766,-210.965,-125.554,0.980305,1.7343,5.39441,4.08023,0.0436806,0.419459,-0.0317327,-2.37761,0.0689218,2.73964,-0.861697,-0.000141654,0.00170816,0.00764516,-0.000384477,-0.000286737,8.14093e-05,0.00222521,
0.137,0,0,0,0,0,0,0,0,0,0,0,0,0,0,0,0,-0.0260327,0.999543,0.014707,0,0.998052,0.0268201,-0.0561577,0,-0.0565275,0.0132167,-0.998314,0,0.487233,0.0034677,0.0394511,1,1.76377,-33.9669,1.60816,14.2481,-0.0811171,2.16231,-0.155442,55.9083,8.96177,47.9562,-15.8422,-8.54091,-13.6367,-6.41535,0.0436904,0.419452,-0.0317257,-2.37761,0.0689231,2.73964,-0.861706,-0.00101609,-0.000245044,-0.000670245,-0.000144888,0.000105777,-0.000133755,-0.0010621,
0.171,0,0,0,0,0,0,0,0,0,0,0,0,0,0,0,0,-0.0260189,0.999544,0.0147056,0,0.998052,0.0268063,-0.0561634,0,-0.056533,0.0132159,-0.998313,0,0.487231,0.00346191,0.0394479,1,1.83518,-34.0423,1.60816,14.2481,-0.0866103,2.15498,-0.175583,59.4962,-18.2416,-65.2792,27.7352,-17.1383,-4.72891,-38.3006,0.0436824,0.419458,-0.0317288,-2.37761,0.0689237,2.73964,-0.861704,0.000371855,0.00097663,0.00308087,-0.000207532,0.000353987,0.000291644,0.000550493,
0.205,0,0,0,0,0,0,0,0,0,0,0,0,0,0,0,0,-0.026033,0.999543,0.0147075,0,0.998052,0.0268205,-0.0561583,0,-0.0565283,0.0132172,-0.998314,0,0.487232,0.00346973,0.0394519,1,1.7241,-33.8916,1.53675,14.2481,-0.0747084,2.17604,-0.149033,-5.47958,136.365,-88.4462,37.1864,1.99385,26.8085,28.6032,0.0436924,0.419448,-0.0317238,-2.37761,0.0689224,2.73964,-0.861702,0.000227434,-0.00141136,0.00125922,-0.00210153,-3.37392e-05,-0.000562069,-0.0022352,
0.239,0,0,0,0,0,0,0,0,0,0,0,0,0,0,0,0,-0.0260279,0.999543,0.0147047,0,0.998053,0.026815,-0.0561455,0,-0.0565153,0.0132149,-0.998314,0,0.487237,0.00346405,0.0394572,1,1.76377,-33.8162,1.64784,14.2084,-0.0747084,2.17604,-0.149033,8.09984,77.4145,50.3216,-143.725,9.88964,16.0384,27.0264,0.0436895,0.41944,-0.0317317,-2.37761,0.0689224,2.73964,-0.861707,-0.000929613,-0.0013506,-0.000897506,0.0015787,-2.94357e-05,-0.000185974,-0.00169411,
0.273,0,0,0,0,0,0,0,0,0,0,0,0,0,0,0,0,-0.0260174,0.999544,0.0147048,0,0.998052,0.0268048,-0.0561574,0,-0.0565271,0.0132154,-0.998314,0,0.487233,0.00346197,0.0394503,1,1.83518,-34.0027,1.60816,14.1727,-0.0692153,2.15498,-0.202134,182.11,-40.6888,19.8918,-129.902,2.81538,-30.0405,-50.2414,0.0436823,0.419455,-0.0317288,-2.37761,0.0689218,2.73964,-0.861701,-0.000748285,0.000985773,0.000341397,0.00128633,-0.000211601,0.000444109,0.00113099,
0.307,0,0,0,0,0,0,0,0,0,0,0,0,0,0,0,0,-0.0260158,0.999544,0.0147042,0,0.998053,0.026803,-0.0561505,0,-0.0565201,0.013215,-0.998314,0,0.487236,0.00346006,0.0394539,1,1.79948,-33.9273,1.64784,14.2084,-0.0747084,2.16231,-0.175583,23.1803,-1.97658,160.948,2.42433,-4.52547,-10.6952,17.0145,0.0436814,0.419448,-0.0317316,-2.37761,0.0689224,2.73964,-0.861703,-0.00365582,0.000379204,-0.000397782,-0.00175046,0.000129883,0.000217515,-0.000625176,
0.341,0,0,0,0,0,0,0,0,0,0,0,0,0,0,0,0,-0.0260263,0.999543,0.0147056,0,0.998052,0.0268137,-0.0561605,0,-0.0565302,0.0132155,-0.998313,0,0.487231,0.00346434,0.0394506,1,1.7241,-33.9669,1.60816,14.2838,-0.0747084,2.18245,-0.162766,-134.346,17.8635,-15.3182,90.4778,16.2608,30.3131,10.2896,0.0436872,0.419451,-0.0317288,-2.37761,0.0689224,2.73964,-0.861705,0.00462124,-0.000224571,0.000418199,-0.00129474,-0.000142527,-0.000537465,-0.0013196,
0.375,0,0,0,0,0,0,0,0,0,0,0,0,0,0,0,0,-0.0260171,0.999544,0.0147047,0,0.998053,0.0268044,-0.0561536,0,-0.0565232,0.0132154,-0.998314,0,0.487233,0.00346171,0.0394535,1,1.76377,-33.8916,1.60816,14.2838,-0.0811171,2.16872,-0.195725,-39.5366,75.469,-11.6446,92.8346,-22.5369,-0.25386,18.0541,0.0436841,0.419445,-0.031731,-2.37761,0.0689231,2.73964,-0.861702,0.000981878,-0.00114703,0.00543242,-0.00061906,0.000216266,3.49745e-06,0.000868224,
0.409,0,0,0,0,0,0,0,0,0,0,0,0,0,0,0,0,-0.0260079,0.999544,0.014704,0,0.998052,0.0267953,-0.0561664,0,-0.0565358,0.0132149,-0.998313,0,0.48723,0.0034604,0.039448,1,1.79948,-34.0027,1.64784,14.2838,-0.0811171,2.17604,-0.228684,71.6351,-40.7946,111.844,13.0058,-14.4518,12.337,-59.0704,0.0436824,0.419456,-0.0317316,-2.37761,0.0689231,2.73964,-0.861695,-0.000883391,-0.000126391,-0.000305308,-0.000565185,0.000365175,-0.000474293,0.00205273,
0.443,0,0,0,0,0,0,0,0,0,0,0,0,0,0,0,0,-0.0260281,0.999543,0.0147064,0,0.998052,0.0268155,-0.056157,0,-0.0565268,0.0132163,-0.998314,0,0.487233,0.00346622,0.0394514,1,1.76377,-33.9273,1.57246,14.2481,-0.0747084,2.16231,-0.175583,86.0787,198.168,-50.4473,31.5378,-3.18041,-4.58283,14.2888,0.0436881,0.419451,-0.0317263,-2.37761,0.0689224,2.73964,-0.861704,-0.000988664,-0.00248094,0.000597603,-0.000211343,-5.06096e-05,-1.89829e-05,-0.00077186,
0.477,0,0,0,0,0,0,0,0,0,0,0,0,0,0,0,0,-0.0260329,0.999543,0.0147069,0,0.998052,0.0268204,-0.0561655,0,-0.0565354,0.0132164,-0.998313,0,0.48723,0.00346649,0.0394481,1,1.76377,-34.0027,1.60816,14.2838,-0.0747084,2.16872,-0.136216,19.0987,2.43808,-41.7932,39.9974,7.41148,4.87147,25.0499,0.0436881,0.419456,-0.0317257,-2.37761,0.0689225,2.73964,-0.861708,-0.000336959,0.000324477,-0.000455575,-0.000789506,-6.66389e-05,1.99244e-05,-0.00159739,
0.511,0,0,0,0,0,0,0,0,0,0,0,0,0,0,0,0,-0.026004,0.999544,0.0147029,0,0.998052,0.0267914,-0.0561686,0,-0.056538,0.0132139,-0.998313,0,0.487228,0.00345282,0.0394466,1,1.87486,-34.0027,1.64784,14.2838,-0.0866103,2.16872,-0.149033,43.228,74.9019,-66.7481,140.182,-8.47035,6.13467,28.6536,0.0436732,0.419459,-0.0317369,-2.37761,0.0689248,2.73964,-0.861707,-3.44531e-05,-8.85277e-05,0.00135108,0.00125855,0.000480962,4.17063e-05,-0.00182806,
0.545,0,0,0,0,0,0,0,0,0,0,0,0,0,0,0,0,-0.0260019,0.999544,0.014702,0,0.998052,0.0267892,-0.0561652,0,-0.0565345,0.0132132,-0.998313,0,0.487229,0.00345495,0.0394485,1,1.79948,-33.9669,1.64784,14.3195,-0.0811171,2.16231,-0.222275,-72.1644,161.594,12.2497,281.361,-5.84455,-5.17564,12.4046,0.0436775,0.419454,-0.031737,-2.37761,0.0689231,2.73964,-0.861699,0.000270765,-0.00113136,0.000210131,-0.00195821,0.000196781,0.000316451,0.00130927,
0.579,0,0,0,0,0,0,0,0,0,0,0,0,0,0,0,0,-0.0260005,0.999544,0.0147027,0,0.998053,0.0267879,-0.0561614,0,-0.0565307,0.0132141,-0.998313,0,0.487232,0.00345583,0.0394497,1,1.83518,-33.9669,1.64784,14.2481,-0.0811171,2.16872,-0.235093,22.4833,93.9989,-42.9641,31.998,3.39176,-13.2813,-48.6462,0.0436767,0.419455,-0.0317348,-2.37761,0.0689231,2.73964,-0.861696,0.00441364,-0.000644919,0.000479721,-0.000687812,0.000211711,0.000246601,0.00141573,
0.613,0,0,0,0,0,0,0,0,0,0,0,0,0,0,0,0,-0.0260136,0.999544,0.0147024,0,0.998053,0.0268008,-0.0561546,0,-0.0565241,0.0132133,-0.998314,0,0.487234,0.00345764,0.0394511,1,1.76377,-33.9669,1.64784,14.2084,-0.0747084,2.16872,-0.169175,57.0112,-51.487,-7.38268,-22.5286,2.96898,4.58564,24.5525,0.0436812,0.419454,-0.0317355,-2.37761,0.0689224,2.73964,-0.861705,0.00363516,0.000301379,-0.00648846,0.00179014,0.000228339,3.3046e-05,-0.00147854,
0.647,0,0,0,0,0,0,0,0,0,0,0,0,0,0,0,0,-0.0260163,0.999544,0.0147044,0,0.998052,0.0268037,-0.0561671,0,-0.0565367,0.0132147,-0.998313,0,0.487229,0.00345995,0.0394475,1,1.76377,-34.0027,1.60816,14.2838,-0.0747084,2.17604,-0.169175,-105.875,56.8722,-19.0086,146.682,4.39915,21.5705,6.40281,0.0436812,0.419457,-0.0317313,-2.37761,0.0689224,2.73964,-0.861704,0.000979129,-0.000464773,0.00102823,-0.00191145,-5.28515e-05,-0.000212282,-0.00031494,
0.681,0,0,0,0,0,0,0,0,0,0,0,0,0,0,0,0,-0.0260079,0.999544,0.0147028,0,0.998053,0.0267952,-0.0561569,0,-0.0565264,0.0132139,-0.998314,0,0.487234,0.00345937,0.0394514,1,1.7241,-33.9669,1.64784,14.1727,-0.0811171,2.18245,-0.215867,-143.556,36.4135,59.1429,-186.646,-23.6671,24.8745,28.2015,0.0436838,0.419454,-0.0317348,-2.3776,0.0689231,2.73964,-0.861696,0.00109109,-0.000497775,0.00343288,0.00136761,0.000210669,-0.00323402,0.000148881,
0.715,0,0,0,0,0,0,0,0,0,0,0,0,0,0,0,0,-0.0259996,0.999544,0.0147025,0,0.998052,0.026787,-0.0561684,0,-0.0565378,0.0132138,-0.998313,0,0.48723,0.00345578,0.0394461,1,1.83518,-34.0423,1.64784,14.2084,-0.0811171,2.16872,-0.222275,-34.475,-79.8775,32.9382,-62.0699,-14.2321,6.08396,-36.9017,0.0436768,0.419462,-0.0317348,-2.37761,0.0689231,2.73964,-0.861695,-8.37871e-05,0.000631858,4.65526e-05,0.000591723,0.000143867,0.000179582,0.00153175,
0.749,0,0,0,0,0,0,0,0,0,0,0,0,0,0,0,0,-0.0260034,0.999544,0.0147016,0,0.998052,0.0267908,-0.0561714,0,-0.0565408,0.0132126,-0.998313,0,0.487228,0.00345378,0.0394452,1,1.79948,-34.0423,1.64784,14.2838,-0.0692153,2.16872,-0.162766,-54.9606,-50.0635,-73.1864,98.941,14.2109,-11.5107,40.1225,0.0436763,0.419462,-0.0317379,-2.37761,0.0689229,2.73964,-0.861702,0.000249639,-0.00307486,0.000875547,0.00131946,-0.000183796,1.03118e-05,-0.00163392,
0.783,0,0,0,0,0,0,0,0,0,0,0,0,0,0,0,0,-0.0260071,0.999544,0.0147015,0,0.998052,0.0267943,-0.0561636,0,-0.056533,0.0132124,-0.998313,0,0.487231,0.00345802,0.0394485,1,1.76377,-34.0027,1.68354,14.2084,-0.0747084,2.16872,-0.235093,50.4923,62.532,167.985,-1.66477,7.57295,-0.151613,-16.3873,0.0436841,0.419457,-0.0317373,-2.37761,0.0689224,2.73964,-0.861697,-0.000788875,-0.000247533,-0.000496468,0.000334953,-9.46741e-05,0.000131362,0.00105036,
0.817,0,0,0,0,0,0,0,0,0,0,0,0,0,0,0,0,-0.0260019,0.999544,0.0147026,0,0.998052,0.0267893,-0.0561646,0,-0.0565339,0.0132138,-0.998313,0,0.487231,0.00345511,0.0394484,1,1.83518,-33.9669,1.64784,14.2481,-0.0692153,2.17604,-0.208542,-21.59,42.4289,-112.842,-21.7851,16.9171,4.13035,-27.9423,0.043676,0.419457,-0.0317355,-2.37761,0.068923,2.73964,-0.861699,0.00052422,0.000108805,0.000582276,0.000258222,-0.000344609,-0.000255961,0.00147626,
0.851,0,0,0,0,0,0,0,0,0,0,0,0,0,0,0,0,-0.0260104,0.999544,0.0147028,0,0.998052,0.0267978,-0.056172,0,-0.0565415,0.0132133,-0.998313,0,0.487228,0.0034564,0.0394451,1,1.79948,-34.0423,1.60816,14.3195,-0.0692153,2.16872,-0.149033,86.401,-117.908,-110.933,176.144,12.2727,-10.7877,7.88633,0.0436777,0.419462,-0.0317344,-2.37761,0.0689218,2.73964,-0.861704,-0.000718904,0.00170701,0.000222912,-0.00248817,-0.000250199,0.00117518,-0.00143287,
0.885,0,0,0,0,0,0,0,0,0,0,0,0,0,0,0,0,-0.0260186,0.999544,0.014704,0,0.998052,0.026806,-0.0561635,0,-0.0565331,0.0132143,-0.998313,0,0.487232,0.00346082,0.039448,1,1.7241,-34.0027,1.60816,14.2084,-0.0747084,2.16872,-0.136216,-164.844,-21.2158,-38.1087,-86.85,9.267,-15.1901,91.6915,0.0436838,0.41946,-0.031732,-2.37761,0.0689225,2.73964,-0.861704,0.00163189,0.000141664,-0.00267225,-0.00142882,-0.000151295,0.00051699,-0.00289164,
0.919,0,0,0,0,0,0,0,0,0,0,0,0,0,0,0,0,-0.0260229,0.999544,0.0147071,0,0.998052,0.0268105,-0.0561648,0,-0.0565345,0.0132171,-0.998313,0,0.487231,0.00346696,0.0394483,1,1.7241,-33.9669,1.53675,14.2481,-0.0747084,2.17604,-0.202134,-29.4366,27.992,-138.299,27.236,5.26849,-6.64367,30.7038,0.0436869,0.419457,-0.0317238,-2.37761,0.0689224,2.73964,-0.861698,0.000414195,0.000679971,0.00193426,-0.000258171,4.04856e-05,0.000129933,-0.000906874,
0.953,0,0,0,0,0,0,0,0,0,0,0,0,0,0,0,0,-0.0260184,0.999544,0.0147054,0,0.998051,0.026806,-0.0561777,0,-0.0565473,0.0132153,-0.998312,0,0.487225,0.00346146,0.0394437,1,1.79948,-34.0423,1.60816,14.3195,-0.0747084,2.18245,-0.169175,78.9007,9.61613,-49.3271,101.257,-12.641,13.5792,2.89949,0.0436817,0.419462,-0.0317288,-2.37762,0.0689224,2.73964,-0.861703,-0.0011646,0.000657174,0.000571316,-0.00179933,-5.72181e-05,-0.000414831,-0.000885869,
0.987,0,0,0,0,0,0,0,0,0,0,0,0,0,0,0,0,-0.0260186,0.999544,0.0147036,0,0.998052,0.026806,-0.0561687,0,-0.0565383,0.0132138,-0.998313,0,0.48723,0.00346483,0.0394471,1,1.68839,-34.0027,1.64784,14.2481,-0.0692153,2.18977,-0.248826,-68.9819,66.2191,58.3752,-9.05656,7.78456,-0.407605,-25.9798,0.0436916,0.41946,-0.0317317,-2.37761,0.0689218,2.73964,-0.861695,0.000670294,0.000179285,-0.000838132,-0.000526299,-0.000276611,-0.000160063,0.000987825,
1.021,0,0,0,0,0,0,0,0,0,0,0,0,0,0,0,0,-0.0260128,0.999544,0.0147058,0,0.998052,0.0268003,-0.0561682,0,-0.0565377,0.0132164,-0.998313,0,0.487229,0.00346381,0.0394469,1,1.76377,-34.0027,1.64784,14.2481,-0.0747084,2.17604,-0.208542,107.864,114.416,168.456,-31.5866,5.59399,-19.1926,-18.1807,0.0436866,0.41946,-0.0317292,-2.37761,0.0689256,2.73964,-0.861696,-0.000498365,-0.00128902,-0.00174549,-0.000172599,-0.000124679,0.000483005,0.000855166,
1.055,0,0,0,0,0,0,0,0,0,0,0,0,0,0,0,0,-0.0260244,0.999544,0.0147059,0,0.998052,0.0268119,-0.0561652,0,-0.0565349,0.0132159,-0.998313,0,0.487231,0.00346577,0.0394478,1,1.68839,-34.0027,1.60816,14.2084,-0.0747084,2.18245,-0.175583,-186.952,45.4387,-7.02898,-63.4895,-18.4255,-19.8594,97.9771,0.0436926,0.41946,-0.031731,-2.37761,0.0689267,2.73964,-0.861704,0.00120269,-0.000449215,-0.000124922,0.00048002,3.85622e-05,0.000132642,-0.000721125,
1.089,0,0,0,0,0,0,0,0,0,0,0,0,0,0,0,0,-0.0260215,0.999544,0.0147065,0,0.998052,0.0268091,-0.0561688,0,-0.0565386,0.0132165,-0.998313,0,0.48723,0.00346597,0.0394464,1,1.76377,-34.0027,1.57246,14.2084,-0.0811171,2.18977,-0.195725,115.129,70.798,-51.7808,-14.0244,-9.60319,19.2782,-26.9461,0.0436874,0.419462,-0.0317261,-2.37761,0.0689231,2.73964,-0.861698,-1.31149e-05,-0.00179846,0.00010472,-0.00069867,0.000198723,-0.000185536,-0.000379702,
1.123,0,0,0,0,0,0,0,0,0,0,0,0,0,0,0,0,-0.0260156,0.999544,0.0147059,0,0.998052,0.0268031,-0.0561653,0,-0.0565349,0.0132163,-0.998313,0,0.487231,0.00346686,0.0394485,1,1.7241,-33.9669,1.57246,14.2084,-0.0747084,2.19618,-0.255234,-21.7119,135.2,57.9242,-10.5929,-4.39999,6.59978,-43.0562,0.0436894,0.419458,-0.0317263,-2.37761,0.0689227,2.73964,-0.86169,0.000362196,-0.00131293,0.000471932,0.000559217,7.25913e-05,6.10099e-06,0.00220229,
1.157,0,0,0,0,0,0,0,0,0,0,0,0,0,0,0,0,-0.0260188,0.999544,0.0147061,0,0.998051,0.0268065,-0.0561795,0,-0.0565491,0.0132159,-0.998312,0,0.487226,0.00346707,0.0394426,1,1.7241,-34.078,1.57246,14.2838,-0.0692153,2.19618,-0.228684,-72.2761,-148.719,-103.977,97.4282,16.7747,16.6558,30.609,0.0436901,0.419467,-0.0317263,-2.37761,0.068923,2.73964,-0.861693,-0.00129002,0.00104109,0.000719259,-0.000985549,-0.000337196,-0.000164664,0.000400181,
1.191,0,0,0,0,0,0,0,0,0,0,0,0,0,0,0,0,-0.0260207,0.999544,0.0147054,0,0.998051,0.0268083,-0.0561726,0,-0.0565423,0.0132154,-0.998313,0,0.487229,0.00346537,0.0394449,1,1.76377,-34.0423,1.60816,14.2084,-0.0811171,2.19618,-0.181992,-69.4795,15.3187,49.1254,-26.5531,-14.6924,-4.32129,33.1578,0.0436895,0.419466,-0.0317288,-2.37761,0.0689235,2.73964,-0.861698,0.00578832,-0.000383593,-0.000177957,0.000230078,0.000243317,-0.00054802,-0.00101051,
1.225,0,0,0,0,0,0,0,0,0,0,0,0,0,0,0,0,-0.026014,0.999544,0.0147058,0,0.998052,0.0268016,-0.0561698,0,-0.0565394,0.0132162,-0.998313,0,0.487229,0.00346595,0.0394465,1,1.76377,-34.0027,1.57246,14.2481,-0.0747084,2.18977,-0.255234,35.6605,41.373,-15.0256,34.1191,-17.9549,-0.939971,-69.5452,0.0436874,0.419461,-0.031726,-2.37761,0.0689224,2.73964,-0.86169,0.000199987,0.000100691,0.000286879,0.00615274,-9.60686e-05,0.00270394,0.00267171,
1.259,0,0,0,0,0,0,0,0,0,0,0,0,0,0,0,0,-0.0260059,0.999544,0.0147039,0,0.998051,0.0267935,-0.0561805,0,-0.05655,0.0132144,-0.998312,0,0.487226,0.00346086,0.0394421,1,1.83518,-34.078,1.64784,14.2838,-0.0692153,2.19618,-0.248826,61.9209,-24.0448,88.7309,115.837,16.2993,-6.1409,-24.3572,0.0436823,0.419468,-0.0317304,-2.37761,0.0689219,2.73964,-0.861691,-0.0014395,0.000116017,0.00412914,-0.000143399,-0.000293857,-0.000100708,0.00143514,
1.293,0,0,0,0,0,0,0,0,0,0,0,0,0,0,0,0,-0.026005,0.999544,0.0147049,0,0.998052,0.0267926,-0.0561771,0,-0.0565466,0.0132156,-0.998312,0,0.487228,0.00345747,0.0394424,1,1.87486,-34.1137,1.60816,14.2084,-0.0811171,2.18977,-0.181992,182.863,-200.171,-3.28168,-112.611,-15.6683,-6.50381,-23.0124,0.0436742,0.419471,-0.0317296,-2.37761,0.0689231,2.73964,-0.861698,-0.00151695,0.0013026,0.000173636,0.00211034,0.000245343,8.88713e-05,-0.00202055,
1.327,0,0,0,0,0,0,0,0,0,0,0,0,0,0,0,0,-0.0260085,0.999544,0.0147031,0,0.998051,0.0267961,-0.0561808,0,-0.0565503,0.0132135,-0.998312,0,0.487226,0.00346101,0.0394415,1,1.76377,-34.078,1.60816,14.2084,-0.0563979,2.19618,-0.242417,1.81171,-44.6533,96.249,-4.25313,40.4565,25.09,-77.0038,0.0436832,0.419471,-0.031731,-2.37761,0.0689204,2.73964,-0.861692,0.000446753,6.18266e-05,-8.06852e-05,0.000601404,-0.000746845,-0.00534107,0.00187453,
1.361,0,0,0,0,0,0,0,0,0,0,0,0,0,0,0,0,-0.026014,0.999544,0.0147037,0,0.998051,0.0268015,-0.0561769,0,-0.0565464,0.0132139,-0.998313,0,0.487228,0.00346353,0.0394425,1,1.7241,-34.078,1.64784,14.2084,-0.0692153,2.18977,-0.248826,-303.497,68.6685,39.0964,-112.537,7.26724,-2.80407,-73.0643,0.0436891,0.419471,-0.0317316,-2.37761,0.0689228,2.73964,-0.861694,0.00778854,-4.68255e-05,-0.00119828,0.000237869,-0.000285612,0.00017712,0.00134669,
1.395,0,0,0,0,0,0,0,0,0,0,0,0,0,0,0,0,-0.026043,0.999543,0.014712,0,0.998051,0.026831,-0.0561774,0,-0.0565475,0.0132206,-0.998312,0,0.487228,0.00348141,0.0394431,1,1.61302,-34.0423,1.46137,14.2084,-0.0866103,2.20991,-0.228684,-11.0133,16.9615,-172.379,-13.3654,-14.4118,-5.49689,-86.0724,0.0437031,0.419469,-0.0317122,-2.37761,0.0689237,2.73964,-0.861692,0.003508,0.000910967,0.00282467,0.000597139,0.000421915,0.000285573,-0.000879617,
1.429,0,0,0,0,0,0,0,0,0,0,0,0,0,0,0,0,-0.0260353,0.999543,0.0147153,0,0.99805,0.0268237,-0.0561909,0,-0.056561,0.0132239,-0.998312,0,0.487225,0.00348025,0.0394394,1,1.7241,-34.1534,1.53675,14.1727,-0.11133,2.2447,-0.208542,42.9596,45.9644,-44.2631,7.30705,-15.9458,44.1064,-4.77728,0.0436997,0.419477,-0.0317114,-2.3776,0.0689309,2.73963,-0.861694,-0.000179181,0.00230088,0.000127208,0.0012646,0.000233833,0.00457087,-0.000510196,
1.463,0,0,0,0,0,0,0,0,0,0,0,0,0,0,0,0,-0.0259331,0.999546,0.0146996,0,0.998052,0.026721,-0.0562128,0,-0.0565812,0.0132134,-0.998311,0,0.487221,0.00342986,0.0394248,1,1.98594,-34.3042,1.75892,14.137,-0.123231,2.18977,-0.222275,0.90255,1.58294,14.5116,-17.3175,-8.52917,14.0373,-4.74509,0.0436444,0.419513,-0.0317521,-2.3776,0.0689374,2.73963,-0.861691,-0.00411655,0.000684961,-0.00308394,-0.000374018,0.000189114,-8.50717e-05,-0.000192755,
1.497,0,0,0,0,0,0,0,0,0,0,0,0,0,0,0,0,-0.0253307,0.999561,0.0147125,0,0.998065,0.0261209,-0.0562638,0,-0.0566245,0.0132591,-0.998307,0,0.487209,0.00325723,0.0394001,1,0.684672,-33.9273,0.525095,13.9545,0.0763536,2.25844,-0.189316,130.279,-139.53,121.129,80.2016,-1.53757,15.3675,-4.195,0.0434805,0.419569,-0.0319161,-2.37759,0.0691845,2.73963,-0.861635,-0.0113057,0.000673007,-0.00610356,-0.000508095,0.014755,-0.00125789,0.00117059,
1.531,0,0,0,0,0,0,0,0,0,0,0,0,0,0,0,0,-0.0247918,0.999575,0.0147084,0,0.998076,0.0255831,-0.0563031,0,-0.0566565,0.0132845,-0.998305,0,0.487198,0.00297223,0.0393719,1,0.90684,-34.3795,0.671885,13.9188,0.0699449,2.16231,-0.109665,18.5498,-45.8971,-59.8803,23.3686,12.1492,-5.36367,28.3394,0.0429753,0.419633,-0.0319833,-2.37759,0.0692467,2.73965,-0.861722,-0.0137011,0.001742,-0.000114607,0.000547712,-0.000100896,0.00104575,-0.00664648,
1.565,0,0,0,0,0,0,0,0,0,0,0,0,0,0,0,0,-0.0246931,0.999577,0.0147352,0,0.998079,0.0254861,-0.0563062,0,-0.056659,0.0133167,-0.998305,0,0.487198,0.00279006,0.0393608,1,0.90684,-34.3042,0.525095,13.8434,0.100157,2.16231,-0.142624,161.249,-181.788,60.6264,140.929,3.74835,1.48215,-67.1286,0.042563,0.419663,-0.0319494,-2.37758,0.0692433,2.73966,-0.862001,-0.00875991,0.0041291,0.000366728,-0.000794301,-0.000393928,-0.000722401,-0.00521591,
1.599,0,0,0,0,0,0,0,0,0,0,0,0,0,0,0,0,-0.0245504,0.99958,0.014738,0,0.998081,0.0253441,-0.0563246,0,-0.0566755,0.0133272,-0.998304,0,0.487196,0.00265768,0.0393504,1,0.942545,-34.4153,0.671885,13.8791,0.0882554,2.16872,-0.0767064,53.1434,-10.3444,28.311,212.096,17.1807,4.74736,19.787,0.0423048,0.419689,-0.0319607,-2.37757,0.069245,2.73966,-0.862129,-0.00241875,0.00115348,-0.00210607,-0.00179107,-0.000313825,0.000162486,-0.00385685,
1.633,0,0,0,0,0,0,0,0,0,0,0,0,0,0,0,0,-0.02457,0.99958,0.0147443,0,0.998081,0.0253639,-0.0563267,0,-0.0566781,0.0133323,-0.998303,0,0.487209,0.00263297,0.0393362,1,0.720377,-34.3795,0.410044,13.8791,0.106566,2.17604,-0.0428319,-47.4648,-3.65173,-27.8987,88.4982,11.3784,-20.6118,40.1701,0.0422448,0.419751,-0.0319524,-2.37751,0.0692473,2.73966,-0.862203,-0.000270243,0.00318277,0.00032192,0.00209365,-0.000167227,9.45435e-05,-0.00308637,
1.667,0,0,0,0,0,0,0,0,0,0,0,0,0,0,0,0,-0.0245971,0.999579,0.0147473,0,0.998081,0.025391,-0.0563112,0,-0.0566631,0.0133341,-0.998304,0,0.487241,0.00263744,0.0393288,1,0.684672,-34.4153,0.410044,13.772,0.112059,2.23097,-0.0565648,-82.4271,-19.0524,-119.739,-77.0857,6.99689,13.394,28.6732,0.042242,0.419824,-0.0319428,-2.37741,0.0692453,2.73964,-0.86222,-0.00293653,0.000191207,1.85902e-05,0.00101694,-0.000284456,-0.000392128,-0.00330825,
1.701,0,0,0,0,0,0,0,0,0,0,0,0,0,0,0,0,-0.0245873,0.999579,0.0147417,0,0.998079,0.0253814,-0.0563433,0,-0.0566949,0.0133283,-0.998303,0,0.487242,0.00262165,0.0393059,1,0.684672,-34.4153,0.485422,13.8077,0.0937486,2.21724,-0.0629735,15.0157,49.5938,183.446,58.1565,-18.9369,31.8231,26.863,0.0422271,0.419894,-0.0319571,-2.37737,0.0692473,2.73964,-0.86224,0.000791405,0.000984825,-0.00172513,0.000538611,0.000279479,-2.14654e-05,-0.00312535,
1.735,0,0,0,0,0,0,0,0,0,0,0,0,0,0,0,0,-0.0246381,0.999578,0.0147471,0,0.998077,0.0254325,-0.0563526,0,-0.0567049,0.0133306,-0.998302,0,0.487252,0.00264163,0.0392913,1,0.684672,-34.3795,0.374338,13.772,0.112059,2.21724,-0.0565648,70.5815,-84.5688,41.3369,27.2144,16.5581,-12.828,0.738516,0.0422454,0.419952,-0.0319372,-2.37732,0.0692424,2.73964,-0.86225,-0.0014987,0.000430722,0.000518625,0.0023967,-0.000157921,-0.00037003,-0.00219115,
1.769,0,0,0,0,0,0,0,0,0,0,0,0,0,0,0,0,-0.0247093,0.999576,0.0147471,0,0.998075,0.0255037,-0.0563578,0,-0.0567112,0.0133264,-0.998302,0,0.487284,0.00264149,0.0392633,1,0.644999,-34.3795,0.334665,13.8077,0.14868,2.23097,-0.0300145,-62.3736,23.705,-86.3005,51.9361,12.2936,21.4927,-7.93019,0.0422419,0.420087,-0.0319342,-2.37718,0.0692379,2.73964,-0.862316,0.000911274,0.000662197,-0.00340715,0.00523773,-0.00010558,-0.000238581,-0.0114832,
1.803,0,0,0,0,0,0,0,0,0,0,0,0,0,0,0,0,-0.0248399,0.999573,0.0147509,0,0.998068,0.0256352,-0.0564219,0,-0.056777,0.0133211,-0.998298,0,0.487282,0.0026623,0.0392039,1,0.458536,-34.4549,0.29896,13.6966,0.154173,2.12019,-0.0364232,-145.842,-95.2866,72.6415,-127.065,-13.2071,2.89445,1.24137,0.0422733,0.420256,-0.0319215,-2.37711,0.0692373,2.73967,-0.862403,-0.00181918,0.00464274,-0.000194622,0.00390604,0.000157614,0.0030648,-0.0012527,
1.837,0,0,0,0,0,0,0,0,0,0,0,0,0,0,0,0,-0.0249418,0.99957,0.0147776,0,0.998066,0.0257382,-0.0564104,0,-0.0567675,0.0133423,-0.998298,0,0.487309,0.00271667,0.039195,1,0.498209,-34.3399,0.29896,13.6966,0.154173,2.22365,-0.00346424,-151.437,24.3997,2.58121,-10.2092,-25.997,6.29413,31.2863,0.0423038,0.420326,-0.0318521,-2.37702,0.0692358,2.73965,-0.862408,0.000624024,-2.53649e-05,0.00293379,0.00822875,0.000269867,-0.000499518,-0.00324844,
1.871,0,0,0,0,0,0,0,0,0,0,0,0,0,0,0,0,-0.0250118,0.999568,0.0147944,0,0.998067,0.0258085,-0.0563629,0,-0.0567215,0.0133563,-0.998301,0,0.487359,0.00275408,0.0392021,1,0.347452,-34.3399,0.148203,13.6966,0.190794,2.27949,-0.0364232,-105.257,131.118,-105.963,-8.67567,8.17969,-2.80304,29.2017,0.0423219,0.420383,-0.0318033,-2.37688,0.0692285,2.73963,-0.862406,0.00138964,0.000423445,0.0033657,0.00245012,0.000110465,0.000207105,-0.00117018,
1.905,0,0,0,0,0,0,0,0,0,0,0,0,0,0,0,0,-0.0251098,0.999565,0.0148168,0,0.998064,0.0259078,-0.0563788,0,-0.0567392,0.0133728,-0.998299,0,0.487363,0.0028046,0.0391904,1,0.236368,-34.3795,0.037119,13.7363,0.221007,2.2859,-0.0501561,-89.6372,-82.7096,-85.0854,88.7142,-4.2922,12.5398,72.5587,0.0423529,0.420425,-0.0317404,-2.37685,0.0692203,2.73962,-0.862408,0.00190134,0.00088678,0.00279748,-0.000718878,-1.19933e-05,-0.000104919,-0.000708145,
1.939,0,0,0,0,0,0,0,0,0,0,0,0,0,0,0,0,-0.0251935,0.999563,0.0148318,0,0.998063,0.0259918,-0.0563544,0,-0.0567164,0.0133836,-0.998301,0,0.487375,0.00285628,0.0391972,1,0.236368,-34.2645,0.0728246,13.6966,0.232909,2.27217,-0.0895238,-74.2637,-83.7388,-113.597,51.9863,20.2358,9.29341,-6.95275,0.0424115,0.420424,-0.0316999,-2.37683,0.069219,2.73962,-0.862394,0.000475271,0.00121095,0.00149074,0.00022268,-0.000205389,0.000123815,0.00100687,
1.973,0,0,0,0,0,0,0,0,0,0,0,0,0,0,0,0,-0.0252111,0.999562,0.014838,0,0.998065,0.0260092,-0.05631,0,-0.0566724,0.0133899,-0.998303,0,0.487423,0.00286746,0.0392155,1,0.498209,-34.5263,0.263254,13.6609,0.214598,2.34816,-0.122483,-84.8882,-168.495,-39.7769,-98.2116,3.66945,-2.07743,-11.6247,0.0424213,0.420447,-0.0316915,-2.37671,0.069221,2.73957,-0.862393,0.000478326,0.00224209,-0.00341638,0.00397808,0.00020562,-0.000401125,0.00190104,
2.007,0,0,0,0,0,0,0,0,0,0,0,0,0,0,0,0,-0.0251674,0.999564,0.0148283,0,0.998066,0.025965,-0.0563099,0,-0.0566714,0.0133827,-0.998303,0,0.487477,0.0028423,0.0391866,1,0.609293,-34.3795,0.410044,13.6609,0.202696,2.36189,-0.0364232,-71.666,-62.8614,-75.2152,-100.809,-27.3772,12.1115,5.51344,0.0423878,0.420621,-0.0317079,-2.37651,0.0692209,2.73954,-0.862395,0.000354915,0.00547694,0.000152548,0.0131149,0.000199646,-0.000451012,-0.000759423,
2.041,0,0,0,0,0,0,0,0,0,0,0,0,0,0,0,0,-0.0250702,0.999566,0.0148119,0,0.998068,0.0258671,-0.0563122,0,-0.056672,0.0133718,-0.998303,0,0.487556,0.00278937,0.0391452,1,0.684672,-34.4549,0.449717,13.5895,0.209105,2.32069,-0.0236058,-55.002,-87.9764,-143.281,74.2999,-2.94998,-21.9056,35.5313,0.0423138,0.42087,-0.031739,-2.37621,0.0692214,2.73949,-0.862397,-0.003238,0.0114543,0.000593121,0.0130211,-0.000116553,-0.00151948,-0.00220019,
2.075,0,0,0,0,0,0,0,0,0,0,0,0,0,0,0,0,-0.0249579,0.99957,0.0147779,0,0.998073,0.0257526,-0.056279,0,-0.0566364,0.0133451,-0.998306,0,0.487677,0.00272176,0.0390881,1,0.795756,-34.4153,0.671885,13.6966,0.190794,2.34175,-0.0236058,-136.543,-38.0727,-91.5518,41.6346,-2.21642,20.8139,76.845,0.0422449,0.421229,-0.0318002,-2.37579,0.0692199,2.73946,-0.862401,-0.00657252,0.014272,-0.00149693,0.012668,0.000250394,-0.00172928,-0.00297117,
2.109,0,0,0,0,0,0,0,0,0,0,0,0,0,0,0,0,-0.0248339,0.999573,0.0147405,0,0.998075,0.025627,-0.0562998,0,-0.0566546,0.0133143,-0.998305,0,0.487849,0.00264915,0.039019,1,0.795756,-34.3399,0.600474,13.6966,0.196288,2.36189,-0.129807,69.0565,58.7143,45.2229,-33.0746,-2.64226,18.3931,-39.4821,0.0421866,0.421719,-0.0318838,-2.37514,0.0692182,2.73928,-0.8624,-0.00399983,0.0157584,-0.00098568,0.0198188,0.000142714,-0.00838987,-0.00185122,
2.143,0,0,0,0,0,0,0,0,0,0,0,0,0,0,0,0,-0.0247953,0.999575,0.0147144,0,0.998076,0.0255871,-0.0563135,0,-0.0566672,0.0132901,-0.998305,0,0.488107,0.00259422,0.0389934,1,0.756083,-34.3399,0.671885,13.7363,0.239317,2.38295,-0.0831151,-176.257,134.825,47.4755,46.0691,14.4119,21.0549,15.8037,0.0421611,0.422235,-0.0319735,-2.37424,0.0692087,2.73888,-0.862444,0.00104986,0.0105516,-0.00307991,0.0331196,-0.000305915,-0.0173015,0.00136121,
2.177,0,0,0,0,0,0,0,0,0,0,0,0,0,0,0,0,-0.0247744,0.999575,0.0147203,0,0.998063,0.0255696,-0.0565387,0,-0.0568921,0.0132913,-0.998292,0,0.488382,0.00254571,0.0389908,1,0.831461,-34.4153,0.711558,13.9188,0.2265,2.42415,-0.129807,-74.3122,-11.1294,74.066,67.0284,12.0681,27.3195,-27.6239,0.0421347,0.42275,-0.0320631,-2.37315,0.0692053,2.73807,-0.862509,-0.000273855,0.00967425,-0.00501221,0.0346367,7.80358e-05,-0.0192673,0.00198698,
2.211,0,0,0,0,0,0,0,0,0,0,0,0,0,0,0,0,-0.0247385,0.999576,0.0147137,0,0.998054,0.0255358,-0.0567232,0,-0.057076,0.0132821,-0.998281,0,0.488659,0.00248203,0.039,1,0.871134,-34.4549,0.711558,13.7363,0.26953,2.42415,-0.0501561,-21.2662,-39.9649,-72.2195,-87.6742,30.322,6.07775,13.4542,0.0421061,0.423233,-0.032177,-2.37208,0.0691989,2.7373,-0.86258,0.00125466,0.0163664,-0.0066968,0.0343469,-0.000610573,-0.0189991,-0.000165729,
2.245,0,0,0,0,0,0,0,0,0,0,0,0,0,0,0,0,-0.0247282,0.999577,0.0146942,0,0.998041,0.0255273,-0.056946,0,-0.0572981,0.0132575,-0.998269,0,0.488872,0.00240309,0.0389638,1,1.01792,-34.4549,0.862314,13.8077,0.26953,2.41774,-0.0300145,57.6742,-108.58,-33.4345,-114.554,31.4654,-27.1986,-9.82542,0.0420696,0.423735,-0.0323043,-2.37118,0.069191,2.73668,-0.8627,-0.00196857,0.0141975,-0.00168485,0.0252268,-0.000502484,-0.0176378,-0.0103805,
2.279,0,0,0,0,0,0,0,0,0,0,0,0,0,0,0,0,-0.0247869,0.999575,0.0146799,0,0.998031,0.0255872,-0.0571008,0,-0.0574533,0.0132359,-0.99826,0,0.489038,0.00234456,0.0389118,1,0.942545,-34.3399,0.822641,13.9545,0.281432,2.40401,-0.0565648,-128.551,-10.5707,11.3797,-140.575,32.836,5.9852,-40.2876,0.0420432,0.42419,-0.032397,-2.37047,0.0691896,2.73626,-0.862858,0.002437,0.00949657,0.000582776,0.0130378,-0.000256917,-0.00292335,-0.00142016,
2.313,0,0,0,0,0,0,0,0,0,0,0,0,0,0,0,0,-0.0248497,0.999574,0.014677,0,0.998026,0.0256505,-0.057162,0,-0.0575152,0.0132278,-0.998257,0,0.489188,0.00233266,0.0388859,1,0.831461,-34.4153,0.711558,13.9902,0.323546,2.4864,-0.0428319,-91.0652,-2.40463,-58.9166,54.1751,-6.13653,2.78758,-10.8962,0.0420461,0.424528,-0.03243,-2.36991,0.0691801,2.73597,-0.862929,0.0014347,0.00663538,-0.00401033,0.0202087,-0.000516989,-0.0120327,-0.00133103,
2.347,0,0,0,0,0,0,0,0,0,0,0,0,0,0,0,0,-0.0249472,0.999571,0.0146963,0,0.998015,0.0257508,-0.057299,0,-0.057654,0.0132379,-0.998249,0,0.489357,0.00234468,0.0388595,1,0.871134,-34.5263,0.747263,14.137,0.305235,2.45253,-0.0300145,43.9198,-31.365,91.5146,78.7093,-3.72176,-16.3304,-15.3893,0.0420597,0.424915,-0.0324345,-2.36922,0.0691742,2.73553,-0.863,-0.00055175,0.00974429,-0.00172643,0.0277767,0.000219105,-0.0220084,1.26246e-05,
2.381,0,0,0,0,0,0,0,0,0,0,0,0,0,0,0,0,-0.0249383,0.999571,0.0147068,0,0.998002,0.0257456,-0.057529,0,-0.057884,0.013243,-0.998235,0,0.489573,0.00229893,0.03885,1,1.05363,-34.4549,0.89802,14.0259,0.323546,2.45253,-0.0236058,150.213,18.9756,-5.78452,-23.763,-4.64353,17.5134,25.4737,0.0420191,0.425349,-0.0325023,-2.36832,0.0691706,2.73483,-0.863074,-0.0038309,0.0153664,-0.00267638,0.0335453,9.96089e-05,-0.0207455,-0.00321944,
2.415,0,0,0,0,0,0,0,0,0,0,0,0,0,0,0,0,-0.0250528,0.999568,0.0147312,0,0.997983,0.025865,-0.057807,0,-0.0581642,0.0132535,-0.998219,0,0.489853,0.00226204,0.0388653,1,1.0933,-34.6771,0.937693,14.0259,0.341856,2.54866,-0.0693822,153.619,-150.44,31.1476,-105.462,-1.07488,-6.89644,-30.86,0.0420022,0.425835,-0.0325834,-2.36718,0.0691636,2.73389,-0.863253,-0.00251032,0.0136643,-0.00370896,0.0395682,-0.000979945,-0.034758,0.00135227,
2.449,0,0,0,0,0,0,0,0,0,0,0,0,0,0,0,0,-0.0249589,0.99957,0.0147662,0,0.997946,0.0257823,-0.0584818,0,-0.0588384,0.0132765,-0.998179,0,0.490115,0.00220209,0.0388801,1,1.0933,-34.6771,0.973398,14.2838,0.311644,2.53493,-0.0629735,-48.7196,90.047,37.2105,126.328,-11.908,23.6221,-50.1614,0.0419862,0.426357,-0.0327209,-2.36583,0.0691623,2.73239,-0.863275,-0.00361956,0.0116402,-0.00370773,0.0402267,0.000351646,-0.0478001,0.00182177,
2.483,0,0,0,0,0,0,0,0,0,0,0,0,0,0,0,0,-0.024917,0.999571,0.0147825,0,0.997911,0.0257495,-0.0590885,0,-0.0594449,0.0132796,-0.998143,0,0.49045,0.00208978,0.0389394,1,1.20439,-34.8675,1.08448,14.1727,0.34735,2.61091,-0.0171971,-17.4499,-16.6419,48.686,61.5003,33.9665,13.9819,3.41774,0.0419446,0.426874,-0.0329343,-2.36431,0.0691551,2.73076,-0.863435,-0.0025131,0.0131613,-0.00177355,0.0461186,-0.000977543,-0.050046,-0.00695542,
2.517,0,0,0,0,0,0,0,0,0,0,0,0,0,0,0,0,-0.0249348,0.99957,0.0148206,0,0.997882,0.0257758,-0.0595639,0,-0.0599214,0.0133042,-0.998114,0,0.49081,0.00199293,0.0390143,1,1.39085,-35.054,1.19953,14.1013,0.323546,2.62465,-0.0501561,27.3771,-93.6747,64.4623,-39.2374,4.43516,-5.2977,3.6022,0.0418671,0.427372,-0.0330868,-2.3628,0.0691562,2.72926,-0.863641,-0.00366656,0.0159852,-0.00154632,0.0430182,-7.09508e-05,-0.0426258,-0.0132387,
2.551,0,0,0,0,0,0,0,0,0,0,0,0,0,0,0,0,-0.0249366,0.999568,0.0148978,0,0.99784,0.0257915,-0.0602502,0,-0.0606096,0.0133634,-0.998072,0,0.491163,0.00194867,0.0390741,1,1.20439,-35.2404,1.12416,14.2481,0.317137,2.70796,-0.0693822,-34.7847,59.9203,110.14,-68.8817,-15.8288,-4.05048,-93.8375,0.0418151,0.427934,-0.0331756,-2.36115,0.069157,2.72749,-0.863747,-0.00149758,0.0153081,-0.00334983,0.0544247,0.00019904,-0.0486202,0.000628553,
2.585,0,0,0,0,0,0,0,0,0,0,0,0,0,0,0,0,-0.0249335,0.999567,0.0149841,0,0.9978,0.0258025,-0.0609088,0,-0.0612702,0.0134328,-0.998031,0,0.491634,0.00194395,0.0391052,1,1.20439,-35.542,1.0091,14.2481,0.329039,2.71437,-0.0300145,-111.741,7.33884,-94.9033,19.7226,-9.20944,-5.06532,46.1321,0.0417914,0.428775,-0.0332225,-2.35911,0.0691556,2.72561,-0.863771,-0.00261158,0.0297408,0.000561631,0.0662119,0.000308249,-0.0454251,-0.000960765,
2.619,0,0,0,0,0,0,0,0,0,0,0,0,0,0,0,0,-0.0249706,0.999566,0.0150124,0,0.997804,0.0258401,-0.0608232,0,-0.0611859,0.0134609,-0.998036,0,0.492534,0.00193973,0.039106,1,1.05363,-35.4269,0.89802,14.502,0.377562,2.69423,-0.0767064,-69.5738,52.6932,70.4794,6.1193,-7.29349,-36.769,-44.8759,0.04176,0.430317,-0.0332541,-2.35608,0.0691454,2.72421,-0.863802,-0.00578854,0.0587137,0.00127372,0.107659,-0.000124419,-0.0364563,0.000515161,
2.653,0,0,0,0,0,0,0,0,0,0,0,0,0,0,0,0,-0.0253711,0.999556,0.0150096,0,0.997861,0.0262249,-0.059719,0,-0.0600872,0.0134626,-0.998102,0,0.494187,0.00210788,0.0390219,1,0.533915,-35.8395,0.29896,13.772,0.444396,2.56972,0.0432277,83.8891,-28.2647,46.971,-95.1593,4.31539,10.8709,10.4027,0.0419039,0.433223,-0.0331315,-2.35112,0.0691051,2.72326,-0.863814,0.00584363,0.109326,0.00205922,0.174548,-0.00481973,-0.0262178,-0.00153926,
2.687,0,0,0,0,0,0,0,0,0,0,0,0,0,0,0,0,-0.0259269,0.999542,0.0149897,0,0.997959,0.026753,-0.0578186,0,-0.0581943,0.0134603,-0.998215,0,0.496808,0.00240906,0.0387735,1,0.387125,-35.5777,0.263254,13.9188,0.444396,2.37654,-0.0959325,-149.072,109.957,-69.2673,33.3171,1.54794,0.872811,-4.544,0.042192,0.438123,-0.0329173,-2.34325,0.069101,2.7222,-0.863735,0.0100709,0.161731,0.00433153,0.269557,-0.000239012,-0.038289,0.0019247,
2.721,0,0,0,0,0,0,0,0,0,0,0,0,0,0,0,0,-0.0257987,0.999547,0.0148664,0,0.998071,0.0265925,-0.0559351,0,-0.0563062,0.0133949,-0.998324,0,0.500125,0.00254801,0.0382683,1,0.609293,-36.0299,0.485422,13.6609,0.389464,2.41774,-0.0171971,-43.3758,-63.8397,-7.13665,47.5702,-40.6977,-0.388562,-13.998,0.0423292,0.444934,-0.0328819,-2.33279,0.0691105,2.72044,-0.863252,0.0012666,0.215328,0.00644627,0.334922,-0.000480735,-0.0650185,0.0123771,
2.755,0,0,0,0,0,0,0,0,0,0,0,0,0,0,0,0,-0.0258737,0.999547,0.0147512,0,0.998163,0.0266384,-0.0542444,0,-0.0546138,0.0133209,-0.998419,0,0.504122,0.00256744,0.0375253,1,1.16868,-35.6927,1.0091,13.6609,0.402281,2.22365,0.00935314,36.6349,-214.866,119.88,54.2525,12.4064,7.80997,-11.1127,0.0422539,0.45361,-0.0329043,-2.31964,0.0691055,2.71765,-0.863175,-0.00684701,0.272343,-0.00187032,0.416994,0.000363605,-0.0788881,0.00162216,
2.789,0,0,0,0,0,0,0,0,0,0,0,0,0,0,0,0,-0.0261471,0.999542,0.0145962,0,0.99828,0.0268724,-0.0519293,0,-0.0522988,0.0132135,-0.998544,0,0.508823,0.00260145,0.0365749,1,1.01792,-35.9546,0.822641,13.7363,0.456297,1.98927,0.102737,-51.9929,8.47667,-118.916,165.634,6.75395,-8.01422,-16.3193,0.0421589,0.463964,-0.0328912,-2.30427,0.0690995,2.71495,-0.86324,0.000267765,0.325825,-0.000372339,0.46799,-0.000309014,-0.0848619,0.00038417,
2.823,0,0,0,0,0,0,0,0,0,0,0,0,0,0,0,0,-0.0264751,0.999534,0.0145269,0,0.99836,0.0271736,-0.0502027,0,-0.050575,0.0131742,-0.998633,0,0.513779,0.00272898,0.035624,1,0.90684,-36.4782,0.822641,14.1727,0.456297,2.20351,0.0230861,70.8594,-42.6369,67.5103,10.4735,16.9573,42.9946,-54.8378,0.0421896,0.47488,-0.0328757,-2.28749,0.0691064,2.7108,-0.863212,-0.000280412,0.32939,-0.00149875,0.507576,0.000129438,-0.16479,0.00442748,
2.857,0,0,0,0,0,0,0,0,0,0,0,0,0,0,0,0,-0.0267008,0.999527,0.0145941,0,0.998362,0.0274003,-0.0500371,0,-0.0504143,0.0132344,-0.998641,0,0.51869,0.00281434,0.0346272,1,1.31547,-37.1924,1.12416,13.2602,0.444396,1.98195,0.0761866,27.0403,-95.4181,24.5185,8.09084,-1.94115,10.7245,-5.16698,0.0421341,0.486131,-0.032921,-2.26963,0.0691198,2.70434,-0.863203,-0.00632649,0.336431,-0.00129449,0.54587,0.000790452,-0.194588,0.00138381,
2.891,0,0,0,0,0,0,0,0,0,0,0,0,0,0,0,0,-0.0269261,0.999521,0.0146038,0,0.998399,0.0276143,-0.049173,0,-0.0495537,0.0132567,-0.998683,0,0.523852,0.00287895,0.0335246,1,1.20439,-36.9662,1.08448,14.2481,0.474608,1.98195,0.0761866,78.5869,-57.6401,67.0965,-107.721,17.3884,-47.6425,-19.7046,0.0420073,0.497997,-0.0329261,-2.25118,0.0691249,2.69861,-0.863203,-0.00479334,0.325811,-0.00294313,0.520402,-0.00101642,-0.160409,0.00557041,
2.925,0,0,0,0,0,0,0,0,0,0,0,0,0,0,0,0,-0.0272174,0.999512,0.0146746,0,0.998414,0.0279024,-0.0486918,0,-0.0490785,0.0133263,-0.998706,0,0.528887,0.00300081,0.0325442,1,1.0933,-37.117,1.04878,14.5734,0.50482,2.06526,0.162246,110.457,71.5222,240.973,-214.362,1.36421,-68.1872,57.6111,0.0419674,0.509421,-0.0329356,-2.23286,0.0691312,2.69217,-0.863181,-0.00113298,0.323967,-0.00302944,0.5276,-0.000251447,-0.230986,0.00412266,
2.959,0,0,0,0,0,0,0,0,0,0,0,0,0,0,0,0,-0.027414,0.999505,0.014828,0,0.998371,0.0281165,-0.049448,0,-0.0498414,0.0134486,-0.998667,0,0.533431,0.00310608,0.0316148,1,1.16868,-37.4185,1.08448,14.2838,0.444396,2.01674,0.129287,-127.683,-9.90763,1.82683,41.2003,-8.82292,16.2492,-4.01445,0.0419524,0.520098,-0.0330211,-2.21532,0.0691523,2.68453,-0.86313,-0.000523432,0.316089,-0.00309526,0.53353,0.000541402,-0.204976,0.00579756,
2.993,0,0,0,0,0,0,0,0,0,0,0,0,0,0,0,0,-0.0272981,0.999507,0.0149101,0,0.998385,0.028002,-0.0492375,0,-0.0496317,0.0135422,-0.998676,0,0.537895,0.00309971,0.0310317,1,1.39085,-38.0533,1.19953,14.502,0.414183,2.23097,0.148513,0.905363,-17.5586,94.4214,83.9452,10.8885,60.2105,-20.9573,0.0418136,0.529608,-0.0331674,-2.19889,0.0691844,2.6778,-0.862959,-0.00337182,0.265079,-0.005021,0.474156,-0.000785312,-0.208213,0.0031254,
3.027,0,0,0,0,0,0,0,0,0,0,0,0,0,0,0,0,-0.0273845,0.9995,0.0151769,0,0.998344,0.028112,-0.0499969,0,-0.0503995,0.0137829,-0.998634,0,0.542084,0.00312061,0.0307361,1,1.39085,-39.4061,1.12416,15.1249,0.432494,2.2447,0.268447,-33.0662,-90.288,50.9436,-189.27,11.5882,53.3076,35.004,0.0415684,0.538137,-0.0332182,-2.18283,0.0691824,2.66949,-0.86298,-0.00634274,0.238494,-0.000885988,0.458186,-3.05335e-05,-0.262823,-0.00197693,
3.061,0,0,0,0,0,0,0,0,0,0,0,0,0,0,0,0,-0.0272028,0.999503,0.0153291,0,0.998197,0.0279789,-0.0529231,0,-0.0533267,0.0138621,-0.998481,0,0.545168,0.0029193,0.0304457,1,2.02165,-38.7674,2.47303,15.7438,0.48651,2.6457,0.327957,53.6799,-290.099,223.792,-410.343,26.7789,164.236,25.7842,0.0414994,0.545123,-0.0337885,-2.16915,0.0691652,2.65984,-0.863041,0.00251178,0.159722,-0.0331482,0.352039,0.00991619,-0.283683,-0.00893054,
3.095,0,0,0,0,0,0,0,0,0,0,0,0,0,0,0,0,-0.0269535,0.999509,0.0153776,0,0.998008,0.0277818,-0.0564701,0,-0.0568706,0.0138252,-0.998286,0,0.547228,0.00237796,0.0307704,1,2.58103,-39.8187,2.61982,16.5491,0.535033,2.91487,0.201614,-125.396,3.92116,11.5738,68.6236,-38.3709,32.0718,-67.9231,0.0413389,0.548889,-0.0348174,-2.15913,0.0691472,2.64999,-0.863582,-0.00319039,0.0861761,-0.0322493,0.25815,0.000636004,-0.290588,-0.0134644,
3.129,0,0,0,0,0,0,0,0,0,0,0,0,0,0,0,0,-0.0264608,0.999517,0.0157207,0,0.997838,0.0273537,-0.0595921,0,-0.0599945,0.0141101,-0.998099,0,0.548455,0.00204296,0.0314383,1,2.3549,-40.1559,2.32228,16.1087,0.516722,3.07417,0.181472,-90.8202,21.9049,132.013,87.2341,11.387,10.2682,22.6881,0.0408616,0.550208,-0.0351864,-2.1527,0.0691487,2.64172,-0.863723,-0.0148588,0.0219819,-0.00522306,0.149504,-9.18418e-05,-0.210872,-0.00114876,
3.163,0,0,0,0,0,0,0,0,0,0,0,0,0,0,0,0,-0.0261066,0.99952,0.0161212,0,0.997691,0.0270611,-0.0621457,0,-0.0625533,0.0144618,-0.997937,0,0.54883,0.00191223,0.0318795,1,1.94627,-39.8187,1.94538,16.1841,0.546935,3.12269,0.201614,-48.8958,-24.3521,199.569,-39.4086,14.5684,-23.033,91.2269,0.0403835,0.550388,-0.0351311,-2.14968,0.0691456,2.63631,-0.863722,-0.0060273,0.00134858,0.000944226,0.0556765,-0.00111015,-0.134405,-0.0072682,
3.197,0,0,0,0,0,0,0,0,0,0,0,0,0,0,0,0,-0.0261275,0.999516,0.0163145,0,0.997589,0.0271173,-0.0637263,0,-0.0641391,0.0146104,-0.997834,0,0.548682,0.00198111,0.031924,1,1.57731,-39.5926,1.386,16.3666,0.558836,2.79768,0.0761866,145.014,-28.1809,-165.74,5.50993,9.61569,2.24717,-1.32274,0.0403769,0.550352,-0.0350699,-2.14907,0.0691412,2.63407,-0.863683,-0.000589511,-0.000625415,0.00320438,-0.00170194,-0.000318972,-0.0152966,0.00322018,
3.231,0,0,0,0,0,0,0,0,0,0,0,0,0,0,0,0,-0.0261675,0.999514,0.0163375,0,0.997586,0.0271591,-0.0637551,0,-0.0641691,0.01463,-0.997832,0,0.548575,0.00205169,0.0319121,1,1.53764,-39.1443,1.46137,16.2912,0.540526,2.69423,0.0624537,-61.5236,7.34666,-54.3478,-43.9235,-4.37612,-5.22427,-29.5414,0.0404455,0.550187,-0.0350106,-2.14943,0.0691453,2.63424,-0.863617,0.00431362,-0.00919985,0.00493878,-0.0140812,0.000234854,0.0154347,0.00639237,
3.265,0,0,0,0,0,0,0,0,0,0,0,0,0,0,0,0,-0.0260452,0.999518,0.0163342,0,0.997598,0.0270349,-0.0636223,0,-0.0640344,0.0146382,-0.99784,0,0.548485,0.00211879,0.031912,1,1.35118,-39.18,1.27491,16.1484,0.535033,2.81142,0.089004,53.3443,130.851,-93.1069,35.6701,-3.46234,4.16602,12.7384,0.0405142,0.549988,-0.0349523,-2.14987,0.0691467,2.63462,-0.863387,0.00348336,-0.00113627,0.00194818,-0.00881766,-0.000151332,0.00524424,0.00703885,
3.299,0,0,0,0,0,0,0,0,0,0,0,0,0,0,0,0,-0.0258816,0.999522,0.0163244,0,0.997596,0.0268725,-0.0637263,0,-0.0641358,0.0146361,-0.997834,0,0.548418,0.00214087,0.031872,1,1.91056,-39.4418,1.87397,16.2555,0.48651,2.79036,-0.00346424,76.3842,18.9777,139.302,-4.68364,-22.6352,8.19846,-13.6822,0.0405557,0.549984,-0.0349503,-2.15001,0.0691524,2.63466,-0.863189,0.00147153,0.000367701,0.00648381,2.95344e-05,0.000363755,0.00372441,0.00298392,
3.333,0,0,0,0,0,0,0,0,0,0,0,0,0,0,0,0,-0.0258295,0.999524,0.0163129,0,0.997601,0.026819,-0.0636689,0,-0.0640773,0.0146295,-0.997838,0,0.548383,0.00211187,0.0318447,1,1.87486,-39.2196,1.68354,16.2198,0.480101,2.73543,0.069778,39.3122,37.1078,96.7756,-122.232,-17.8028,0.484306,-42.8249,0.0405071,0.549971,-0.0349476,-2.15017,0.0691532,2.63486,-0.863188,-0.00169113,-0.00191164,0.00107168,-0.00761555,-0.000890389,0.0123583,0.000670172,
3.367,0,0,0,0,0,0,0,0,0,0,0,0,0,0,0,0,-0.0259013,0.999522,0.0163033,0,0.997607,0.0268881,-0.0635432,0,-0.0639524,0.0146187,-0.997846,0,0.548263,0.00216105,0.0317794,1,1.57731,-39.18,1.4217,16.3666,0.50482,2.71437,0.0359034,134.051,-44.6813,83.8546,-180.425,13.6669,-52.2974,-52.2134,0.0405629,0.549878,-0.0349003,-2.15067,0.0691505,2.63539,-0.863175,-0.00045142,-0.00725515,0.00199504,-0.0183627,-0.000230902,0.0243422,0.00424947,
3.401,0,0,0,0,0,0,0,0,0,0,0,0,0,0,0,0,-0.0259154,0.999522,0.0162959,0,0.997617,0.0268993,-0.0633806,0,-0.0637898,0.0146149,-0.997856,0,0.547984,0.00225631,0.031654,1,1.42655,-38.9935,1.34632,16.3309,0.462706,2.65211,0.0359034,42.3476,-52.8087,74.6675,94.4853,3.75323,22.5878,-11.2244,0.0406554,0.549625,-0.0347955,-2.15174,0.0691583,2.63638,-0.863042,0.00353226,-0.0106005,-0.0013306,-0.0498808,0.000259457,0.0427085,0.00466614,
3.435,0,0,0,0,0,0,0,0,0,0,0,0,0,0,0,0,-0.0257857,0.999526,0.0162109,0,0.997676,0.0267519,-0.0625157,0,-0.062921,0.0145615,-0.997912,0,0.547623,0.00233912,0.0315193,1,1.46623,-38.7317,1.31062,16.0373,0.419676,2.50014,0.0825953,-58.9065,-27.5122,110.017,38.5064,0.223518,-21.4229,63.6211,0.0407426,0.549087,-0.0346724,-2.15365,0.0691693,2.63863,-0.862775,0.00161923,-0.0164593,0.00626774,-0.0713594,0.000420852,0.0836041,-0.00204825,
3.469,0,0,0,0,0,0,0,0,0,0,0,0,0,0,0,0,-0.0257454,0.999529,0.0161436,0,0.997742,0.0266923,-0.0614732,0,-0.0618763,0.0145248,-0.997978,0,0.547141,0.00242926,0.0313168,1,1.24009,-38.5412,1.12416,16.1841,0.359251,2.32069,-0.00987293,43.6844,137.191,114.178,56.0337,-30.0437,-34.4992,-14.426,0.0407573,0.548453,-0.0344541,-2.15608,0.069181,2.64148,-0.862603,0.000133295,-0.0193938,0.00744016,-0.0743217,0.00113548,0.089133,0.000619945,
3.503,0,0,0,0,0,0,0,0,0,0,0,0,0,0,0,0,-0.0256592,0.999532,0.0160658,0,0.997817,0.0265842,-0.0602876,0,-0.0606876,0.0144841,-0.998052,0,0.546614,0.00255092,0.0310996,1,1.16868,-38.3944,0.973398,15.8191,0.34735,2.09273,-0.0364232,-25.845,-92.4335,43.1067,-43.9731,2.4645,-13.5531,-18.2557,0.0408002,0.547743,-0.0341998,-2.15878,0.0691871,2.64467,-0.862328,-0.00254042,-0.0196349,0.00944327,-0.0862889,0.00176449,0.101497,0.0150612,
3.537,0,0,0,0,0,0,0,0,0,0,0,0,0,0,0,0,-0.0256655,0.999533,0.0160192,0,0.997896,0.0265687,-0.0589833,0,-0.0593825,0.014472,-0.99813,0,0.546155,0.00271748,0.0309056,1,1.0933,-38.2794,0.862314,15.597,0.323546,1.91328,-0.0693822,67.8712,-62.2209,-182.026,-7.0371,2.62528,29.5039,-35.4191,0.0408514,0.547083,-0.0338823,-2.16132,0.0691945,2.64788,-0.862078,0.00333415,-0.0171451,0.00673929,-0.075947,8.5624e-05,0.0991684,0.00944348,
3.571,0,0,0,0,0,0,0,0,0,0,0,0,0,0,0,0,-0.0256485,0.999535,0.0159254,0,0.99799,0.0265233,-0.057392,0,-0.0577888,0.0144216,-0.998225,0,0.545753,0.00284258,0.0307248,1,0.982218,-37.9818,0.786936,15.597,0.305235,1.82997,-0.0501561,81.1266,60.4268,-2.28181,33.467,-13.3527,-10.0449,-9.20403,0.0408846,0.546442,-0.0336085,-2.16387,0.0691966,2.6514,-0.861855,0.00228908,-0.0202363,0.00238166,-0.0747266,0.000289802,0.0988375,0.00805209,
3.605,0,0,0,0,0,0,0,0,0,0,0,0,0,0,0,0,-0.0256429,0.999537,0.0157743,0,0.99808,0.0264865,-0.0558239,0,-0.056217,0.0143128,-0.998316,0,0.545311,0.00293767,0.0304764,1,0.871134,-37.6407,0.711558,15.2677,0.317137,1.62306,-0.0171971,-89.572,-104.246,39.5693,0.555364,-5.27412,-27.7682,12.0412,0.0409745,0.545906,-0.0334258,-2.1665,0.0691999,2.65507,-0.861669,0.0062179,-0.0141302,0.00527767,-0.0830268,-0.000258096,0.116339,0.00222045,
3.639,0,0,0,0,0,0,0,0,0,0,0,0,0,0,0,0,-0.02569,0.999539,0.0155665,0,0.998209,0.0264885,-0.0534685,0,-0.0538572,0.0141653,-0.998448,0,0.544977,0.00303491,0.0302283,1,0.90684,-37.1924,0.671885,14.9781,0.305235,1.37404,-0.0831151,37.7122,-50.7178,-58.9648,-185.796,6.7002,-9.0549,-8.11202,0.0410575,0.545412,-0.03321,-2.16931,0.0692013,2.65976,-0.861515,0.00482473,-0.0115221,0.0106511,-0.0816565,0.000323743,0.135503,0.00391844,
3.673,0,0,0,0,0,0,0,0,0,0,0,0,0,0,0,0,-0.025653,0.999543,0.0153548,0,0.998334,0.0264071,-0.0511054,0,-0.0514886,0.0140185,-0.998575,0,0.544673,0.00314061,0.0299661,1,1.01792,-36.8908,0.89802,14.7599,0.281432,1.10487,-0.103257,-19.5423,81.807,124.716,22.9114,-19.4963,0.688348,9.70568,0.0411504,0.545016,-0.0329897,-2.17199,0.069204,2.66444,-0.861262,0.00720261,-0.0142632,0.00559344,-0.0736108,0.000240757,0.126731,0.00788172,
3.707,0,0,0,0,0,0,0,0,0,0,0,0,0,0,0,0,-0.025564,0.999548,0.0151743,0,0.998438,0.0262812,-0.0491165,0,-0.049494,0.0138953,-0.998678,0,0.544405,0.00322769,0.0297635,1,0.942545,-36.6687,0.747263,14.3909,0.281432,0.931838,-0.109665,-10.0075,11.2468,2.41564,-156.217,-0.887284,1.63263,-44.7419,0.0412281,0.544623,-0.032807,-2.17431,0.069204,2.66837,-0.860993,0.00416759,-0.0148426,0.00931138,-0.0650589,-2.20086e-05,0.111692,0.00905131,
3.741,0,0,0,0,0,0,0,0,0,0,0,0,0,0,0,0,-0.0256575,0.999549,0.015003,0,0.998521,0.0263419,-0.0473522,0,-0.0477269,0.0137661,-0.998766,0,0.544125,0.00330204,0.0296258,1,0.942545,-36.5536,0.711558,14.2838,0.275023,0.869582,-0.142624,-101.884,130.188,-126.087,105.136,-24.0318,-11.0255,-78.4317,0.0413472,0.5441,-0.0326934,-2.17654,0.0692047,2.67185,-0.860921,0.00469177,-0.0198863,0.00293022,-0.0658838,0.000515613,0.0974437,0.00398232,
3.775,0,0,0,0,0,0,0,0,0,0,0,0,0,0,0,0,-0.0255554,0.999553,0.0148585,0,0.998594,0.0262126,-0.0458583,0,-0.0462282,0.0136659,-0.998837,0,0.543805,0.00338691,0.0294802,1,0.644999,-36.3275,0.410044,13.9902,0.293334,0.758803,-0.0831151,45.9139,-56.7856,-25.6409,-121.924,15.6588,34.9017,1.75271,0.0414477,0.543582,-0.0325536,-2.1787,0.0692026,2.67501,-0.860647,0.00258406,-0.0155917,0.00283662,-0.0662187,-0.000360536,0.0926914,0.00268172,
3.809,0,0,0,0,0,0,0,0,0,0,0,0,0,0,0,0,-0.0256956,0.999552,0.0147199,0,0.998661,0.0263253,-0.0443173,0,-0.0446858,0.0135617,-0.998909,0,0.543403,0.00351368,0.0293736,1,0.573588,-36.2918,0.374338,14.0259,0.305235,0.661757,-0.129807,-99.0087,-72.7843,61.4377,-75.9838,10.3731,6.31075,-56.5044,0.0416266,0.542814,-0.0324098,-2.18123,0.069198,2.67832,-0.860538,0.0112619,-0.0209806,0.000462327,-0.0755655,-2.52061e-05,0.103527,0.00477547,
3.843,0,0,0,0,0,0,0,0,0,0,0,0,0,0,0,0,-0.0256168,0.999556,0.0145928,0,0.998713,0.0262256,-0.0431783,0,-0.0435427,0.0134682,-0.998961,0,0.542888,0.00364955,0.0293069,1,0.533915,-36.141,0.410044,13.9545,0.286925,0.530837,-0.0693822,-88.2802,183.748,78.0981,4.66015,2.33399,-18.1089,12.8349,0.041859,0.541823,-0.0323082,-2.1839,0.0691986,2.68115,-0.8602,0.00888058,-0.0329897,0.00505846,-0.083385,-3.8048e-05,0.0798186,0.0105366,
3.877,0,0,0,0,0,0,0,0,0,0,0,0,0,0,0,0,-0.0255033,0.99956,0.0145105,0,0.998751,0.0260979,-0.0423865,0,-0.0427474,0.0134117,-0.998996,0,0.542313,0.00373428,0.0292592,1,0.609293,-35.9903,0.410044,13.8791,0.26953,0.496047,-0.0831151,7.80189,6.95033,32.8937,87.1021,-23.2768,-26.975,25.1208,0.0419738,0.540744,-0.0321966,-2.18654,0.0692005,2.68353,-0.859937,0.00264932,-0.0378941,0.00228977,-0.0783537,0.000470385,0.0719374,-0.000442855,
3.911,0,0,0,0,0,0,0,0,0,0,0,0,0,0,0,0,-0.0254306,0.999562,0.014482,0,0.998745,0.0260265,-0.0425599,0,-0.042919,0.0133818,-0.998989,0,0.541414,0.0037755,0.029125,1,0.720377,-36.0656,0.449717,13.9545,0.286925,0.558303,-0.0629735,46.545,-127.237,-110.82,-134.55,5.82538,14.8848,19.3231,0.0420269,0.539484,-0.0321095,-2.1896,0.0691981,2.68516,-0.859805,0.00217106,-0.0422583,0.00243937,-0.10615,-5.88317e-05,0.0495634,0.00424984,
3.945,0,0,0,0,0,0,0,0,0,0,0,0,0,0,0,0,-0.025349,0.999565,0.0144558,0,0.998717,0.0259533,-0.0432715,0,-0.0436287,0.0133406,-0.998959,0,0.540153,0.0037451,0.0290056,1,0.756083,-36.2164,0.485422,14.0259,0.317137,0.731337,-0.103257,-24.9563,-61.6311,42.8314,-30.8724,-0.0273918,24.2881,47.6437,0.0420291,0.537637,-0.0320894,-2.1936,0.0691904,2.6866,-0.85979,-0.00066834,-0.064844,-0.000388677,-0.131201,-5.75685e-05,0.0353416,-0.000569292,
3.979,0,0,0,0,0,0,0,0,0,0,0,0,0,0,0,0,-0.0253429,0.999564,0.0144682,0,0.998669,0.0259623,-0.0443591,0,-0.0447162,0.013325,-0.998911,0,0.538466,0.00375783,0.0289354,1,0.533915,-35.9903,0.263254,14.3909,0.359251,0.676406,-0.116074,109.091,-41.8311,-73.2859,-43.7793,14.6193,-29.949,-47.1744,0.0420785,0.534976,-0.0320289,-2.1989,0.0691772,2.68815,-0.85979,0.000256269,-0.0914696,0.00129607,-0.172775,-0.000203318,0.054872,0.000554063,
4.013,0,0,0,0,0,0,0,0,0,0,0,0,0,0,0,0,-0.0252298,0.999567,0.014459,0,0.998602,0.0258693,-0.0458945,0,-0.0462495,0.0132811,-0.998842,0,0.536107,0.00372871,0.0288282,1,0.756083,-35.653,0.560801,14.1727,0.317137,0.828383,-0.202134,96.7708,36.1244,-62.6272,43.3667,13.5516,-24.3275,-49.0657,0.0421363,0.531291,-0.0320109,-2.20628,0.0691808,2.69032,-0.859773,0.00145273,-0.11472,-0.00157473,-0.240765,3.79812e-05,0.0775408,0.00177932,
4.047,0,0,0,0,0,0,0,0,0,0,0,0,0,0,0,0,-0.0250488,0.999573,0.0143804,0,0.998541,0.0257033,-0.0472861,0,-0.0476365,0.0131752,-0.998778,0,0.533167,0.00364761,0.0285992,1,0.684672,-35.7681,0.410044,14.2084,0.275023,0.869582,-0.208542,-124.758,87.7529,-144.189,156.062,8.43619,-24.4558,-2.84815,0.0421458,0.52687,-0.0319805,-2.21574,0.0691854,2.69397,-0.859773,0.0020386,-0.14757,0.00291324,-0.314756,-0.00241307,0.130677,-0.0036745,
4.081,0,0,0,0,0,0,0,0,0,0,0,0,0,0,0,0,-0.0248361,0.999581,0.01422,0,0.998522,0.0254898,-0.0478029,0,-0.0481463,0.013012,-0.998756,0,0.529804,0.00354133,0.0284385,1,0.720377,-35.3912,0.410044,14.0259,0.232909,0.980361,-0.155442,23.064,164.789,-110.041,-68.4191,-13.0857,-16.7747,57.8568,0.0421216,0.52139,-0.0319038,-2.22736,0.069195,2.69961,-0.85978,-0.00417775,-0.176505,0.00329479,-0.363685,0.000879346,0.167237,-0.00397946,
4.115,0,0,0,0,0,0,0,0,0,0,0,0,0,0,0,0,-0.0246873,0.999586,0.0141302,0,0.998457,0.025355,-0.0491999,0,-0.0495387,0.0128941,-0.998689,0,0.525728,0.0034928,0.0282392,1,0.498209,-35.5023,0.187876,14.5377,0.202696,1.15248,-0.142624,-153.977,18.5867,-75.7613,-148.902,4.43534,40.5138,89.6976,0.0421395,0.514952,-0.0317526,-2.24081,0.069203,2.70524,-0.859781,0.00017406,-0.18968,0.0111711,-0.413364,0.000171563,0.153453,-0.00261476,
4.149,0,0,0,0,0,0,0,0,0,0,0,0,0,0,0,0,-0.0244866,0.999592,0.0140308,0,0.99837,0.0251731,-0.051042,0,-0.0513754,0.0127584,-0.998598,0,0.521072,0.00342599,0.0279566,1,0.533915,-35.1294,0.29896,13.9902,0.136778,1.17354,-0.208542,55.8224,-52.938,69.5877,89.0952,0.796547,-69.429,40.3958,0.0421534,0.507851,-0.0316006,-2.25587,0.0692169,2.71137,-0.859769,-0.00130772,-0.211136,0.00300568,-0.454903,0.000605496,0.194097,-0.0012811,
4.183,0,0,0,0,0,0,0,0,0,0,0,0,0,0,0,0,-0.0241258,0.999604,0.013816,0,0.998319,0.0248163,-0.0521996,0,-0.0525228,0.0125337,-0.998541,0,0.516073,0.00326746,0.0276189,1,0.756083,-34.7921,0.449717,13.6609,0.0699449,1.05635,-0.328476,-51.5182,-133.2,92.2811,94.9174,-2.83316,-15.0196,-58.0237,0.0420938,0.500252,-0.0314843,-2.27248,0.0692605,2.71924,-0.859755,-0.0011421,-0.232655,0.00625551,-0.509134,0.00345968,0.279529,0.00209777,
4.217,0,0,0,0,0,0,0,0,0,0,0,0,0,0,0,0,-0.0238918,0.999612,0.0136236,0,0.998261,0.0245873,-0.053394,0,-0.0537093,0.0123245,-0.998481,0,0.510734,0.00316399,0.0273866,1,0.644999,-34.6017,0.223581,14.6131,0.0159288,1.27699,-0.361435,92.3886,116.608,-91.9152,262.29,15.0691,-42.629,-37.5741,0.0420657,0.491886,-0.0312925,-2.29021,0.0692718,2.72744,-0.859752,-0.000127014,-0.252643,0.00990146,-0.541683,0.0023711,0.23802,0.00269102,
4.251,0,0,0,0,0,0,0,0,0,0,0,0,0,0,0,0,-0.0237152,0.999618,0.0134634,0,0.99819,0.0244192,-0.0547854,0,-0.0550943,0.01214,-0.998407,0,0.504952,0.00311304,0.0271451,1,0.422831,-34.6414,0.187876,13.6609,0.058043,1.53975,-0.361435,-7.88961,115.316,71.1847,-195.07,5.90502,30.6219,-5.75639,0.0420832,0.482919,-0.0310302,-2.30921,0.0693271,2.7361,-0.859756,-0.00178368,-0.275097,0.00498294,-0.558996,0.00261782,0.25199,0.000919408,
4.285,0,0,0,0,0,0,0,0,0,0,0,0,0,0,0,0,-0.0228505,0.999641,0.0133082,0,0.99812,0.0235666,-0.0564044,0,-0.0566988,0.0119945,-0.998319,0,0.498669,0.00290734,0.0268037,1,1.24009,-33.4393,1.08448,13.5895,-0.0811171,0.924514,-0.427353,2.80579,-171.699,-29.0594,170.532,75.3687,-12.269,29.0938,0.0420044,0.473525,-0.0309176,-2.32956,0.0697364,2.74545,-0.859653,-0.00473152,-0.309003,0.00102643,-0.615939,0.0153939,0.356549,-0.00151202,
4.319,0,0,0,0,0,0,0,0,0,0,0,0,0,0,0,0,-0.0221948,0.99966,0.0129645,0,0.998119,0.022896,-0.0567041,0,-0.0569827,0.0116818,-0.998307,0,0.4924,0.00254528,0.0270066,1,1.39085,-32.991,1.23524,13.5141,-0.141542,1.71919,-0.400803,-25.6422,161.578,129.5,-4.55795,15.9778,-21.9452,-50.0956,0.0417358,0.462583,-0.0309113,-2.351,0.0697964,2.75568,-0.85971,-0.0063498,-0.341446,-0.000345329,-0.647889,0.000409939,0.266064,-0.0106262,
4.353,0,0,0,0,0,0,0,0,0,0,0,0,0,0,0,0,-0.0219509,0.999668,0.0127878,0,0.998026,0.022662,-0.0584124,0,-0.0586839,0.0114806,-0.998211,0,0.4856,0.00233953,0.027315,1,1.12901,-33.1775,0.747263,14.4663,-0.135133,1.85744,-0.519822,29.2879,146.899,-23.3835,58.1074,38.4402,9.79238,-78.835,0.0416178,0.450774,-0.0308072,-2.37321,0.0698014,2.76439,-0.859894,-0.00557237,-0.341017,0.00353839,-0.671592,0.00477369,0.234448,-0.00126808,
4.387,0,0,0,0,0,0,0,0,0,0,0,0,0,0,0,0,-0.0218089,0.999672,0.0126853,0,0.997885,0.0225415,-0.0608052,0,-0.0610724,0.0113326,-0.998069,0,0.478456,0.00222598,0.0277708,1,0.831461,-33.3639,0.525095,14.137,-0.135133,2.23097,-0.466721,-20.707,-220.159,-97.0406,257.718,-4.49365,57.3959,-24.3938,0.0416585,0.438174,-0.0307044,-2.39604,0.0697969,2.77224,-0.860012,0.000827807,-0.3646,0.0062182,-0.670106,-0.000203168,0.222448,0.0014349,
4.421,0,0,0,0,0,0,0,0,0,0,0,0,0,0,0,0,-0.0217443,0.999674,0.0126189,0,0.997732,0.0225009,-0.0632863,0,-0.0635509,0.0112144,-0.997916,0,0.471095,0.00214932,0.0281896,1,0.942545,-32.5784,0.636179,13.3673,-0.123231,2.20351,-0.474045,-2.22501,215.849,-219.915,116.447,-5.47498,-27.6221,22.6033,0.0416561,0.425421,-0.0304916,-2.41933,0.0697954,2.78032,-0.86015,0.000627175,-0.379661,0.00450833,-0.678091,0.00625289,0.23388,-0.0134277,
4.455,0,0,0,0,0,0,0,0,0,0,0,0,0,0,0,0,-0.021483,0.999682,0.0124897,0,0.997602,0.0222553,-0.0653945,0,-0.0656529,0.011055,-0.997781,0,0.463853,0.00198206,0.0286689,1,1.01792,-32.5784,0.822641,13.2245,-0.183656,2.49373,-0.460312,-28.6013,203.517,-41.0105,-128.936,-16.598,28.746,-3.8655,0.0415856,0.412716,-0.0303893,-2.44234,0.0698017,2.78853,-0.860246,0.00102638,-0.382132,0.00265605,-0.663406,0.000371584,0.242103,-0.00398377,
4.489,0,0,0,0,0,0,0,0,0,0,0,0,0,0,0,0,-0.0213222,0.999687,0.0123272,0,0.997471,0.0221061,-0.0674007,0,-0.0676534,0.0108591,-0.99765,0,0.456804,0.00180014,0.0291024,1,1.0933,-32.6538,0.822641,13.5498,-0.177248,2.84621,-0.539963,-4.77136,167.965,-57.5716,-57.4277,-22.3856,-30.5362,-49.348,0.0415613,0.400513,-0.030367,-2.46457,0.0697978,2.79658,-0.860438,-0.00141601,-0.348785,0.00319683,-0.641752,0.000373677,0.243512,-0.00597673,
4.522,0,0,0,0,0,0,0,0,0,0,0,0,0,0,0,0,-0.0213453,0.999688,0.0121905,0,0.997322,0.0221432,-0.069569,0,-0.0698186,0.0106731,-0.997503,0,0.450313,0.00161857,0.029341,1,1.12901,-31.9754,1.0091,13.3316,-0.147035,2.70064,-0.447495,-14.2811,30.1143,173.485,86.2974,14.286,11.0656,67.3093,0.0415024,0.389859,-0.0303482,-2.48458,0.0697922,2.80377,-0.860809,-0.00351861,-0.336447,-0.0017151,-0.590046,-0.000393747,0.224382,-0.0108115,
4.558,0,0,0,0,0,0,0,0,0,0,0,0,0,0,0,0,-0.0214422,0.999688,0.0120297,0,0.997207,0.0222453,-0.0711604,0,-0.0714072,0.0104704,-0.997392,0,0.444004,0.00147387,0.0296137,1,0.871134,-32.015,0.711558,13.772,-0.116823,3.14284,-0.500596,35.8936,-76.4348,15.5227,-289.373,-4.88009,-42.5878,23.7843,0.0414687,0.379382,-0.0302789,-2.50427,0.0697759,2.81141,-0.861156,-0.00225888,-0.277466,0.00149404,-0.536215,0.000245714,0.196186,-0.00192191,
4.592,0,0,0,0,0,0,0,0,0,0,0,0,0,0,0,0,-0.0215965,0.999687,0.0118845,0,0.997145,0.0223972,-0.0719773,0,-0.0722223,0.0102963,-0.997335,0,0.438783,0.00148887,0.0297446,1,0.644999,-31.1502,0.449717,13.4784,-0.0692153,3.20509,-0.414536,-21.5052,-137.162,137.738,91.2327,17.2874,-28.5257,32.519,0.0415288,0.370995,-0.0300069,-2.52072,0.0697701,2.81868,-0.86123,0.000727544,-0.215751,0.0124773,-0.449943,-0.000268092,0.209346,-0.00360899,
4.626,0,0,0,0,0,0,0,0,0,0,0,0,0,0,0,0,-0.0217246,0.999685,0.0117555,0,0.997134,0.0225168,-0.0720881,0,-0.0723315,0.0101559,-0.997329,0,0.434421,0.00153687,0.0299029,1,0.684672,-31.5271,0.410044,13.3316,-0.0811171,3.03297,-0.493271,151.017,174.34,64.9878,44.6148,2.24874,1.30297,-64.0322,0.0415225,0.363814,-0.0296393,-2.53481,0.0697702,2.82549,-0.861217,-0.00257173,-0.190921,0.00692837,-0.38785,2.79758e-05,0.197362,0.00206934,
4.66,0,0,0,0,0,0,0,0,0,0,0,0,0,0,0,0,-0.0218938,0.999683,0.0116302,0,0.997148,0.0226741,-0.0718457,0,-0.072088,0.0100243,-0.997348,0,0.430884,0.0015971,0.0300385,1,0.573588,-31.3763,0.29896,13.2602,-0.0866103,3.21242,-0.474045,49.7362,-143.697,9.29639,16.9828,12.2501,-33.8715,43.3676,0.0415317,0.357961,-0.0292938,-2.5464,0.0697722,2.8315,-0.86121,-0.000883862,-0.159914,0.0115767,-0.323674,0.000148833,0.161098,0.00607441,
4.694,0,0,0,0,0,0,0,0,0,0,0,0,0,0,0,0,-0.022035,0.999682,0.011488,0,0.997166,0.0228019,-0.0715633,0,-0.0718039,0.00987877,-0.99737,0,0.427911,0.00163749,0.0299896,1,0.644999,-30.928,0.525095,12.8556,-0.0866103,3.17122,-0.414536,-83.3934,-87.2583,-16.206,-99.5023,8.71427,-25.0361,91.7822,0.041492,0.353572,-0.0289573,-2.55605,0.0697722,2.83705,-0.861204,0.00129991,-0.11631,0.00918514,-0.259971,-7.08148e-05,0.146751,-0.00149619,
4.728,0,0,0,0,0,0,0,0,0,0,0,0,0,0,0,0,-0.0220896,0.999682,0.011324,0,0.997185,0.0228419,-0.071286,0,-0.0715233,0.00971763,-0.997392,0,0.425592,0.00163201,0.029848,1,0.644999,-30.6265,0.636179,13.4427,-0.0866103,3.20509,-0.480454,-263.224,-35.087,-36.5239,-62.7873,16.2307,-10.8405,-57.586,0.0414564,0.350497,-0.0287471,-2.5635,0.0697717,2.84172,-0.861196,0.000814882,-0.0721941,0.00246468,-0.191771,2.37842e-05,0.132432,0.00159215,
4.762,0,0,0,0,0,0,0,0,0,0,0,0,0,0,0,0,-0.0221387,0.999683,0.0111752,0,0.997233,0.0228737,-0.0705983,0,-0.0708329,0.00958152,-0.997442,0,0.424099,0.00162469,0.0297652,1,0.756083,-30.7019,0.525095,12.9309,-0.0866103,3.17122,-0.420945,24.0112,-60.0638,76.351,-80.2546,3.34476,-30.9356,67.8801,0.0414128,0.348453,-0.0285775,-2.56862,0.0697722,2.8455,-0.861194,-0.00637808,-0.0359252,0.00816561,-0.117321,2.36301e-05,0.106833,-0.00207939,
4.796,0,0,0,0,0,0,0,0,0,0,0,0,0,0,0,0,-0.0221818,0.999684,0.0110278,0,0.997293,0.022898,-0.06974,0,-0.0699718,0.00945115,-0.997504,0,0.423327,0.00161343,0.0296466,1,0.684672,-30.5511,0.525095,12.7485,-0.0866103,3.1291,-0.400803,-198.447,143.538,-35.9012,-89.9351,-11.9698,0.899798,-2.17948,0.0413962,0.347602,-0.028476,-2.57151,0.0697722,2.84842,-0.861194,-0.00147489,-0.01005,0.0026109,-0.0561437,0.000285578,0.0813678,-0.00163234,
4.83,0,0,0,0,0,0,0,0,0,0,0,0,0,0,0,0,-0.0222432,0.999683,0.0109186,0,0.997359,0.0229426,-0.0687728,0,-0.0690028,0.00936022,-0.997573,0,0.423215,0.00161325,0.0295309,1,0.720377,-30.9994,0.560801,12.7842,-0.0692153,3.25362,-0.380662,-17.4907,142.555,-37.9208,64.1701,-9.75695,18.0194,-26.9316,0.0413557,0.347724,-0.0283737,-2.57239,0.0697703,2.85039,-0.861206,0.00103487,0.00898819,0.00351432,-0.0111655,-0.000380354,0.0377609,-0.000880339,
4.864,0,0,0,0,0,0,0,0,0,0,0,0,0,0,0,0,-0.0223817,0.99968,0.0109278,0,0.99737,0.0230795,-0.0685675,0,-0.0687991,0.00936457,-0.997587,0,0.423248,0.00165853,0.0295012,1,0.644999,-30.8526,0.525095,12.8199,-0.0628066,3.26094,-0.400803,-43.3576,146.887,33.8606,-67.7862,36.4936,-0.85376,-8.70227,0.0413559,0.347851,-0.0282725,-2.57239,0.0697681,2.85072,-0.861247,0.000541878,-0.00590022,0.00436798,-8.88438e-05,-0.000263786,0.000421475,0.00113774,
4.898,0,0,0,0,0,0,0,0,0,0,0,0,0,0,0,0,-0.022416,0.999679,0.0109406,0,0.997372,0.0231142,-0.068524,0,-0.0687563,0.00937601,-0.997589,0,0.423267,0.00167158,0.0295149,1,0.720377,-30.7019,0.636179,12.8952,-0.0628066,3.24721,-0.400803,94.747,41.2344,85.7363,117.977,18.1328,-4.1764,-27.7595,0.0413447,0.347831,-0.0282379,-2.57236,0.0697684,2.85072,-0.86126,4.06008e-05,0.000183374,-0.000684857,-0.00166967,-0.00012205,0.000446411,-0.00322643,
4.932,0,0,0,0,0,0,0,0,0,0,0,0,0,0,0,0,-0.0225327,0.999676,0.0109526,0,0.997372,0.0232311,-0.0684885,0,-0.0687221,0.00938073,-0.997592,0,0.423275,0.00167642,0.0295224,1,0.720377,-30.5868,0.525095,12.9309,-0.0261855,3.22615,-0.367844,58.0392,-12.5303,-271.883,115.164,19.6409,20.776,-26.2255,0.0413286,0.347815,-0.0282149,-2.57237,0.0697607,2.85074,-0.861364,-0.00131352,-0.000769794,0.00520013,-0.00123337,-0.000415897,0.0031758,-0.0077324,
4.966,0,0,0,0,0,0,0,0,0,0,0,0,0,0,0,0,-0.0227898,0.99967,0.0109729,0,0.997371,0.0234882,-0.0684043,0,-0.0686409,0.00938531,-0.997597,0,0.423295,0.00171211,0.0295319,1,0.458536,-30.5511,0.410044,12.8556,0.0214219,3.21883,-0.261643,-54.8954,58.6969,119.365,-48.3669,-6.79017,12.0806,20.5611,0.0413586,0.347806,-0.0281681,-2.57236,0.0697505,2.85081,-0.861537,0.00396109,-0.00189392,3.66853e-05,0.000104019,-6.30954e-05,0.00211804,-0.00247945,
5,0,0,0,0,0,0,0,0,0,0,0,0,0,0,0,0,-0.0230316,0.999664,0.0110096,0,0.997374,0.0237309,-0.0682875,0,-0.0685271,0.00940812,-0.997605,0,0.42332,0.00176959,0.0295415,1,0.498209,-30.5154,0.410044,12.8556,0.0397325,3.19868,-0.334885,-224.999,121.166,-16.7426,-19.545,-1.90004,6.5786,5.15591,0.0413655,0.347802,-0.0280571,-2.57236,0.069745,2.85092,-0.861662,-0.00752009,-0.00115584,0.00339309,-0.000171092,-0.000346177,1.09528e-05,0.00131764,
5.034,0,0,0,0,0,0,0,0,0,0,0,0,0,0,0,0,-0.0230553,0.999664,0.0110151,0,0.997381,0.0237539,-0.0681761,0,-0.0684161,0.00941461,-0.997612,0,0.423345,0.00177664,0.029554,1,0.644999,-30.5154,0.485422,12.8556,0.0159288,3.18495,-0.341294,112.122,-114.681,44.3601,-32.6925,-1.42121,-1.85908,-18.1352,0.0413446,0.347789,-0.0280232,-2.57236,0.0697464,2.85102,-0.861675,-0.00494887,0.00132699,-8.36312e-06,-0.000465131,0.000206228,0.000822727,0.00163101,
5.068,0,0,0,0,0,0,0,0,0,0,0,0,0,0,0,0,-0.0231579,0.999662,0.011013,0,0.997393,0.023854,-0.0679557,0,-0.0681967,0.00941072,-0.997628,0,0.423398,0.00180204,0.0295716,1,0.498209,-30.5154,0.374338,12.7485,0.0635362,3.18495,-0.321152,-33.2778,-6.37476,-1.76994,85.5752,1.63975,-11.083,-32.506,0.0413621,0.347792,-0.0279832,-2.57235,0.0697363,2.85123,-0.861712,-0.00140064,0.00022446,-0.000614538,0.00214267,-0.000303896,0.00376929,0.00219445,
5.1,0,0,0,0,0,0,0,0,0,0,0,0,0,0,0,0,-0.023171,0.999661,0.0110237,0,0.997392,0.0238679,-0.0679738,0,-0.0682152,0.00942009,-0.997626,0,0.423393,0.00181589,0.029565,1,0.347452,-30.1742,0.112497,12.0899,0.13037,2.85261,-0.169175,84.9019,-82.6568,20.0466,-148.215,-14.3947,77.9379,50.3283,0.041354,0.347807,-0.0279485,-2.57234,0.0697351,2.85123,-0.861699,7.59484e-06,-0.00101354,-0.000161883,0.0034122,0.00493185,-0.0158398,0.000870603,
5.137,0,0,0,0,0,0,0,0,0,0,0,0,0,0,0,0,-0.0229963,0.999665,0.0110247,0,0.997379,0.0236962,-0.0682285,0,-0.0684682,0.00942693,-0.997609,0,0.423327,0.00176707,0.0295406,1,0.533915,-29.7616,0.263254,11.832,0.123961,2.70064,-0.222275,105.32,2.03215,52.0968,58.7706,-2.97549,-8.76712,-3.14833,0.041279,0.347809,-0.0279869,-2.57238,0.0697392,2.85101,-0.861641,-0.00199171,7.40181e-05,-0.00125422,0.00178514,0.000202365,-0.000180122,0.00149092,
5.171,0,0,0,0,0,0,0,0,0,0,0,0,0,0,0,0,-0.0229849,0.999665,0.0110222,0,0.99738,0.0236845,-0.0682185,0,-0.068458,0.00942555,-0.997609,0,0.423331,0.00176195,0.0295439,1,0.498209,-29.7259,0.29896,11.7963,0.123961,2.69423,-0.208542,4.38734,-34.1239,74.8793,7.00672,3.38316,11.3876,-61.2218,0.0412762,0.347804,-0.0279949,-2.57237,0.0697406,2.85101,-0.861641,-0.000215853,-5.83202e-05,-0.000459113,0.00107423,-6.59489e-05,-0.000167611,0.00135094,
5.205,0,0,0,0,0,0,0,0,0,0,0,0,0,0,0,0,-0.023034,0.999664,0.0110272,0,0.997379,0.0237337,-0.068207,0,-0.0684471,0.00942742,-0.99761,0,0.423334,0.00178314,0.0295484,1,0.276041,-29.6148,0.148203,11.7963,0.123961,2.6869,-0.195725,-119.424,71.3419,-88.9728,-63.4115,-8.39913,-19.8672,16.8587,0.0413084,0.347793,-0.0279801,-2.57237,0.0697392,2.85101,-0.861643,0.00143152,-0.00139037,0.00407241,0.000609669,-2.78956e-05,-1.47192e-05,-0.000364026,
5.239,0,0,0,0,0,0,0,0,0,0,0,0,0,0,0,0,-0.0230474,0.999664,0.0110289,0,0.997379,0.0237471,-0.0682035,0,-0.0684438,0.00942827,-0.99761,0,0.423334,0.00179029,0.0295484,1,0.236368,-29.6148,0.148203,11.7963,0.123961,2.67317,-0.181992,-32.388,69.2381,30.883,-34.9274,3.83967,-8.49554,34.3249,0.0413178,0.347793,-0.0279736,-2.57237,0.0697393,2.85101,-0.861641,0.000912311,0.000277726,-6.94059e-05,0.000855564,-0.000109825,0.000265216,-0.00100461,
5.273,0,0,0,0,0,0,0,0,0,0,0,0,0,0,0,0,-0.0230117,0.999665,0.011027,0,0.997379,0.0237115,-0.0682178,0,-0.0684578,0.00942849,-0.997609,0,0.42333,0.00177779,0.0295438,1,0.422831,-29.7616,0.187876,11.832,0.118468,2.6805,-0.235093,-168.003,-124.301,-29.0795,-60.6018,-13.7877,3.02252,-24.4504,0.0412955,0.347803,-0.0279795,-2.57237,0.069741,2.85101,-0.861635,0.000461588,0.00110861,0.00048492,0.00459548,0.000109474,-0.000179746,0.00225989,
5.307,0,0,0,0,0,0,0,0,0,0,0,0,0,0,0,0,-0.0230251,0.999664,0.011029,0,0.99738,0.0237249,-0.0681974,0,-0.0684375,0.00943001,-0.997611,0,0.423335,0.0017849,0.0295513,1,0.276041,-29.4998,0.112497,11.832,0.123961,2.6805,-0.242417,-122.294,93.6725,-41.4612,48.6603,-2.64859,-28.4577,-44.0514,0.0413061,0.347785,-0.0279745,-2.57238,0.0697424,2.85101,-0.861634,0.00182853,-0.00147183,0.00180366,-0.000514101,8.59956e-05,0.000140247,0.00227302,
5.341,0,0,0,0,0,0,0,0,0,0,0,0,0,0,0,0,-0.0230305,0.999664,0.0110282,0,0.99738,0.0237303,-0.0682029,0,-0.068443,0.00942875,-0.99761,0,0.423334,0.00178612,0.0295493,1,0.311747,-29.5752,0.148203,11.832,0.13037,2.6869,-0.228684,-34.9253,136.266,-51.7105,95.1704,1.3007,22.769,-54.188,0.0413118,0.347789,-0.0279768,-2.57238,0.0697421,2.85101,-0.861636,0.00101078,-0.000838071,-0.000175805,-0.000519297,-0.00024726,-0.000201177,0.00169987,
5.375,0,0,0,0,0,0,0,0,0,0,0,0,0,0,0,0,-0.0230329,0.999664,0.011027,0,0.997381,0.0237325,-0.0681859,0,-0.068426,0.00942781,-0.997612,0,0.423339,0.00178471,0.029556,1,0.311747,-29.3887,0.223581,11.8717,0.13037,2.67317,-0.208542,-44.6071,95.6394,139.089,138.307,9.09386,8.07472,2.8233,0.0413103,0.347774,-0.0279789,-2.57238,0.0697385,2.85101,-0.861638,3.87112e-05,-0.00177633,-0.000979329,-0.000939733,-0.000228495,-0.000282898,-0.000529018,
5.409,0,0,0,0,0,0,0,0,0,0,0,0,0,0,0,0,-0.0230273,0.999664,0.0110284,0,0.99738,0.023727,-0.0681927,0,-0.0684328,0.00942939,-0.997611,0,0.423337,0.0017846,0.0295523,1,0.387125,-29.5395,0.112497,11.832,0.136778,2.66676,-0.215867,32.1102,-67.9973,-173.865,25.4589,20.4193,21.2761,12.6582,0.041304,0.347784,-0.0279735,-2.57237,0.0697389,2.85101,-0.861634,-0.000533209,0.00169308,0.00170192,-0.00033879,-0.000463192,0.00200029,0.00302412,
5.443,0,0,0,0,0,0,0,0,0,0,0,0,0,0,0,0,-0.0230304,0.999664,0.0110282,0,0.997382,0.0237299,-0.0681722,0,-0.0684123,0.00942946,-0.997613,0,0.423343,0.00178476,0.0295616,1,0.347452,-29.2737,0.187876,11.8717,0.123961,2.66676,-0.215867,79.3192,126.625,30.0408,77.9551,-17.2845,-6.27468,-71.1041,0.0413071,0.34776,-0.0279763,-2.57238,0.0697392,2.85101,-0.861637,-0.000237554,-0.00158337,-0.00059497,-0.00077077,0.000245002,0.000168466,0.00194301,
5.477,0,0,0,0,0,0,0,0,0,0,0,0,0,0,0,0,-0.0230391,0.999664,0.0110297,0,0.997382,0.0237386,-0.0681704,0,-0.0684106,0.00943047,-0.997613,0,0.423346,0.00178697,0.0295601,1,0.311747,-29.4244,0.148203,11.7249,0.13037,2.65944,-0.162766,-77.8149,-142.046,-65.7277,-292.468,6.96991,26.3584,29.0681,0.0413093,0.34777,-0.0279736,-2.57237,0.0697417,2.85102,-0.861643,0.000961192,0.00176838,0.000464258,0.00212476,9.01358e-05,-0.000226382,-0.0012631,
5.511,0,0,0,0,0,0,0,0,0,0,0,0,0,0,0,0,-0.0230055,0.999665,0.0110251,0,0.997382,0.0237049,-0.0681777,0,-0.0684175,0.00942794,-0.997612,0,0.423342,0.0017734,0.0295575,1,0.498209,-29.4641,0.223581,11.832,0.123961,2.66676,-0.215867,-110.58,-158.76,-44.7519,116.128,-15.0524,3.84169,-54.1794,0.04129,0.347773,-0.0279842,-2.57237,0.0697396,2.85102,-0.861637,0.000194848,0.00131327,-0.00329882,-0.000358688,-4.43744e-05,-0.000123218,0.00187326,
5.545,0,0,0,0,0,0,0,0,0,0,0,0,0,0,0,0,-0.0230079,0.999665,0.0110246,0,0.997382,0.0237072,-0.0681752,0,-0.068415,0.00942733,-0.997612,0,0.423343,0.00176997,0.0295591,1,0.422831,-29.4244,0.223581,11.7963,0.13037,2.66676,-0.136216,-217.039,-42.1333,-46.1688,-26.3917,15.9434,6.67433,29.001,0.0412858,0.34777,-0.0279877,-2.57237,0.0697389,2.85102,-0.861646,0.0019555,0.000527023,0.000893736,-0.00242587,-0.000110022,-3.92851e-05,-0.00206676,
5.579,0,0,0,0,0,0,0,0,0,0,0,0,0,0,0,0,-0.0230072,0.999665,0.0110246,0,0.997382,0.0237064,-0.0681691,0,-0.068409,0.00942754,-0.997613,0,0.423346,0.0017707,0.0295608,1,0.422831,-29.3887,0.263254,11.7606,0.118468,2.66676,-0.142624,-94.9751,23.9534,-87.7178,-62.4446,-4.72366,-6.80133,50.8809,0.0412888,0.347767,-0.0279888,-2.57237,0.069741,2.85102,-0.861645,0.00198944,-0.000627911,-0.000337669,0.00119046,0.00026321,4.57914e-05,-0.00178919,
5.613,0,0,0,0,0,0,0,0,0,0,0,0,0,0,0,0,-0.0229999,0.999665,0.0110239,0,0.997382,0.0236992,-0.0681741,0,-0.0684138,0.00942723,-0.997612,0,0.423344,0.00177227,0.0295592,1,0.387125,-29.4244,0.263254,11.7963,0.118468,2.65211,-0.242417,-137.235,-169.688,29.3553,-11.0854,-15.6509,-2.14996,-61.3283,0.0412922,0.34777,-0.0279884,-2.57237,0.0697409,2.85102,-0.861634,0.000946494,0.00273824,-0.0001325,0.000225992,0.000266902,0.000523481,0.00217679,
5.647,0,0,0,0,0,0,0,0,0,0,0,0,0,0,0,0,-0.023002,0.999665,0.0110235,0,0.997383,0.0237012,-0.0681664,0,-0.0684061,0.00942691,-0.997613,0,0.423348,0.00176866,0.0295615,1,0.458536,-29.3887,0.29896,11.7606,0.123961,2.65944,-0.142624,76.2285,-18.3748,129.022,1.03126,-0.939066,-9.66544,4.00825,0.0412887,0.347767,-0.0279928,-2.57237,0.0697425,2.85102,-0.861645,-0.000588137,0.000561168,-0.00149572,0.000394731,0.00014739,-9.0357e-05,-0.00133187,
5.681,0,0,0,0,0,0,0,0,0,0,0,0,0,0,0,0,-0.0229937,0.999665,0.0110238,0,0.997383,0.0236929,-0.068163,0,-0.0684027,0.0094278,-0.997613,0,0.423347,0.00176838,0.0295627,1,0.498209,-29.3133,0.263254,11.7963,0.118468,2.65211,-0.215867,-39.0207,63.1959,3.62197,4.96177,-21.4478,-10.1086,-19.712,0.0412837,0.347762,-0.0279891,-2.57237,0.069741,2.85102,-0.861637,7.71318e-05,-0.000142064,0.00427379,-0.000932083,0.000215981,0.000251651,0.00125021,
5.715,0,0,0,0,0,0,0,0,0,0,0,0,0,0,0,0,-0.0229815,0.999665,0.0110233,0,0.997383,0.0236807,-0.0681673,0,-0.0684068,0.00942806,-0.997613,0,0.423346,0.00175931,0.0295625,1,0.573588,-29.3133,0.29896,11.7963,0.123961,2.66676,-0.129807,59.4974,45.8124,24.3615,-20.7326,-5.8841,6.61701,18.8581,0.0412686,0.347762,-0.0279945,-2.57237,0.0697426,2.85101,-0.861647,-0.00299248,-0.000365158,8.30811e-05,0.00109958,0.000104693,-0.000298762,-0.0011367,
5.749,0,0,0,0,0,0,0,0,0,0,0,0,0,0,0,0,-0.0229929,0.999665,0.0110231,0,0.997384,0.023692,-0.0681554,0,-0.0683951,0.00942732,-0.997614,0,0.42335,0.00176533,0.0295656,1,0.458536,-29.2737,0.263254,11.7606,0.123961,2.65944,-0.169175,87.4726,-1.42049,35.1602,-59.8354,-3.76091,4.5457,28.0809,0.0412798,0.347757,-0.0279922,-2.57237,0.0697403,2.85102,-0.861642,0.000822465,-0.000581832,0.000188468,0.00584955,8.45236e-05,-0.000123185,-0.00054271,
5.783,0,0,0,0,0,0,0,0,0,0,0,0,0,0,0,0,-0.0229992,0.999665,0.0110229,0,0.997383,0.0236983,-0.0681605,0,-0.0684002,0.00942659,-0.997613,0,0.423347,0.00176987,0.0295646,1,0.422831,-29.2737,0.263254,11.7963,0.123961,2.6457,-0.215867,10.9258,38.8393,39.7926,-15.6835,0.111655,4.6975,17.9426,0.0412895,0.347756,-0.0279913,-2.57237,0.0697392,2.85102,-0.861637,0.000754321,-0.000715228,0.00201733,-0.0004248,8.7197e-05,8.09307e-05,0.00100061,
5.817,0,0,0,0,0,0,0,0,0,0,0,0,0,0,0,0,-0.0229832,0.999665,0.0110225,0,0.997384,0.0236822,-0.0681515,0,-0.0683911,0.00942749,-0.997614,0,0.423351,0.00176461,0.0295661,1,0.498209,-29.2737,0.29896,11.7606,0.118468,2.63838,-0.222275,-24.5759,-23.0759,6.20339,-118.267,-3.87329,-26.5572,-36.4976,0.0412803,0.347756,-0.0279938,-2.57237,0.0697431,2.85102,-0.861636,-0.000131987,0.000147611,-0.000725428,0.000694345,0.000168612,0.000231477,0.00145124,
5.851,0,0,0,0,0,0,0,0,0,0,0,0,0,0,0,0,-0.0229831,0.999665,0.0110231,0,0.997384,0.0236821,-0.068148,0,-0.0683875,0.00942819,-0.997614,0,0.423352,0.00176323,0.0295673,1,0.498209,-29.2379,0.263254,11.7606,0.123961,2.63197,-0.195725,-29.9333,98.5728,-12.1077,-20.412,5.07825,-14.1228,-31.3259,0.0412749,0.347753,-0.0279921,-2.57237,0.0697425,2.85102,-0.861639,0.000313232,-0.0024312,0.000679985,0.000733754,7.26784e-05,-0.00161243,0.00132191,
5.885,0,0,0,0,0,0,0,0,0,0,0,0,0,0,0,0,-0.0230021,0.999665,0.0110239,0,0.997384,0.0237012,-0.0681483,0,-0.0683881,0.00942766,-0.997614,0,0.423352,0.00176958,0.0295672,1,0.458536,-29.2737,0.223581,11.7606,0.123961,2.63197,-0.175583,141.427,-49.0294,19.1695,-14.6299,4.83628,-1.28555,41.3621,0.0412855,0.347754,-0.0279885,-2.57237,0.0697397,2.85102,-0.861642,-0.00106047,0.000374932,-0.000535323,0.000535516,0.000147089,0.000232519,0.001933,
5.919,0,0,0,0,0,0,0,0,0,0,0,0,0,0,0,0,-0.0229852,0.999665,0.0110227,0,0.997384,0.0236842,-0.0681483,0,-0.0683879,0.00942767,-0.997614,0,0.423352,0.00176491,0.0295675,1,0.533915,-29.2379,0.263254,11.7606,0.118468,2.63838,-0.228684,31.2166,125.404,22.0625,-62.2898,-17.6213,18.8701,-15.4283,0.0412778,0.347753,-0.0279913,-2.57237,0.0697403,2.85102,-0.861636,-0.000791631,3.27319e-06,4.86047e-06,0.000978088,0.000177791,-5.20424e-05,0.00173674,
5.953,0,0,0,0,0,0,0,0,0,0,0,0,0,0,0,0,-0.0229881,0.999665,0.0110224,0,0.997385,0.023687,-0.0681449,0,-0.0683845,0.00942719,-0.997614,0,0.423353,0.00176339,0.0295686,1,0.498209,-29.2379,0.263254,11.7963,0.123961,2.63197,-0.202134,-32.2259,-75.5901,-76.4511,40.526,5.71538,-3.64931,-13.5139,0.0412771,0.34775,-0.0279937,-2.57237,0.0697406,2.85102,-0.861642,0.00055423,0.000961781,-7.92975e-05,-0.00028685,7.95403e-05,-5.55207e-05,0.00184748,
5.987,0,0,0,0,0,0,0,0,0,0,0,0,0,0,0,0,-0.0229984,0.999665,0.0110242,0,0.997385,0.0236974,-0.0681397,0,-0.0683795,0.0094284,-0.997615,0,0.423355,0.00176889,0.0295701,1,0.458536,-29.2379,0.263254,11.7606,0.123961,2.62465,-0.169175,8.68519,121.975,12.6875,48.0175,-4.60648,-11.3182,-47.4651,0.0412855,0.347748,-0.0279899,-2.57237,0.0697429,2.85102,-0.861642,-0.000142237,-0.00677976,-0.000213366,0.00073291,0.000113643,0.000275642,-3.4444e-05,
6.021,0,0,0,0,0,0,0,0,0,0,0,0,0,0,0,0,-0.0229932,0.999665,0.0110234,0,0.997385,0.0236922,-0.068143,0,-0.0683827,0.00942795,-0.997615,0,0.423353,0.00176553,0.0295694,1,0.458536,-29.1983,0.263254,11.7963,0.112059,2.62465,-0.142624,-66.3633,31.291,4.85015,-7.91977,-19.2761,-9.16382,54.3028,0.041282,0.347748,-0.0279935,-2.57237,0.0697441,2.85102,-0.861645,0.00010098,-0.000810754,-0.000211013,-0.000975833,0.000467453,4.72906e-06,-0.00183958,
6.055,0,0,0,0,0,0,0,0,0,0,0,0,0,0,0,0,-0.0229997,0.999665,0.0110235,0,0.997384,0.0236986,-0.0681435,0,-0.0683832,0.00942758,-0.997615,0,0.423353,0.00176936,0.0295688,1,0.458536,-29.2379,0.223581,11.7606,0.123961,2.62465,-0.195725,132.857,-6.75079,-42.5489,13.733,-9.39102,-7.12291,-26.5558,0.0412852,0.34775,-0.0279887,-2.57237,0.0697393,2.85102,-0.861639,-0.000144536,0.000401142,0.00118072,0.000530663,1.69916e-05,0.000243613,0.00447013,
6.089,0,0,0,0,0,0,0,0,0,0,0,0,0,0,0,0,-0.0229979,0.999665,0.0110228,0,0.997384,0.0236969,-0.0681505,0,-0.0683902,0.00942686,-0.997614,0,0.42335,0.00176595,0.0295666,1,0.498209,-29.2737,0.29896,11.832,0.13037,2.63197,-0.129807,43.3817,-148.294,45.969,147.851,16.0302,14.0615,37.6397,0.0412834,0.347753,-0.0279938,-2.57237,0.0697418,2.85102,-0.861647,-0.000135183,0.00274061,-0.000624183,-0.0010357,-0.000186916,-0.000225101,-0.00132537,
