0.001,0,0,0,0,0,0,0,0,0,0,0,0,0,0,0,0,0.0143252,0.999675,0.0206201,0,0.996426,-0.012558,-0.0834196,0,-0.0831351,0.0217419,-0.996301,0,0.480319,-0.0131481,0.076477,1,-0.136556,-32.8006,-0.189016,15.9659,0.221007,2.30696,0.175064,28.2567,24.1486,121.513,-23.0789,12.1112,-5.12409,-42.7052,-0.0357228,0.312443,0.00571989,-2.39989,0.0355638,2.62819,-0.833852,-0.00183604,-0.000186541,-0.000653511,0.000626373,-0.000167776,0.000562104,0.000381071,
0.035,0,0,0,0,0,0,0,0,0,0,0,0,0,0,0,0,0.0143019,0.999675,0.0206266,0,0.996423,-0.0125333,-0.0834582,0,-0.0831742,0.0217468,-0.996298,0,0.480309,-0.0131346,0.0764604,1,-0.207968,-33.2132,-0.264395,16.0016,0.214598,2.34816,0.168655,-97.5698,100.099,-38.5292,2.97797,-12.3641,-2.51546,-33.4415,-0.0357144,0.312476,0.00573662,-2.39989,0.0355645,2.62819,-0.833852,0.0017034,0.000175931,0.000251481,0.000537938,3.13857e-05,-6.61878e-06,0.000533683,
0.069,0,0,0,0,0,0,0,0,0,0,0,0,0,0,0,0,0.0143024,0.999675,0.0206281,0,0.996419,-0.0125327,-0.0835038,0,-0.0832198,0.021749,-0.996294,0,0.480296,-0.0131364,0.0764479,1,-0.136556,-33.3282,-0.189016,16.1087,0.221007,2.39668,0.208023,40.5903,-63.2005,96.4759,120.869,-2.47733,-14.4872,14.039,-0.0357194,0.312494,0.00573669,-2.3999,0.0355638,2.62817,-0.833857,-0.000274032,0.000221519,-0.000427853,-0.0011686,-0.000305086,0.000221997,-0.00126339,
0.103,0,0,0,0,0,0,0,0,0,0,0,0,0,0,0,0,0.0143121,0.999675,0.0206298,0,0.996419,-0.0125423,-0.0835006,0,-0.0832163,0.0217514,-0.996294,0,0.480298,-0.0131355,0.0764514,1,-0.061178,-33.2528,-0.264395,16.0016,0.209105,2.41041,0.121963,191.004,-134.786,-33.847,-132.244,-26.6373,23.4739,-39.126,-0.035724,0.312489,0.00574246,-2.39989,0.0355651,2.62816,-0.833847,-0.00214247,0.0010089,0.00446879,0.0033976,0.000191852,-7.41399e-05,0.00158707,
0.137,0,0,0,0,0,0,0,0,0,0,0,0,0,0,0,0,0.0143423,0.999675,0.0206244,0,0.996416,-0.0125721,-0.0835322,0,-0.0832473,0.0217489,-0.996292,0,0.480286,-0.0131542,0.0764439,1,-0.0215052,-33.2885,-0.189016,16.1087,0.214598,2.43147,0.175064,-44.6629,70.0478,-234.287,-14.7945,-2.55022,-0.426314,-23.0647,-0.0357399,0.312493,0.00572099,-2.39991,0.0355645,2.62815,-0.833853,0.00172479,0.000151464,0.00202612,0.000668615,-0.00160663,1.65688e-05,-0.00148262,
0.171,0,0,0,0,0,0,0,0,0,0,0,0,0,0,0,0,0.0143874,0.999674,0.0206147,0,0.996414,-0.0126175,-0.0835547,0,-0.083269,0.0217433,-0.99629,0,0.48028,-0.0131783,0.0764343,1,0.049906,-33.3282,-0.00255384,16.1087,0.221007,2.42415,0.175064,-51.565,161.277,-43.656,-2.42807,14.3468,-23.3371,23.4123,-0.0357546,0.312513,0.00568881,-2.39991,0.0355638,2.62814,-0.833853,0.000799651,-0.00165017,-0.000119969,0.00146745,-0.000344617,0.000136625,-0.00109233,
0.205,0,0,0,0,0,0,0,0,0,0,0,0,0,0,0,0,0.0144347,0.999674,0.0206069,0,0.996411,-0.0126648,-0.0835759,0,-0.0832893,0.0217397,-0.996288,0,0.480274,-0.0131989,0.0764233,1,0.16099,-33.3282,0.112497,16.1087,0.209105,2.40401,0.135696,-34.807,7.895,139.321,-51.9409,-12.3908,0.424812,18.422,-0.0357697,0.312536,0.00566368,-2.39991,0.0355641,2.62815,-0.833846,-0.000945715,0.000129561,-0.00188459,-0.000354236,0.000173853,-6.60573e-05,-8.58237e-05,
0.239,0,0,0,0,0,0,0,0,0,0,0,0,0,0,0,0,0.0144357,0.999674,0.0206077,0,0.99641,-0.0126655,-0.0835865,0,-0.0832998,0.0217408,-0.996287,0,0.480272,-0.0132006,0.0764176,1,0.16099,-33.2528,0.037119,16.1087,0.209105,2.41041,0.142105,51.2734,46.1979,-68.1591,-45.319,-7.17532,8.74517,24.8595,-0.035773,0.312549,0.0056633,-2.39991,0.0355651,2.62815,-0.833849,-0.000143769,-0.00152838,0.00086082,0.000203948,0.00048047,-0.000184256,-0.000234012,
0.273,0,0,0,0,0,0,0,0,0,0,0,0,0,0,0,0,0.0144488,0.999674,0.0206045,0,0.996409,-0.0126784,-0.0836048,0,-0.0833179,0.0217389,-0.996286,0,0.480265,-0.0132094,0.0764094,1,0.16099,-33.4036,0.0728246,16.1484,0.214598,2.39668,0.175064,57.5278,-84.0698,49.3114,183.99,19.3421,-4.79073,76.7521,-0.0357786,0.312563,0.00565145,-2.39991,0.0355645,2.62815,-0.833853,1.68104e-05,0.00141888,0.000551751,-0.000946052,0.000190015,0.000375535,-0.00114019,
0.307,0,0,0,0,0,0,0,0,0,0,0,0,0,0,0,0,0.0144469,0.999674,0.0206055,0,0.996407,-0.0126759,-0.0836295,0,-0.0833426,0.02174,-0.996284,0,0.480259,-0.0132065,0.0763982,1,0.16099,-33.4393,0.037119,16.1484,0.214598,2.43147,0.148513,50.9419,-114.378,5.98302,129.034,-0.686414,10.7075,70.7945,-0.0357755,0.312585,0.0056537,-2.39991,0.0355645,2.62815,-0.83385,-0.000760401,0.000532064,-0.000317441,-0.00118244,7.45619e-05,-0.000268311,-0.000323726,
0.345,0,0,0,0,0,0,0,0,0,0,0,0,0,0,0,0,0.0144544,0.999674,0.0206049,0,0.996404,-0.0126826,-0.0836634,0,-0.0833764,0.0217405,-0.996281,0,0.48025,-0.0132115,0.076385,1,0.200663,-33.5901,0.0728246,16.1484,0.221007,2.45894,0.175064,-17.3913,-85.9833,-81.5583,-0.77426,9.94671,20.8203,-0.331921,-0.0357814,0.312611,0.00564896,-2.39991,0.0355638,2.62814,-0.833853,-0.00107288,0.00106596,0.000751156,0.000294909,-0.00014506,-0.000419926,-0.000766412,
0.379,0,0,0,0,0,0,0,0,0,0,0,0,0,0,0,0,0.0145064,0.999673,0.0205997,0,0.996401,-0.0127344,-0.083689,0,-0.0834009,0.02174,-0.996279,0,0.480242,-0.0132338,0.0763738,1,0.16099,-33.6258,0.0728246,16.1841,0.221007,2.43788,0.109146,-16.5845,47.1951,2.46431,125.335,12.3412,-0.0127773,-87.2214,-0.0358099,0.312632,0.0056323,-2.39992,0.0355638,2.62814,-0.833846,-0.000852605,2.7044e-05,-5.15564e-05,-0.00108408,-0.000400449,-0.000345799,0.000828937,
0.413,0,0,0,0,0,0,0,0,0,0,0,0,0,0,0,0,0.0145551,0.999672,0.0205979,0,0.996399,-0.0127828,-0.083702,0,-0.0834129,0.0217425,-0.996278,0,0.480238,-0.0132615,0.0763687,1,0.16099,-33.6654,0.187876,16.1841,0.209105,2.46626,0.188797,-168.71,-113.121,75.5999,82.3744,-19.766,27.4776,24.6076,-0.0358553,0.312642,0.00562109,-2.39992,0.0355651,2.62814,-0.833855,-0.00158713,0.00102307,-0.00152611,-0.00315741,-0.00253911,-0.000546981,-0.00126854,
0.447,0,0,0,0,0,0,0,0,0,0,0,0,0,0,0,0,0.0146063,0.999672,0.0205859,0,0.996397,-0.0128344,-0.083722,0,-0.0834319,0.021735,-0.996276,0,0.48023,-0.0132837,0.0763658,1,0.125284,-33.6258,0.112497,16.2555,0.209105,2.47999,0.0954127,-43.8673,49.1481,47.5035,97.6138,-12.2179,-0.453004,-27.6009,-0.0358594,0.312639,0.00558275,-2.39993,0.0355651,2.62812,-0.833844,-0.000929943,0.00029527,-0.00122057,-0.00119871,0.000137596,2.3651e-06,0.00173884,
0.481,0,0,0,0,0,0,0,0,0,0,0,0,0,0,0,0,0.0146457,0.999671,0.0205774,0,0.996393,-0.0128735,-0.0837616,0,-0.0834708,0.0217303,-0.996273,0,0.480217,-0.0133044,0.0763523,1,0.200663,-33.7011,0.148203,16.2555,0.221007,2.47999,0.089004,-38.8867,-13.3336,-40.7148,-17.2135,11.7689,4.86223,-148.95,-0.0358709,0.31266,0.00555352,-2.39994,0.0355638,2.62811,-0.833844,0.00056977,0.00242893,0.000379279,4.69898e-05,-0.000354589,0.000348234,0.00202975,
0.515,0,0,0,0,0,0,0,0,0,0,0,0,0,0,0,0,0.0146145,0.999672,0.0205818,0,0.996393,-0.012842,-0.0837637,0,-0.0834735,0.0217322,-0.996273,0,0.480217,-0.0132937,0.0763487,1,0.125284,-33.7011,0.0728246,16.2198,0.221007,2.46626,0.188797,25.9545,-78.9509,138.167,18.9919,6.21788,15.8584,25.3286,-0.0358615,0.31267,0.00556503,-2.39994,0.0355639,2.62812,-0.833855,-0.000980149,0.000701322,0.00139392,0.000336829,-0.000152931,-9.78374e-05,-0.00133538,
0.549,0,0,0,0,0,0,0,0,0,0,0,0,0,0,0,0,0.0145724,0.999672,0.020589,0,0.996394,-0.0127996,-0.0837569,0,-0.0834675,0.0217357,-0.996273,0,0.480219,-0.0132702,0.0763521,1,0.049906,-33.5901,-0.0382594,16.2555,0.214598,2.46626,0.175064,35.422,148.326,34.8073,-104.374,-7.39358,-17.8311,45.4414,-0.035839,0.312662,0.00558881,-2.39994,0.0355645,2.62812,-0.833852,0.000261401,-0.000555484,-0.000159783,0.000738296,5.17347e-05,0.000235018,-0.00218435,
0.583,0,0,0,0,0,0,0,0,0,0,0,0,0,0,0,0,0.0145282,0.999673,0.0205975,0,0.996396,-0.012755,-0.0837456,0,-0.0834571,0.0217403,-0.996274,0,0.480223,-0.0132446,0.0763558,1,-0.0968836,-33.5147,-0.113638,16.1841,0.214598,2.45253,0.162246,-98.7763,103.7,-85.5294,-178.881,-2.92087,16.2088,17.6708,-0.0358185,0.312657,0.00561859,-2.39993,0.0355645,2.62812,-0.833847,0.000981402,-0.00136985,-5.07335e-05,0.001011,-0.000186047,3.4147e-05,-0.0023544,
0.617,0,0,0,0,0,0,0,0,0,0,0,0,0,0,0,0,0.0144607,0.999673,0.0206184,0,0.996397,-0.012686,-0.0837477,0,-0.0834604,0.0217556,-0.996274,0,0.480224,-0.0132056,0.0763546,1,-0.0968836,-33.5544,-0.224722,16.2198,0.221007,2.45253,0.135696,-18.3205,190.562,-239.617,-93.2196,15.0254,-9.82963,19.1365,-0.0358149,0.31266,0.00568816,-2.39993,0.0355638,2.62812,-0.833844,0.0021823,-0.00191472,0.00264455,0.00014234,0.00911824,0.00028613,0.000534239,
0.651,0,0,0,0,0,0,0,0,0,0,0,0,0,0,0,0,0.0144227,0.999674,0.020611,0,0.996396,-0.0126483,-0.0837644,0,-0.083478,0.0217452,-0.996272,0,0.480218,-0.0131884,0.0763483,1,0.125284,-33.6258,0.0728246,16.2912,0.214598,2.45894,0.0954127,-107.049,32.9072,233.259,93.3313,8.95392,-2.83382,-18.0157,-0.0357506,0.312668,0.00566222,-2.39994,0.0355645,2.62812,-0.833844,0.00393073,8.93119e-06,-0.00190352,0.0024409,3.38624e-05,0.000122809,0.00109686,
0.685,0,0,0,0,0,0,0,0,0,0,0,0,0,0,0,0,0.0143464,0.999675,0.020626,0,0.996399,-0.0125717,-0.0837372,0,-0.0834522,0.0217535,-0.996274,0,0.480227,-0.0131464,0.0763603,1,-0.172262,-33.4036,-0.224722,16.2555,0.209105,2.45253,0.102737,-56.7568,-11.9254,-8.82728,24.8936,-13.6337,13.2115,-13.2319,-0.0357193,0.312646,0.00571302,-2.39994,0.0355651,2.62812,-0.83384,6.18963e-05,0.000168549,0.000888499,-0.000960732,0.000308839,0.00281204,0.00206139,
0.719,0,0,0,0,0,0,0,0,0,0,0,0,0,0,0,0,0.0143246,0.999675,0.0206302,0,0.996398,-0.0125493,-0.0837534,0,-0.0834689,0.0217561,-0.996273,0,0.480224,-0.0131374,0.0763518,1,-0.0968836,-33.6258,-0.264395,16.2198,0.239317,2.45253,0.102737,54.2019,6.09151,-125.792,-20.1409,51.4617,10.6034,-40.2529,-0.035719,0.312665,0.00572944,-2.39994,0.0355618,2.62812,-0.833843,-0.000669226,0.00140964,0.00128955,0.000520139,-0.000724363,-0.000148688,0.00241759,
0.753,0,0,0,0,0,0,0,0,0,0,0,0,0,0,0,0,0.0143376,0.999675,0.0206308,0,0.996396,-0.0125618,-0.08377,0,-0.0834852,0.0217579,-0.996271,0,0.480219,-0.0131458,0.0763445,1,-0.061178,-33.7011,-0.224722,16.2198,0.209105,2.45894,0.188797,-38.3193,-45.5715,-125.359,-102.728,-5.80098,-26.0264,36.1939,-0.03573,0.312679,0.00572314,-2.39994,0.0355652,2.62812,-0.833851,0.000181601,-0.000940032,0.00576122,0.000571179,0.000355978,0.000232725,-0.0016833,
0.787,0,0,0,0,0,0,0,0,0,0,0,0,0,0,0,0,0.0143412,0.999675,0.0206281,0,0.996397,-0.0125659,-0.0837565,0,-0.0834717,0.0217554,-0.996273,0,0.480222,-0.0131481,0.0763508,1,-0.0968836,-33.5544,-0.149343,16.2198,0.221007,2.45253,0.181472,-66.9949,-150.336,-19.2793,-76.7286,13.2995,2.11998,100.553,-0.0357286,0.312666,0.00571781,-2.39994,0.0355638,2.62812,-0.833849,0.000690842,0.00153132,0.00456051,0.000273086,-0.000293219,0.000126794,-0.00204096,
0.821,0,0,0,0,0,0,0,0,0,0,0,0,0,0,0,0,0.0143579,0.999675,0.0206255,0,0.996397,-0.0125826,-0.0837637,0,-0.0834785,0.0217543,-0.996272,0,0.48022,-0.0131522,0.0763481,1,-0.061178,-33.6258,-0.149343,16.2555,0.209105,2.46626,0.0825953,130.045,-85.1597,-16.6626,-85.1104,-8.33333,-0.0925182,-23.6035,-0.0357332,0.312671,0.00571425,-2.39994,0.0355619,2.62812,-0.833839,0.000355058,0.00068093,-0.000168453,-0.000564615,0.000144841,0.000373046,0.00166339,
0.854,0,0,0,0,0,0,0,0,0,0,0,0,0,0,0,0,0.0143656,0.999674,0.0206257,0,0.996397,-0.0125902,-0.0837628,0,-0.0834775,0.0217551,-0.996272,0,0.480221,-0.0131596,0.076349,1,0.0142004,-33.5901,-0.149343,16.2198,0.214598,2.47999,0.175064,-14.2304,175.588,-58.241,24.6529,11.7456,30.3516,48.0136,-0.0357424,0.31267,0.00570867,-2.39994,0.0355645,2.62812,-0.833848,-0.00138854,-0.00145789,0.00078373,0.000876145,2.13378e-05,-0.000180505,-0.00190226,
0.888,0,0,0,0,0,0,0,0,0,0,0,0,0,0,0,0,0.0143939,0.999674,0.0206208,0,0.996395,-0.0126186,-0.0837764,0,-0.0834905,0.0217527,-0.996271,0,0.480217,-0.013171,0.0763451,1,0.0142004,-33.7011,-0.00255384,16.2198,0.202696,2.49373,0.121963,-103.325,-148.4,97.9557,-189.846,-25.2553,-9.65996,-50.7961,-0.0357467,0.312677,0.00569094,-2.39994,0.0355658,2.62811,-0.833843,0.00118809,0.00118992,-0.00101542,0.00328363,0.000366862,0.000210487,0.00136732,
0.922,0,0,0,0,0,0,0,0,0,0,0,0,0,0,0,0,0.0143611,0.999675,0.0206246,0,0.996395,-0.0125854,-0.0837851,0,-0.0834999,0.0217539,-0.99627,0,0.480214,-0.0131608,0.0763429,1,-0.0968836,-33.6654,-0.149343,16.2912,0.221007,2.50746,0.188797,-127.46,113.861,36.0155,-82.2362,3.06039,15.6126,148.679,-0.0357382,0.312677,0.00570208,-2.39994,0.0355638,2.62811,-0.833855,0.00155073,-0.000704428,0.000704674,-0.00018861,-0.000227741,-0.000253818,-0.00245727,
0.956,0,0,0,0,0,0,0,0,0,0,0,0,0,0,0,0,0.0143893,0.999674,0.0206215,0,0.996394,-0.0126136,-0.0837923,0,-0.0835065,0.0217533,-0.99627,0,0.480212,-0.0131673,0.076341,1,-0.0215052,-33.7011,-0.0382594,16.2912,0.214598,2.50746,0.0825953,-120.402,49.9201,-9.6819,42.2744,-10.9274,-17.7041,-35.3806,-0.0357434,0.312681,0.00569438,-2.39994,0.0355645,2.62811,-0.83384,0.00123362,-0.000723944,-0.00163521,-0.000169273,-3.39582e-06,-0.000101121,0.00186203,
0.99,0,0,0,0,0,0,0,0,0,0,0,0,0,0,0,0,0.01441,0.999674,0.0206202,0,0.996392,-0.0126339,-0.0838142,0,-0.083528,0.021754,-0.996268,0,0.480206,-0.0131774,0.0763325,1,0.125284,-33.7765,-0.0382594,16.2555,0.209105,2.50746,0.089004,148.103,-32.4954,-115.537,-11.5405,-11.3347,-6.36991,-16.5,-0.0357569,0.312698,0.00568719,-2.39994,0.0355651,2.6281,-0.83384,-0.00246438,-1.4411e-05,-0.000512045,0.00085199,0.000348544,0.000223021,0.000704401,
1.024,0,0,0,0,0,0,0,0,0,0,0,0,0,0,0,0,0.0143979,0.999674,0.0206214,0,0.996391,-0.0126214,-0.0838255,0,-0.0835395,0.0217543,-0.996267,0,0.480204,-0.0131719,0.0763296,1,0.0142004,-33.7765,-0.073965,16.2198,0.214598,2.52852,0.0761866,-95.5075,-67.279,-33.8951,-148.15,7.01646,5.75723,-111.699,-0.0357494,0.312704,0.00569049,-2.39994,0.0355644,2.62809,-0.833841,0.000677227,-7.37277e-05,0.00320727,0.00166082,-0.00311683,2.52614e-06,0.00213345,
1.058,0,0,0,0,0,0,0,0,0,0,0,0,0,0,0,0,0.0143952,0.999674,0.0206227,0,0.996387,-0.0126176,-0.0838746,0,-0.0835887,0.021756,-0.996263,0,0.480188,-0.0131697,0.0763175,1,0.0142004,-33.8162,-0.073965,16.3666,0.221007,2.59077,0.0954127,56.6906,110.475,-4.18805,21.5568,22.648,37.5673,10.8675,-0.0357462,0.312716,0.00569052,-2.39996,0.0355638,2.62807,-0.833841,0.000928525,-0.000420995,0.000591763,-0.00023064,-0.000388601,-0.00155291,0.000631916,
1.092,0,0,0,0,0,0,0,0,0,0,0,0,0,0,0,0,0.0143964,0.999674,0.0206245,0,0.996382,-0.0126173,-0.083937,0,-0.083651,0.0217587,-0.996258,0,0.480166,-0.0131729,0.0762962,1,0.049906,-33.8519,-0.0382594,16.4023,0.214598,2.56972,0.181472,24.5682,32.4304,-45.3781,32.0087,-7.4632,-14.5012,22.4196,-0.0357517,0.312745,0.00568799,-2.39998,0.0355645,2.62806,-0.833849,0.000726424,-0.000479319,0.0010404,-0.00101713,-9.70888e-05,-0.00100616,-0.00154087,
1.126,0,0,0,0,0,0,0,0,0,0,0,0,0,0,0,0,0.0144088,0.999674,0.0206234,0,0.996378,-0.0126289,-0.0839742,0,-0.0836879,0.0217591,-0.996254,0,0.480152,-0.0131771,0.0762824,1,0.0895788,-33.8519,-0.00255384,16.438,0.214598,2.55598,0.155838,-63.9313,26.8826,-11.3093,132.044,8.83442,-0.820088,26.9027,-0.0357554,0.312763,0.00568255,-2.39999,0.0355645,2.62806,-0.833846,-3.7909e-05,-0.000557114,-0.000879466,-0.000868916,-8.35349e-05,0.000596044,-0.00160892,
1.16,0,0,0,0,0,0,0,0,0,0,0,0,0,0,0,0,0.0144072,0.999674,0.0206238,0,0.996378,-0.0126272,-0.0839761,0,-0.0836899,0.0217594,-0.996254,0,0.480154,-0.0131734,0.0762818,1,0.0142004,-33.8519,-0.0382594,16.3309,0.209105,2.58345,0.109146,-85.8201,-81.207,-5.5324,-111.638,-11.6158,41.2121,3.24163,-0.0357495,0.312767,0.0056841,-2.39999,0.0355651,2.62805,-0.833841,0.00124073,-0.000396391,0.00527807,-0.00581006,0.00223347,-0.000719737,0.000866084,
1.194,0,0,0,0,0,0,0,0,0,0,0,0,0,0,0,0,0.0144037,0.999674,0.0206259,0,0.996376,-0.012623,-0.0840019,0,-0.0837158,0.0217615,-0.996252,0,0.480144,-0.0131695,0.0762733,1,0.049906,-33.8916,-0.073965,16.438,0.214598,2.58345,0.0825953,174.715,51.08,10.4658,40.5298,5.86283,2.63989,-42.7306,-0.0357492,0.312777,0.0056905,-2.4,0.0355645,2.62805,-0.833838,-0.000893097,3.12481e-05,-0.00100912,-0.000692263,-4.30388e-05,-0.000104197,0.00143829,
1.228,0,0,0,0,0,0,0,0,0,0,0,0,0,0,0,0,0.0143941,0.999674,0.0206277,0,0.996374,-0.0126128,-0.0840237,0,-0.0837377,0.0217627,-0.99625,0,0.480136,-0.013169,0.0762668,1,0.0142004,-33.8519,-0.073965,16.4023,0.209105,2.59077,0.135696,-73.5728,79.1659,-11.5926,-32.5305,-3.01001,10.3932,64.0514,-0.0357491,0.312783,0.00569075,-2.40001,0.0355651,2.62804,-0.833848,0.000651847,-0.000825871,0.000405205,0.00341019,0.000106385,-0.000197125,-0.000537333,
1.262,0,0,0,0,0,0,0,0,0,0,0,0,0,0,0,0,0.0143815,0.999674,0.0206305,0,0.996373,-0.0125996,-0.0840429,0,-0.0837572,0.0217648,-0.996248,0,0.480128,-0.0131595,0.0762583,1,-0.0215052,-33.8916,-0.189016,16.4023,0.221007,2.56972,0.121963,122.709,58.5412,-180.103,-68.187,14.2304,-25.7771,-38.0382,-0.0357427,0.312795,0.00570246,-2.40002,0.0355638,2.62805,-0.833842,-0.00123924,8.96239e-05,0.00391269,-0.00100962,-0.000299143,0.000452932,0.000137859,
1.296,0,0,0,0,0,0,0,0,0,0,0,0,0,0,0,0,0.0143611,0.999674,0.0206346,0,0.99637,-0.0125782,-0.0840765,0,-0.0837912,0.0217675,-0.996246,0,0.480115,-0.0131508,0.0762485,1,-0.0215052,-33.9273,-0.189016,16.5134,0.214598,2.60451,0.175064,99.2005,-86.4479,-24.4771,189.417,-0.953128,16.4189,91.237,-0.0357346,0.312803,0.00571033,-2.40004,0.0355645,2.62804,-0.833848,-0.000713469,0.000808563,7.29465e-05,-0.000957746,-0.000135764,-0.000306738,-0.00254426,
1.33,0,0,0,0,0,0,0,0,0,0,0,0,0,0,0,0,0.014354,0.999674,0.020636,0,0.996369,-0.0125706,-0.084095,0,-0.0838098,0.0217686,-0.996244,0,0.480104,-0.013147,0.0762433,1,-0.061178,-33.8519,-0.224722,16.4777,0.214598,2.58345,0.181472,-49.0906,88.6493,-133.363,71.8706,8.26246,-10.5844,33.6746,-0.0357312,0.312799,0.00571387,-2.40006,0.0355645,2.62804,-0.833849,1.45093e-07,-0.00125014,0.00131622,-0.00770014,-0.000222365,-0.00700268,-0.00259677,
1.364,0,0,0,0,0,0,0,0,0,0,0,0,0,0,0,0,0.0143616,0.999674,0.0206349,0,0.996368,-0.012578,-0.0841038,0,-0.0838185,0.0217683,-0.996243,0,0.480101,-0.0131487,0.0762404,1,-0.0968836,-33.8916,-0.149343,16.4777,0.196288,2.59077,0.155838,-11.5953,-41.7028,108.471,14.541,-28.2379,28.2795,-3.65258,-0.0357285,0.312802,0.00570787,-2.40007,0.0355665,2.62804,-0.833847,0.000229135,0.00127835,-0.00213134,-0.000780168,-0.00442339,-3.30092e-05,-0.000699737,
1.398,0,0,0,0,0,0,0,0,0,0,0,0,0,0,0,0,0.0143604,0.999674,0.0206363,0,0.996365,-0.012576,-0.0841405,0,-0.0838552,0.02177,-0.99624,0,0.480085,-0.0131512,0.0762308,1,0.0142004,-33.9273,-0.189016,16.5491,0.221007,2.61091,0.181472,78.284,-64.2384,-170.486,-77.0739,10.0935,-5.60195,88.9897,-0.0357385,0.312807,0.00571125,-2.40009,0.0355638,2.62803,-0.833853,-0.00135785,0.000353248,0.00208264,0.0010462,-0.000274272,0.000147115,-0.00164008,
1.432,0,0,0,0,0,0,0,0,0,0,0,0,0,0,0,0,0.0143841,0.999674,0.0206308,0,0.996359,-0.0125987,-0.0842024,0,-0.0839167,0.0217672,-0.996235,0,0.480055,-0.0131648,0.0762146,1,0.049906,-33.8916,-0.073965,16.6205,0.2265,2.61824,0.181472,-23.1443,-35.9416,-134.546,81.3092,10.1518,12.7712,46.7689,-0.0357492,0.312805,0.0056937,-2.40014,0.03556,2.62802,-0.833854,-0.00499648,-0.00031778,-0.00238691,-0.00341911,-0.000296993,-0.000359561,-0.00131878,
1.466,0,0,0,0,0,0,0,0,0,0,0,0,0,0,0,0,0.0143729,0.999674,0.0206314,0,0.99636,-0.0125876,-0.0841978,0,-0.0839123,0.0217669,-0.996235,0,0.480056,-0.0131577,0.0762152,1,-0.061178,-33.8916,-0.189016,16.5134,0.239317,2.58345,0.142105,-13.6751,4.6424,-188.78,-80.1722,0.0573282,-8.7719,2.68209,-0.0357407,0.312805,0.00569964,-2.40014,0.0355585,2.62802,-0.833849,0.00140499,0.000773189,0.00171239,0.000744352,-0.000389682,0.000334536,0.00110452,
1.5,0,0,0,0,0,0,0,0,0,0,0,0,0,0,0,0,0.0143628,0.999674,0.0206331,0,0.99636,-0.0125772,-0.0842039,0,-0.0839186,0.0217678,-0.996235,0,0.480053,-0.0131585,0.0762133,1,-0.0215052,-33.8519,-0.113638,16.5848,0.232909,2.59077,0.228164,28.8841,81.9135,23.2356,-3.43741,-17.3675,-30.8619,32.3492,-0.0357402,0.312805,0.00569731,-2.40014,0.035561,2.62802,-0.833864,-0.000549861,-0.00039375,-0.000386389,-0.000403744,0.00027113,0.000297572,-0.00132838,
1.534,0,0,0,0,0,0,0,0,0,0,0,0,0,0,0,0,0.0143347,0.999675,0.0206342,0,0.996359,-0.0125489,-0.0842122,0,-0.0839275,0.0217667,-0.996234,0,0.48005,-0.0131494,0.0762105,1,-0.136556,-33.8916,-0.189016,16.6205,0.244811,2.59718,0.241897,-127.323,-10.1894,-71.6816,-25.1389,0.999421,-11.0645,90.2864,-0.0357297,0.312808,0.00570498,-2.40015,0.0355564,2.62802,-0.83387,0.00203521,0.000394735,0.000218828,-0.000856045,-0.000237775,0.000205588,-0.0029847,
1.568,0,0,0,0,0,0,0,0,0,0,0,0,0,0,0,0,0.014339,0.999675,0.0206341,0,0.996361,-0.0125537,-0.0841924,0,-0.0839076,0.0217667,-0.996236,0,0.480057,-0.0131484,0.0762161,1,-0.0968836,-33.8162,-0.224722,16.5134,0.244811,2.56972,0.168655,-15.7022,-71.0789,-193.456,-80.9167,-1.81918,13.0172,27.4889,-0.035731,0.312802,0.00570846,-2.40014,0.0355564,2.62803,-0.833863,0.000574716,0.000981395,0.00234735,0.000647682,6.81096e-05,6.62851e-05,-0.000356129,
1.602,0,0,0,0,0,0,0,0,0,0,0,0,0,0,0,0,0.0143539,0.999674,0.0206305,0,0.99636,-0.0125686,-0.0842048,0,-0.0839197,0.0217645,-0.996235,0,0.480052,-0.01316,0.0762132,1,-0.0215052,-33.8162,-0.073965,16.6205,0.251219,2.59077,0.162246,-70.2325,295.566,32.3784,195.58,3.52346,4.30874,-0.675785,-0.0357402,0.312803,0.00569477,-2.40015,0.0355557,2.62802,-0.83387,0.000141505,-0.00258339,-0.000310703,-0.00111449,-0.000262518,-0.000133548,-0.00216551,
1.636,0,0,0,0,0,0,0,0,0,0,0,0,0,0,0,0,0.0143328,0.999675,0.0206345,0,0.996361,-0.0125475,-0.0841862,0,-0.0839015,0.0217664,-0.996236,0,0.480057,-0.0131505,0.0762182,1,-0.0968836,-33.7408,-0.189016,16.5848,0.244811,2.54866,0.195205,-28.4583,42.7636,4.75753,161.092,-12.8828,-9.16822,-29.2688,-0.0357325,0.312795,0.00570592,-2.40015,0.0355574,2.62803,-0.833874,0.000201495,0.000213306,0.00105243,0.00150859,0.000262237,0.00030071,-0.000477076,
1.67,0,0,0,0,0,0,0,0,0,0,0,0,0,0,0,0,0.0142995,0.999675,0.0206383,0,0.996364,-0.0125147,-0.084158,0,-0.083874,0.0217671,-0.996239,0,0.480067,-0.0131355,0.0762251,1,-0.136556,-33.6654,-0.264395,16.4777,0.251219,2.51478,0.168655,149.518,58.9278,-12.93,-66.3667,-30.8951,-6.44724,9.86627,-0.0357194,0.312789,0.00572304,-2.40014,0.0355556,2.62804,-0.833876,-0.000335326,0.000279557,-0.0023745,-0.0059131,0.000336627,-0.000174893,5.73178e-05,
1.704,0,0,0,0,0,0,0,0,0,0,0,0,0,0,0,0,0.0142896,0.999675,0.0206384,0,0.996363,-0.0125044,-0.0841752,0,-0.0838914,0.0217666,-0.996237,0,0.480062,-0.0131347,0.0762201,1,-0.136556,-33.7765,-0.149343,16.5134,0.263121,2.54866,0.195205,-6.17696,-82.5948,133.415,-96.9362,12.2961,-3.09191,-5.35893,-0.0357162,0.312797,0.00572136,-2.40014,0.0355543,2.62803,-0.833884,-0.00012683,0.000721963,-0.00122074,0.00038744,-2.13173e-05,9.88523e-05,8.79756e-05,
1.738,0,0,0,0,0,0,0,0,0,0,0,0,0,0,0,0,0.0143027,0.999675,0.0206385,0,0.996364,-0.0125179,-0.0841596,0,-0.0838755,0.0217676,-0.996238,0,0.480067,-0.0131391,0.0762251,1,-0.061178,-33.6654,-0.189016,16.4777,0.256712,2.54225,0.188797,52.0184,-86.5367,-47.3648,-15.1218,-5.43023,19.6236,36.056,-0.0357271,0.312789,0.00572312,-2.40014,0.035555,2.62804,-0.83388,-0.000796462,0.000364851,-0.000181369,-0.00614755,0.000222813,-0.00062687,-0.000675811,
1.772,0,0,0,0,0,0,0,0,0,0,0,0,0,0,0,0,0.0142943,0.999675,0.0206391,0,0.996365,-0.0125096,-0.0841493,0,-0.0838654,0.0217673,-0.996239,0,0.480069,-0.0131352,0.076229,1,-0.0968836,-33.6258,-0.264395,16.4777,0.263121,2.52119,0.148513,62.517,-167.231,-49.7283,-25.912,-3.81053,-10.8655,-26.0075,-0.0357229,0.312781,0.00572699,-2.40014,0.0355543,2.62804,-0.83388,-0.000752757,0.0009756,0.00130986,-0.000210096,2.19875e-05,-0.000114783,0.00208696,
1.806,0,0,0,0,0,0,0,0,0,0,0,0,0,0,0,0,0.0142443,0.999676,0.0206455,0,0.996365,-0.0124592,-0.0841533,0,-0.0838704,0.0217696,-0.996239,0,0.480069,-0.0131133,0.0762278,1,-0.319052,-33.6654,-0.339773,16.5134,0.275023,2.54225,0.175064,-164.824,-54.7704,3.87062,27.5338,-13.3323,17.6,-27.6379,-0.0357001,0.312784,0.00574739,-2.40014,0.035553,2.62804,-0.833887,0.0018732,9.57875e-05,0.00181348,-0.000496459,0.00014647,-0.000543731,0.00211905,
1.84,0,0,0,0,0,0,0,0,0,0,0,0,0,0,0,0,0.0141319,0.999677,0.0206646,0,0.996367,-0.0123457,-0.0841476,0,-0.0838669,0.0217791,-0.996239,0,0.48007,-0.0130628,0.0762303,1,-0.283346,-33.5544,-0.411184,16.5491,0.293334,2.52119,0.195205,62.6855,1.47099,-34.132,252.847,7.43333,-24.5417,-15.3257,-0.0356711,0.312776,0.00581604,-2.40014,0.0355462,2.62804,-0.833898,0.00314072,-0.000305619,0.0034883,-0.00197186,-0.000246356,0.000313485,0.00127824,
1.874,0,0,0,0,0,0,0,0,0,0,0,0,0,0,0,0,0.0139713,0.999679,0.0206823,0,0.996369,-0.0121841,-0.0841449,0,-0.0838674,0.0217832,-0.996239,0,0.480074,-0.0129971,0.07623,1,-0.434103,-33.5901,-0.561941,16.4777,0.305235,2.51478,0.268447,-8.53339,-39.0537,-53.1518,1.0328,9.91902,0.792653,-6.22436,-0.0355911,0.31278,0.0058671,-2.40014,0.0355449,2.62804,-0.833929,0.000418606,-0.000161776,0.00530662,-0.000223458,-9.62628e-05,9.32203e-05,-0.001102,
1.908,0,0,0,0,0,0,0,0,0,0,0,0,0,0,0,0,0.0138845,0.99968,0.0207063,0,0.996367,-0.0120948,-0.084181,0,-0.0839052,0.0218004,-0.996235,0,0.480066,-0.0129442,0.076218,1,-0.469808,-33.8916,-0.561941,16.4777,0.293334,2.59718,0.181472,52.3257,-55.039,62.2865,-127.084,-3.79295,-7.44356,-13.9149,-0.0355653,0.312803,0.00594205,-2.40014,0.0355462,2.62803,-0.833921,-0.000570033,0.000927911,0.00113773,0.00117495,0.000210438,-0.000305509,0.000948243,
1.942,0,0,0,0,0,0,0,0,0,0,0,0,0,0,0,0,0.0139137,0.999679,0.0207032,0,0.996362,-0.0121229,-0.0842413,0,-0.0839649,0.0218004,-0.99623,0,0.480048,-0.0129618,0.0761946,1,-0.319052,-34.1137,-0.411184,16.5848,0.311644,2.59718,0.234573,89.6549,-65.8082,78.6456,-5.21314,21.1758,-16.1302,-34.8075,-0.0355881,0.312843,0.00592825,-2.40015,0.0355441,2.62802,-0.833927,-0.00107227,0.00312345,-0.00187969,0.000193793,-0.000362312,0.000168934,-0.000782184,
1.976,0,0,0,0,0,0,0,0,0,0,0,0,0,0,0,0,0.0134537,0.999683,0.0208106,0,0.996327,-0.0116449,-0.0847242,0,-0.0844567,0.0218744,-0.996187,0,0.479919,-0.0128789,0.0760453,1,-0.207968,-32.7649,-0.3001,15.597,0.329039,2.31428,0.0954127,16.004,-28.063,-92.1631,-20.9057,-1.56672,-12.0081,5.88893,-0.0356584,0.313099,0.00613523,-2.40019,0.0355422,2.62783,-0.834267,-0.00477695,0.0122848,0.0103129,-0.00668718,4.30965e-05,-0.0102274,-0.00983352,
2.01,0,0,0,0,0,0,0,0,0,0,0,0,0,0,0,0,0.0133437,0.999683,0.020911,0,0.996248,-0.0115059,-0.0856674,0,-0.0854013,0.0219761,-0.996104,0,0.479641,-0.0128147,0.0756269,1,-0.172262,-33.0664,-0.073965,15.597,0.311644,2.16231,0.135696,24.1228,-1.78247,-25.8618,45.4124,14.0746,12.5395,24.2088,-0.0358115,0.313882,0.00637365,-2.40032,0.0355441,2.62779,-0.834324,-0.00312768,0.0362118,0.00189413,0.00212629,-0.000180835,0.000300838,-0.00166066,
2.044,0,0,0,0,0,0,0,0,0,0,0,0,0,0,0,0,0.013463,0.999681,0.0209021,0,0.996236,-0.011623,-0.085782,0,-0.0855134,0.0219788,-0.996095,0,0.479576,-0.0128594,0.0751399,1,0.049906,-32.8402,0.112497,15.1606,0.293334,2.0442,0.0825953,11.3151,-17.6034,-41.6181,-265.797,6.5174,31.2732,-9.05264,-0.0359485,0.315066,0.00642169,-2.4003,0.0355472,2.62883,-0.834319,-0.00305499,0.0389356,0.000583831,0.0044484,9.70352e-05,0.049497,-0.00102484,
2.078,0,0,0,0,0,0,0,0,0,0,0,0,0,0,0,0,0.013557,0.999681,0.0208445,0,0.996296,-0.0117373,-0.0850711,0,-0.0848009,0.021921,-0.996157,0,0.479735,-0.0129214,0.074728,1,0.200663,-32.6538,0.223581,14.9424,0.299742,1.96821,0.121963,129.278,-22.4684,4.47955,-28.9499,9.59721,-26.3582,41.5434,-0.0360469,0.316292,0.00642636,-2.40012,0.0355491,2.6306,-0.834335,-0.00505971,0.0376487,0.000783236,0.0098406,2.4612e-05,0.0502291,-0.00202534,
2.112,0,0,0,0,0,0,0,0,0,0,0,0,0,0,0,0,0.0135817,0.999682,0.0207803,0,0.996372,-0.0117871,-0.0841693,0,-0.0838992,0.0218485,-0.996235,0,0.480059,-0.0130073,0.0743894,1,0.311747,-32.4276,0.560801,14.867,0.293334,1.91328,0.069778,-10.5977,101.49,234.738,126.705,3.23606,-15.4952,27.3049,-0.0361355,0.317601,0.00638564,-2.39954,0.0355465,2.63223,-0.834445,-0.00106862,0.0328747,-0.00155511,0.0260561,1.05893e-05,0.0399647,-0.000251747,
2.146,0,0,0,0,0,0,0,0,0,0,0,0,0,0,0,0,0.0137554,0.99968,0.0207477,0,0.996417,-0.0119752,-0.0836131,0,-0.0833395,0.0218239,-0.996282,0,0.480411,-0.013113,0.0741498,1,0.422831,-32.4276,0.485422,14.6845,0.26953,1.86476,0.0761866,32.2287,27.3495,-13.7069,157.697,-10.1478,12.3178,79.3645,-0.0363044,0.318789,0.00637019,-2.39864,0.0355478,2.63308,-0.834461,-0.00707187,0.0332447,0.000323027,0.0334353,-0.00652426,0.016018,-0.00245316,
2.18,0,0,0,0,0,0,0,0,0,0,0,0,0,0,0,0,0.0138025,0.99968,0.0207285,0,0.99648,-0.0120404,-0.0828494,0,-0.0825749,0.0217995,-0.996346,0,0.481055,-0.0131596,0.0740144,1,0.387125,-32.4633,0.560801,14.7202,0.281432,1.85744,0.069778,-145.385,138.866,20.7006,5.31776,-5.37513,9.52044,39.4897,-0.0363579,0.320216,0.00637293,-2.39694,0.0355475,2.63357,-0.83446,-0.000932776,0.0524215,-0.000358014,0.0628243,-0.000164879,0.00517928,-0.00157077,
2.214,0,0,0,0,0,0,0,0,0,0,0,0,0,0,0,0,0.013786,0.999681,0.0207235,0,0.996575,-0.0120497,-0.0816924,0,-0.0814181,0.0217791,-0.996442,0,0.482199,-0.0131864,0.0740051,1,0.236368,-32.5387,0.29896,14.5377,0.26953,1.75398,0.00294445,47.3471,-167.48,8.61424,-138.351,2.77682,0.508352,-11.9953,-0.0363561,0.322191,0.00638434,-2.39385,0.0355499,2.63362,-0.834449,-0.00137518,0.0640252,0.00109997,0.113866,0.000300051,-0.00381298,0.00155365,
2.248,0,0,0,0,0,0,0,0,0,0,0,0,0,0,0,0,0.0137131,0.999681,0.0207294,0,0.996701,-0.0120102,-0.0801524,0,-0.0798794,0.0217605,-0.996567,0,0.483751,-0.0131838,0.0740216,1,0.125284,-32.8006,0.223581,13.9188,0.263121,1.60933,-0.0364232,98.0488,-22.734,113.826,-217.754,-7.39611,8.86287,-2.0334,-0.0363112,0.324797,0.00643223,-2.38965,0.0355543,2.63357,-0.834411,0.00335713,0.0927403,-0.00160687,0.147625,-3.81882e-05,-0.00497806,0.00195381,
2.282,0,0,0,0,0,0,0,0,0,0,0,0,0,0,0,0,0.0136986,0.999682,0.0207358,0,0.996835,-0.0120323,-0.078455,0,-0.0781821,0.0217454,-0.996702,0,0.485826,-0.0132312,0.0738847,1,0.347452,-32.8759,0.449717,14.2481,0.256712,1.602,-0.00987293,9.74991,37.5447,50.5484,14.0317,7.1993,-8.12879,-21.7852,-0.036304,0.32879,0.00644527,-2.3837,0.035555,2.63331,-0.834379,-0.0061658,0.133171,-0.00119182,0.195999,-0.000236191,-0.0111834,0.00115235,
2.316,0,0,0,0,0,0,0,0,0,0,0,0,0,0,0,0,0.0137341,0.99968,0.0207631,0,0.996948,-0.0120973,-0.0770008,0,-0.0767265,0.0217577,-0.996815,0,0.488349,-0.013322,0.0734581,1,0.498209,-32.5387,0.636179,13.8077,0.244811,1.41524,-0.0364232,-23.7456,31.3866,-113.013,87.2695,-3.15794,-13.8398,-95.5538,-0.0363394,0.334469,0.00643316,-2.3759,0.0355564,2.63266,-0.834367,-0.000343836,0.18286,-0.0018463,0.245682,3.97841e-05,-0.0149977,0.0020499,
2.35,0,0,0,0,0,0,0,0,0,0,0,0,0,0,0,0,0.013768,0.999679,0.0207929,0,0.997067,-0.0121629,-0.0754391,0,-0.0751635,0.0217709,-0.996934,0,0.491265,-0.0134263,0.0727849,1,0.609293,-33.4036,0.711558,14.4306,0.239317,1.43629,-0.00987293,20.955,-114.085,-107.15,-135.094,-21.8647,-26.9584,15.0802,-0.036375,0.34152,0.00641826,-2.36672,0.0355566,2.63209,-0.83436,-0.00071093,0.221367,-0.000136607,0.278824,0.00019043,-0.0237644,0.00120495,
2.384,0,0,0,0,0,0,0,0,0,0,0,0,0,0,0,0,0.0138695,0.999678,0.0208064,0,0.997189,-0.0122993,-0.0737867,0,-0.0735084,0.0217717,-0.997057,0,0.494494,-0.0135829,0.0717914,1,0.90684,-32.9513,0.973398,14.137,0.239317,1.16621,0.0496363,48.1824,-12.9167,-59.1774,17.1712,22.7024,10.6657,14.0305,-0.0364494,0.349977,0.0063638,-2.35637,0.035557,2.63185,-0.834368,-0.00194482,0.260051,0.000833468,0.316837,-0.000263095,0.00260247,-0.00155814,
2.418,0,0,0,0,0,0,0,0,0,0,0,0,0,0,0,0,0.0140528,0.999675,0.0208074,0,0.997349,-0.0125309,-0.0715476,0,-0.071265,0.0217581,-0.99722,0,0.498146,-0.013798,0.0707842,1,0.90684,-32.9513,1.0091,13.6609,0.214598,0.951979,0.056045,5.39364,140.042,-76.4171,54.7805,-5.67958,5.122,20.2465,-0.0366086,0.359137,0.00630765,-2.34491,0.0355597,2.6318,-0.834377,-0.00863501,0.283341,-0.00308518,0.358368,8.34976e-05,0.000249519,-0.00141732,
2.452,0,0,0,0,0,0,0,0,0,0,0,0,0,0,0,0,0.0141163,0.999674,0.0208308,0,0.997498,-0.0126392,-0.0694158,0,-0.0691312,0.021759,-0.99737,0,0.501996,-0.0139567,0.0697575,1,1.01792,-33.5544,1.15986,13.5895,0.196288,0.986769,0.0294947,17.855,52.264,38.8482,-55.189,-4.61088,61.2151,-18.2782,-0.0366595,0.368739,0.00626214,-2.33263,0.0355618,2.63125,-0.834382,9.64247e-05,0.285782,-0.00109762,0.371232,0.000766116,-0.0303187,-0.0014504,
2.486,0,0,0,0,0,0,0,0,0,0,0,0,0,0,0,0,0.0140978,0.999671,0.0209549,0,0.997546,-0.0126273,-0.0687225,0,-0.0684366,0.0218727,-0.997416,0,0.505825,-0.014081,0.0686987,1,0.982218,-33.7765,1.19953,13.9902,0.214598,1.14607,0.0230861,-160.287,55.3799,1.09418,-20.9065,-11.9708,46.6355,-111.62,-0.0366937,0.378701,0.00623274,-2.3193,0.0355597,2.62857,-0.834429,0.00420796,0.280483,-0.00143557,0.385878,-0.000154916,-0.117903,-0.00165414,
2.52,0,0,0,0,0,0,0,0,0,0,0,0,0,0,0,0,0.0140926,0.999668,0.0211264,0,0.997505,-0.012597,-0.0693261,0,-0.0690383,0.0220511,-0.99737,0,0.509224,-0.0141791,0.0673676,1,0.831461,-33.6654,0.822641,14.0616,0.202696,1.09755,0.0432277,45.1449,-104.296,-108.525,-29.6705,-14.3836,-8.07204,-54.3314,-0.036715,0.388803,0.00620377,-2.30635,0.0355611,2.62512,-0.834466,-0.00498476,0.289117,-1.96935e-05,0.362388,0.00309352,-0.0666521,3.4431e-05,
2.554,0,0,0,0,0,0,0,0,0,0,0,0,0,0,0,0,0.0139387,0.999667,0.0212654,0,0.997552,-0.0124485,-0.0686653,0,-0.068379,0.0221709,-0.997413,0,0.512923,-0.0142117,0.0662577,1,0.684672,-33.7765,0.862314,13.9188,0.232909,1.08382,0.0624537,127.67,137.508,-99.4687,5.9809,-15.9651,60.6816,-28.6155,-0.0366401,0.398614,0.00623366,-2.29331,0.0355577,2.62255,-0.834486,0.00113307,0.301456,0.00422607,0.406708,-7.50994e-05,-0.0847759,0.00262924,
2.588,0,0,0,0,0,0,0,0,0,0,0,0,0,0,0,0,0.0138861,0.999665,0.0214126,0,0.997578,-0.0123939,-0.0683098,0,-0.0680228,0.0223097,-0.997434,0,0.516471,-0.0142908,0.0652437,1,0.982218,-34.8279,1.15986,14.0616,0.232909,1.07649,0.0954127,15.0644,156.945,2.3619,43.6484,12.632,7.2016,-45.6385,-0.0366388,0.407957,0.00623389,-2.28054,0.0355577,2.61947,-0.834505,-0.000583592,0.259353,-0.000419528,0.355071,-8.5123e-05,-0.0891437,-0.00446121,
2.622,0,0,0,0,0,0,0,0,0,0,0,0,0,0,0,0,0.0137298,0.999663,0.0215787,0,0.99757,-0.0122234,-0.0684529,0,-0.0681674,0.0224666,-0.997421,0,0.519683,-0.0143558,0.0641469,1,0.720377,-34.7921,0.937693,14.137,0.275023,1.15248,0.135696,-76.6188,-15.1201,-82.3368,25.1201,12.3001,25.4763,-9.54148,-0.0366429,0.416963,0.00624448,-2.26851,0.035553,2.61629,-0.834628,0.00113883,0.238769,0.0069132,0.347235,-0.000142432,-0.118346,-0.00399008,
2.656,0,0,0,0,0,0,0,0,0,0,0,0,0,0,0,0,0.0135786,0.999661,0.021778,0,0.997492,-0.0120328,-0.0696037,0,-0.0693194,0.0226689,-0.997337,0,0.522526,-0.0144841,0.0632664,1,1.16868,-34.3042,1.23524,14.2084,0.286925,1.13234,0.148513,14.9124,-105.465,-104.728,18.0249,3.77961,-25.3966,-8.35572,-0.0367158,0.424959,0.00617135,-2.25707,0.0355506,2.61169,-0.834887,-0.00560607,0.210353,0.00214099,0.315954,-0.000376737,-0.128864,-0.00842349,
2.69,0,0,0,0,0,0,0,0,0,0,0,0,0,0,0,0,0.0133136,0.99966,0.0219877,0,0.99743,-0.0117323,-0.0705441,0,-0.0702635,0.0228708,-0.997266,0,0.525202,-0.0145817,0.0628801,1,0.942545,-35.3912,1.15986,14.2481,0.293334,1.30446,0.201614,11.1708,-35.8311,-56.0111,-87.2579,-8.1172,9.56778,44.8608,-0.0367534,0.43137,0.00610809,-2.24656,0.035551,2.60663,-0.835203,0.000712672,0.181084,0.000293197,0.306739,-0.000224103,-0.156748,-0.00949908,
2.724,0,0,0,0,0,0,0,0,0,0,0,0,0,0,0,0,0.0132294,0.999657,0.0221812,0,0.997377,-0.0116168,-0.071314,0,-0.0710333,0.0230669,-0.997207,0,0.52772,-0.0146478,0.0627713,1,1.01792,-35.8038,1.19953,15.1963,0.335448,1.45003,0.142105,-18.6227,130.53,-17.6623,-55.3848,35.9083,-29.3743,-62.3336,-0.0367711,0.436764,0.00607425,-2.23682,0.035543,2.60151,-0.835276,0.000121577,0.149893,0.00126973,0.273741,-0.000848988,-0.149582,-0.00302247,
2.758,0,0,0,0,0,0,0,0,0,0,0,0,0,0,0,0,0.0131185,0.999654,0.0223907,0,0.997304,-0.0114672,-0.0723473,0,-0.0720669,0.0232798,-0.997128,0,0.529871,-0.0146449,0.0626606,1,0.609293,-36.0299,0.973398,14.9781,0.329039,1.58827,0.168655,-122.838,168.553,77.142,-39.5535,-3.43917,18.2078,0.394106,-0.0367304,0.44152,0.00608805,-2.22819,0.035547,2.59659,-0.835291,0.00408647,0.128648,-0.00388023,0.245393,4.20165e-05,-0.15501,0.000255771,
2.792,0,0,0,0,0,0,0,0,0,0,0,0,0,0,0,0,0.013086,0.999649,0.0226063,0,0.997174,-0.0113773,-0.0741242,0,-0.0738425,0.0235129,-0.996993,0,0.53158,-0.0146785,0.0626698,1,1.01792,-36.4782,1.31062,14.9424,0.34735,1.62947,0.241897,-3.35389,178.548,23.2994,-232.878,0.670162,32.2266,-27.5324,-0.0367464,0.44532,0.00606065,-2.22063,0.0355402,2.59103,-0.835313,-0.00126332,0.095847,-0.00100584,0.210757,-0.00159314,-0.150581,-0.00169606,
2.826,0,0,0,0,0,0,0,0,0,0,0,0,0,0,0,0,0.0130585,0.999646,0.0227823,0,0.997086,-0.0113088,-0.0753096,0,-0.0750267,0.0236998,-0.9969,0,0.53318,-0.0147168,0.0628483,1,0.720377,-36.2918,0.973398,15.2677,0.377562,1.70546,0.261123,-147.622,1.74159,-22.8115,61.6574,14.9291,16.5775,17.5169,-0.0367586,0.448365,0.00602716,-2.21395,0.0355368,2.58621,-0.835333,-0.00212096,0.086661,0.000614614,0.194987,-0.00120378,-0.125476,-0.00194646,
2.86,0,0,0,0,0,0,0,0,0,0,0,0,0,0,0,0,0.0130358,0.999643,0.0229152,0,0.997052,-0.0112652,-0.0757655,0,-0.0754817,0.0238358,-0.996862,0,0.534716,-0.0147433,0.0629471,1,0.756083,-36.8908,1.0091,15.1249,0.329039,1.38777,0.221755,-134.65,-163.335,-19.2486,-5.83616,31.7658,73.5053,18.1546,-0.0367581,0.451294,0.00601607,-2.20803,0.0355464,2.58275,-0.835334,0.000578512,0.0943639,-0.000777087,0.166374,-0.000299649,-0.0779575,-0.00376106,
2.894,0,0,0,0,0,0,0,0,0,0,0,0,0,0,0,0,0.0129206,0.999643,0.0229836,0,0.997112,-0.0111637,-0.0749904,0,-0.0747085,0.0238867,-0.996919,0,0.536398,-0.0147218,0.0628347,1,0.609293,-37.117,0.89802,14.7599,0.323546,1.41524,0.129287,181.555,-72.3949,132.868,125.218,7.79171,21.2241,-25.1667,-0.036699,0.454706,0.00606714,-2.2024,0.0355428,2.58131,-0.83531,0.00358619,0.112374,-0.0012819,0.16845,9.30925e-05,-0.0358262,0.00122239,
2.928,0,0,0,0,0,0,0,0,0,0,0,0,0,0,0,0,0.0128105,0.999643,0.023028,0,0.997195,-0.0110768,-0.0738968,0,-0.0736168,0.0239105,-0.997,0,0.538248,-0.0147112,0.0624415,1,0.684672,-36.7044,1.04878,14.7599,0.329039,1.27699,0.168655,-66.5174,114.973,59.4052,19.2437,18.3372,-15.2847,-72.6226,-0.036632,0.459039,0.00610949,-2.19627,0.0355454,2.58061,-0.835295,0.000824592,0.135282,0.0024848,0.185619,-0.000329303,-0.0189874,0.000459354,
2.962,0,0,0,0,0,0,0,0,0,0,0,0,0,0,0,0,0.0128295,0.999642,0.0230502,0,0.997291,-0.0111258,-0.0725772,0,-0.0722962,0.0239194,-0.997096,0,0.540299,-0.0147718,0.061956,1,0.871134,-36.4425,1.08448,14.7202,0.323546,1.24312,0.129287,-40.3771,83.3277,21.9949,96.5008,-10.9395,33.6015,-83.6352,-0.0366472,0.463938,0.00611899,-2.18951,0.0355476,2.58007,-0.835262,0.00491286,0.148479,-0.00141874,0.212403,7.17914e-05,-0.0200486,0.00144858,
2.996,0,0,0,0,0,0,0,0,0,0,0,0,0,0,0,0,0.0128386,0.999641,0.023089,0,0.997358,-0.0111544,-0.0716484,0,-0.0713666,0.0239483,-0.997163,0,0.542353,-0.0148506,0.0614961,1,0.942545,-36.8908,1.12416,14.5377,0.335448,1.15248,0.234573,11.8485,-28.6349,-112.873,108.651,-7.39471,18.6872,93.3762,-0.036673,0.468886,0.0061,-2.18243,0.0355458,2.57887,-0.835269,0.00074507,0.148313,0.00383617,0.214312,-0.000643471,-0.0461404,-0.00171487,
3.03,0,0,0,0,0,0,0,0,0,0,0,0,0,0,0,0,0.0127552,0.99964,0.0231752,0,0.997407,-0.0110814,-0.0709691,0,-0.0706881,0.0240208,-0.997209,0,0.544477,-0.0148691,0.0611599,1,0.644999,-36.5933,0.786936,14.6131,0.353758,1.19459,0.248306,12.2423,220.199,-98.6374,8.89693,7.88448,31.6125,38.5631,-0.0366445,0.47375,0.00612614,-2.17493,0.0355443,2.57691,-0.835266,-0.00164977,0.139655,0.00519468,0.225984,-0.000499228,-0.0710817,-0.00229099,
3.064,0,0,0,0,0,0,0,0,0,0,0,0,0,0,0,0,0.0128008,0.999637,0.023304,0,0.997456,-0.0111345,-0.07028,0,-0.0699964,0.0241448,-0.997255,0,0.546926,-0.0148679,0.0609664,1,0.720377,-36.7044,0.89802,14.3195,0.275023,0.980361,0.109146,-48.6236,-21.3533,28.4545,180.916,15.6654,-9.81748,-17.7898,-0.0366264,0.478934,0.00619951,-2.16627,0.035553,2.57412,-0.835098,0.000430063,0.161586,-2.44979e-06,0.272587,3.02722e-05,-0.0913112,0.00785756,
3.098,0,0,0,0,0,0,0,0,0,0,0,0,0,0,0,0,0.0127202,0.999634,0.0234834,0,0.997467,-0.0110451,-0.0701306,0,-0.0698469,0.0243164,-0.997261,0,0.549593,-0.0148183,0.0607045,1,0.644999,-37.716,0.822641,14.9027,0.299742,1.22847,0.228164,58.8777,-143.439,8.19075,-172.935,21.1597,2.1648,41.5299,-0.0365313,0.484867,0.00627932,-2.15632,0.035555,2.57025,-0.834962,0.00081931,0.184439,0.00178582,0.298883,-0.00056874,-0.147379,-0.00553685,
3.132,0,0,0,0,0,0,0,0,0,0,0,0,0,0,0,0,0.0126885,0.999629,0.0236817,0,0.997391,-0.0109729,-0.0712167,0,-0.0709318,0.024524,-0.99718,0,0.551951,-0.0148496,0.0603063,1,0.942545,-37.8311,1.04878,15.4145,0.281432,1.52602,0.162246,78.7918,-31.7245,-189.854,-76.8302,-24.6,46.7948,-26.1364,-0.036511,0.490845,0.0062637,-2.14644,0.0355523,2.56526,-0.834939,-0.00355123,0.174303,0.0005739,0.293464,0.000367845,-0.136531,0.00132562,
3.166,0,0,0,0,0,0,0,0,0,0,0,0,0,0,0,0,0.0126559,0.999625,0.0238649,0,0.997352,-0.0109137,-0.0717724,0,-0.0714864,0.0247106,-0.997135,0,0.554367,-0.0149059,0.0601193,1,0.795756,-38.1683,1.04878,15.232,0.305235,1.62306,0.241897,86.0509,87.1136,135.344,-82.1934,-7.72491,46.8077,16.4202,-0.0365372,0.496325,0.006257,-2.13681,0.0355501,2.56055,-0.834949,-0.000483836,0.153599,-0.000597353,0.273431,-3.20909e-05,-0.137441,-0.00126064,
3.2,0,0,0,0,0,0,0,0,0,0,0,0,0,0,0,0,0.0125795,0.999621,0.0240967,0,0.997238,-0.0107813,-0.0733519,0,-0.0730657,0.0249534,-0.997015,0,0.556218,-0.0149003,0.0599174,1,0.684672,-37.9818,0.862314,15.7438,0.286925,1.76131,0.234573,-69.9783,-74.5918,-111.495,209.966,-17.1445,12.3755,-26.6663,-0.0365248,0.500985,0.00627984,-2.12848,0.0355549,2.55528,-0.834953,0.00149392,0.11362,0.000936088,0.216294,0.000443704,-0.180165,7.90281e-05,
3.234,0,0,0,0,0,0,0,0,0,0,0,0,0,0,0,0,0.0124991,0.999615,0.0243604,0,0.997006,-0.010603,-0.0764677,0,-0.0761815,0.0252437,-0.996774,0,0.557071,-0.0148488,0.0598507,1,0.533915,-38.204,0.711558,16.438,0.305235,1.94807,0.175064,97.9737,-78.7823,76.7474,-4.16407,4.15117,-13.3935,-48.6188,-0.0364808,0.503739,0.00628824,-2.12274,0.0355511,2.54916,-0.834946,-0.00189263,0.0473315,0.000795793,0.12683,-0.000153835,-0.164495,0.00128268,
3.268,0,0,0,0,0,0,0,0,0,0,0,0,0,0,0,0,0.012462,0.999611,0.0245639,0,0.996786,-0.0104781,-0.0792979,0,-0.0790112,0.0254737,-0.996548,0,0.557088,-0.0147924,0.0600453,1,0.644999,-37.716,0.822641,16.6959,0.281432,2.10646,0.129287,-43.1142,-49.6568,-57.3803,87.1918,-8.21163,19.5272,0.0754089,-0.0364498,0.50412,0.00629279,-2.12052,0.0355567,2.54447,-0.834933,0.00199647,-0.00612623,-0.00299922,0.0245086,0.000208621,-0.114874,0.0011171,
3.302,0,0,0,0,0,0,0,0,0,0,0,0,0,0,0,0,0.0126159,0.999606,0.0246682,0,0.996625,-0.0105722,-0.0812894,0,-0.0809981,0.025611,-0.996385,0,0.556499,-0.014755,0.0602451,1,0.644999,-37.8668,0.747263,16.7673,0.251219,2.01674,0.195205,26.9532,-107.621,-55.1979,-108.13,-5.08798,29.0122,-7.63215,-0.0364742,0.503018,0.00631573,-2.12126,0.0355604,2.54212,-0.834784,-0.000462021,-0.0458137,0.000899505,-0.05095,0.000197612,-0.0429396,0.00256693,
3.336,0,0,0,0,0,0,0,0,0,0,0,0,0,0,0,0,0.0129422,0.999602,0.0246712,0,0.996525,-0.0108669,-0.0824698,0,-0.0821705,0.0256533,-0.996288,0,0.555494,-0.0147149,0.0603263,1,0.644999,-37.6049,0.786936,16.6959,0.166991,1.85744,0.0825953,-101.188,-46.289,-41.5613,93.4855,-20.6197,12.7431,-27.33,-0.0364753,0.501108,0.0063281,-2.12419,0.0355735,2.54195,-0.834475,-0.00121978,-0.0705336,8.10238e-05,-0.113218,0.000927097,0.0103726,0.00851694,
3.37,0,0,0,0,0,0,0,0,0,0,0,0,0,0,0,0,0.0136833,0.999593,0.0246485,0,0.996463,-0.011591,-0.0831138,0,-0.0827958,0.0256991,-0.996235,0,0.554294,-0.0146255,0.060475,1,0.498209,-37.8311,0.410044,16.4777,0.0635362,1.82997,0.0230861,-60.1956,57.4549,-127.817,4.11633,-9.99688,-13.6366,16.7462,-0.0364737,0.498488,0.00641852,-2.12832,0.0356292,2.54284,-0.83372,0.00269319,-0.079299,0.00439016,-0.13161,0.000359111,0.048283,0.0282521,
3.404,0,0,0,0,0,0,0,0,0,0,0,0,0,0,0,0,0.0142818,0.999584,0.0246499,0,0.996425,-0.0121778,-0.0834902,0,-0.083157,0.0257546,-0.996204,0,0.553003,-0.0144325,0.0606882,1,0.236368,-37.716,0.187876,16.8784,0.0516343,1.90596,-0.0428319,135.784,-213.025,-27.3505,130.138,-7.19159,4.97138,-23.9007,-0.0364166,0.495454,0.00663032,-2.13303,0.0356673,2.54416,-0.83293,-0.000837319,-0.0941434,0.00936675,-0.142555,0.00408188,0.0359677,0.012014,
3.438,0,0,0,0,0,0,0,0,0,0,0,0,0,0,0,0,0.0145572,0.999579,0.0247198,0,0.996358,-0.012427,-0.0842417,0,-0.0839006,0.0258566,-0.996139,0,0.551479,-0.0141823,0.0609524,1,-0.0215052,-37.4185,0.037119,16.8427,0.0159288,2.0442,-0.116074,153.753,-10.0158,67.4309,43.0378,-5.65033,38.1953,6.28941,-0.0363588,0.491938,0.0069208,-2.13834,0.0357059,2.54521,-0.832396,-0.00165713,-0.105861,0.00717737,-0.164181,0.00068342,0.0316353,0.0212852,
3.472,0,0,0,0,0,0,0,0,0,0,0,0,0,0,0,0,0.0149578,0.999571,0.0247951,0,0.99622,-0.0127791,-0.0858083,0,-0.0854563,0.0259854,-0.996003,0,0.549598,-0.0138966,0.0611992,1,-0.319052,-37.7914,-0.264395,17.0252,-0.044496,2.34175,-0.0693822,-57.1906,271.213,-44.5391,106.341,-18.4671,8.73249,28.7808,-0.0362878,0.487966,0.00723609,-2.14434,0.0357131,2.54568,-0.831678,0.000592147,-0.118353,0.0114416,-0.176362,0.000234591,0.00211162,0.0204402,
3.506,0,0,0,0,0,0,0,0,0,0,0,0,0,0,0,0,0.0151998,0.999566,0.0248654,0,0.996017,-0.0129539,-0.088113,0,-0.0877543,0.0261062,-0.9958,0,0.54729,-0.013631,0.0613872,1,-0.469808,-37.6049,-0.189016,17.0609,-0.0390029,2.47267,-0.155442,-305.285,140.1,89.9481,177.947,9.25739,31.8204,25.769,-0.0362037,0.483479,0.00748492,-2.15131,0.0357125,2.54586,-0.831166,0.0064588,-0.149178,0.00467572,-0.227736,-5.66348e-05,0.00503967,0.0103867,
3.54,0,0,0,0,0,0,0,0,0,0,0,0,0,0,0,0,0.015641,0.99956,0.024828,0,0.995823,-0.0133415,-0.0902226,0,-0.0898533,0.026136,-0.995612,0,0.544521,-0.0134499,0.061483,1,-0.24764,-37.1527,-0.149343,17.5013,-0.0811171,2.43788,-0.155442,-86.949,4.99267,-38.1634,20.9005,-11.16,42.3167,43.9865,-0.0361531,0.478231,0.00762116,-2.16008,0.0357125,2.54728,-0.830603,0.00121996,-0.163028,0.00187753,-0.273815,0.000174079,0.0636732,0.0108294,
3.574,0,0,0,0,0,0,0,0,0,0,0,0,0,0,0,0,0.0160784,0.999555,0.0247584,0,0.995656,-0.0137373,-0.0919872,0,-0.0916079,0.0261303,-0.995452,0,0.541342,-0.0132589,0.0615793,1,-0.061178,-37.6803,-0.00255384,17.5013,-0.104921,2.50746,-0.261643,149.61,-36.4715,110.003,-13.9845,-3.78537,33.3344,23.6073,-0.036131,0.472072,0.00779682,-2.17063,0.0357154,2.54991,-0.830048,-0.00290602,-0.19787,0.00238743,-0.322902,7.27165e-05,0.103619,0.0132604,
3.608,0,0,0,0,0,0,0,0,0,0,0,0,0,0,0,0,0.016335,0.999554,0.0246239,0,0.995569,-0.0139816,-0.0928881,0,-0.0925041,0.0260326,-0.995372,0,0.537879,-0.0130896,0.0617879,1,-0.319052,-36.9662,-0.113638,17.3148,-0.116823,2.42415,-0.248826,-28.1541,-185.422,94.6748,188.515,11.9098,-28.0668,-18.2922,-0.0361074,0.464862,0.00794513,-2.18289,0.0357164,2.55407,-0.829699,0.00788721,-0.225644,0.0013445,-0.386992,-9.20675e-05,0.130168,0.00363316,
3.642,0,0,0,0,0,0,0,0,0,0,0,0,0,0,0,0,0.0167328,0.999552,0.0244301,0,0.995513,-0.0143818,-0.0934241,0,-0.0930326,0.0258842,-0.995327,0,0.533983,-0.0129387,0.0618634,1,-0.172262,-36.8155,-0.149343,17.0252,-0.189149,2.45253,-0.361435,110.962,39.8975,-30.1793,124.171,-7.33988,-21.671,-4.78267,-0.0361297,0.457026,0.00810414,-2.19691,0.0357248,2.55973,-0.829265,-0.00317244,-0.246578,0.00833903,-0.428616,0.000157084,0.209488,0.0148928,
3.676,0,0,0,0,0,0,0,0,0,0,0,0,0,0,0,0,0.0168811,0.999555,0.0241823,0,0.995541,-0.014561,-0.0930975,0,-0.0927058,0.0256466,-0.995363,0,0.529907,-0.0127754,0.0618317,1,-0.283346,-36.141,-0.189016,17.6084,-0.158937,2.41041,-0.314744,-15.0698,41.6474,-161.26,310.585,25.7796,-31.4459,-43.1651,-0.0361169,0.448892,0.00827053,-2.21212,0.0357226,2.56715,-0.829039,0.000374743,-0.254939,0.0080689,-0.464044,-0.000272238,0.207542,0.000428261,
3.71,0,0,0,0,0,0,0,0,0,0,0,0,0,0,0,0,0.0170372,0.99956,0.0239012,0,0.99551,-0.0147348,-0.0933997,0,-0.0930082,0.0253857,-0.995342,0,0.525379,-0.0126976,0.0618827,1,-0.061178,-35.9149,0.037119,16.5491,-0.171754,2.25844,-0.321152,117.229,178.071,149.987,-184.324,4.67876,-25.8343,41.6575,-0.0361305,0.439887,0.0082922,-2.22843,0.0357273,2.57416,-0.82897,-0.00544357,-0.262016,-0.00191082,-0.482426,-0.000146333,0.238442,0.00540969,
3.744,0,0,0,0,0,0,0,0,0,0,0,0,0,0,0,0,0.0170909,0.999566,0.0235815,0,0.99556,-0.0148318,-0.0928544,0,-0.0924661,0.0250642,-0.9954,0,0.520681,-0.012592,0.0618576,1,0.0142004,-35.4666,-0.00255384,16.2198,-0.158937,2.27217,-0.380662,80.7118,-13.2997,30.2703,236.278,22.5115,28.9391,-98.2392,-0.0361422,0.430561,0.00837511,-2.24585,0.0357269,2.58282,-0.828948,-0.00187452,-0.286513,0.00418051,-0.527149,-0.000345455,0.252491,0.00291037,
3.778,0,0,0,0,0,0,0,0,0,0,0,0,0,0,0,0,0.0172222,0.999572,0.023241,0,0.995593,-0.0150037,-0.0924671,0,-0.0920806,0.0247316,-0.995444,0,0.51584,-0.0125342,0.0618202,1,0.049906,-34.9786,0.0728246,16.5848,-0.189149,2.19618,-0.354111,15.9657,-83.9768,-111.881,-72.5501,10.8169,17.2068,8.81093,-0.0361845,0.421091,0.00839769,-2.26354,0.035734,2.59143,-0.828941,-0.00474464,-0.293483,0.00125973,-0.525523,-0.000270266,0.257923,-0.0014882,
3.813,0,0,0,0,0,0,0,0,0,0,0,0,0,0,0,0,0.0173934,0.999577,0.0228794,0,0.995599,-0.0152099,-0.0923707,0,-0.0919854,0.0243858,-0.995462,0,0.510498,-0.0124776,0.061775,1,0.049906,-34.6017,0.112497,16.073,-0.171754,2.11378,-0.394394,-30.2422,-114.721,-134.175,-33.0769,24.7084,-50.2573,-38.0647,-0.0362241,0.410808,0.00839682,-2.28266,0.0357511,2.60038,-0.828929,-0.000974553,-0.29429,0.00145167,-0.55002,-0.000159263,0.266884,0.00142017,
3.849,0,0,0,0,0,0,0,0,0,0,0,0,0,0,0,0,0.0175557,0.999583,0.0225127,0,0.995572,-0.0153989,-0.0926321,0,-0.0922486,0.0240397,-0.995446,0,0.504666,-0.0124089,0.0615838,1,0.049906,-34.1137,0.148203,15.9262,-0.213869,2.06526,-0.341294,-110.223,205.5,58.1329,289.574,-21.9987,11.1878,57.8766,-0.0362848,0.400108,0.00841856,-2.30305,0.0357703,2.60982,-0.828939,0.000569096,-0.298057,0.00252115,-0.559049,0.000985584,0.258463,-0.00174803,
3.883,0,0,0,0,0,0,0,0,0,0,0,0,0,0,0,0,0.017698,0.999589,0.0221332,0,0.99559,-0.0155812,-0.0924008,0,-0.0920197,0.0236714,-0.995476,0,0.499274,-0.01236,0.0614179,1,0.16099,-34.1891,0.187876,15.8548,-0.177248,2.05153,-0.341294,39.0246,102.811,-102.449,-78.7599,-24.2955,-54.8581,-27.8601,-0.036341,0.390153,0.00842384,-2.3221,0.0357709,2.61916,-0.828953,-0.0023508,-0.307122,-0.00145881,-0.584383,0.000185033,0.293042,0.00043539,
3.917,0,0,0,0,0,0,0,0,0,0,0,0,0,0,0,0,0.017755,0.999597,0.0217224,0,0.995671,-0.0156969,-0.091503,0,-0.0911269,0.0232534,-0.995568,0,0.493918,-0.0123048,0.0612829,1,0.236368,-33.3639,0.263254,15.7438,-0.158937,2.03047,-0.294602,104.89,-126.812,-38.3048,43.3763,-7.95275,29.6899,-15.7822,-0.0363712,0.3801,0.00843227,-2.3414,0.035769,2.62932,-0.829018,-0.00317112,-0.295687,0.00108756,-0.56737,-2.77202e-05,0.282571,-0.00405882,
3.951,0,0,0,0,0,0,0,0,0,0,0,0,0,0,0,0,0.0177558,0.999605,0.0213588,0,0.995671,-0.0157308,-0.0915001,0,-0.0911297,0.0228914,-0.995576,0,0.48841,-0.0122862,0.0609839,1,0.458536,-32.6538,0.485422,15.3074,-0.165346,2.11378,-0.328476,29.9488,-9.26888,25.4442,-47.0062,-26.8754,-38.4171,-63.1606,-0.0364778,0.370477,0.0084219,-2.36036,0.0357713,2.63867,-0.829242,-0.00282873,-0.272539,-0.000555425,-0.532367,0.000339903,0.308499,-0.00885904,
3.985,0,0,0,0,0,0,0,0,0,0,0,0,0,0,0,0,0.0176001,0.999615,0.0209997,0,0.995716,-0.0156192,-0.091026,0,-0.0906647,0.0225122,-0.995627,0,0.483105,-0.0122774,0.060829,1,0.311747,-32.4276,0.449717,14.6845,-0.116823,1.97554,-0.268052,-68.9557,70.0199,26.2106,-73.1422,-3.96074,68.5179,-16.198,-0.0365909,0.360825,0.00841042,-2.37889,0.0357695,2.64803,-0.829616,-0.00239018,-0.282833,-0.0062426,-0.530116,0.00288903,0.243475,-0.0152103,
4.019,0,0,0,0,0,0,0,0,0,0,0,0,0,0,0,0,0.0174104,0.999625,0.0206656,0,0.995732,-0.0154638,-0.0908802,0,-0.0905283,0.0221601,-0.995647,0,0.477842,-0.0122198,0.0606341,1,0.276041,-32.6538,0.334665,15.8548,-0.0866103,2.16872,-0.208542,50.2498,-11.0722,-95.0358,-56.9847,1.62783,85.243,41.1626,-0.0366338,0.351497,0.00841984,-2.39691,0.0357702,2.65687,-0.829934,-0.00172759,-0.26191,0.000105766,-0.537241,-0.000315033,0.276452,-0.00635304,
4.053,0,0,0,0,0,0,0,0,0,0,0,0,0,0,0,0,0.0172156,0.999636,0.0203057,0,0.995782,-0.0153139,-0.0903549,0,-0.0900128,0.021776,-0.995703,0,0.472793,-0.0121714,0.060245,1,0.311747,-31.412,0.485422,14.502,-0.0563979,1.80983,-0.268052,-212.204,89.9821,80.1353,-229.749,18.6279,-0.998523,-21.3646,-0.0366585,0.343075,0.0084156,-2.41427,0.0357672,2.66634,-0.830251,0.000754658,-0.244967,-7.06141e-05,-0.488483,-0.000325796,0.254906,-0.0165211,
4.084,0,0,0,0,0,0,0,0,0,0,0,0,0,0,0,0,0.0171711,0.999643,0.0200027,0,0.995811,-0.0153037,-0.0900348,0,-0.0896983,0.0214654,-0.995738,0,0.468392,-0.0120999,0.0600311,1,0.125284,-31.3009,0.334665,14.3552,-0.0692153,2.00941,-0.181992,-209.738,124.499,136.611,-82.4178,-6.43371,69.8279,61.272,-0.0366519,0.335479,0.00843564,-2.42928,0.0357734,2.67408,-0.830353,0.00286347,-0.233602,0.0006949,-0.481257,0.000335104,0.246148,-0.00635615,
4.121,0,0,0,0,0,0,0,0,0,0,0,0,0,0,0,0,0.0170635,0.999652,0.019649,0,0.995876,-0.0152431,-0.0893328,0,-0.0890039,0.0210927,-0.995808,0,0.463426,-0.0119975,0.0598058,1,0.16099,-31.4874,0.148203,14.6845,-0.0390029,2.02406,-0.215867,211.513,-97.4488,-41.218,89.6941,8.84638,47.9304,-30.3442,-0.036633,0.326847,0.00849861,-2.44638,0.0357701,2.68326,-0.830463,-0.00380816,-0.223964,0.00157436,-0.447668,0.000217102,0.232817,-0.000658715,
4.155,0,0,0,0,0,0,0,0,0,0,0,0,0,0,0,0,0.0168959,0.99966,0.0193838,0,0.995843,-0.0150917,-0.0897187,0,-0.0893974,0.0208195,-0.995778,0,0.45887,-0.011932,0.0594422,1,0.311747,-30.7376,0.410044,14.3909,-0.0325942,2.01674,-0.142624,-6.18228,97.3908,119.299,7.34584,23.5439,0.398917,73.4673,-0.0366599,0.319637,0.00852206,-2.46118,0.0357682,2.69047,-0.830714,0.0033802,-0.205381,-0.00144245,-0.414802,-0.00292072,0.212887,-0.0105455,
4.189,0,0,0,0,0,0,0,0,0,0,0,0,0,0,0,0,0.0167821,0.999667,0.0190852,0,0.995929,-0.0150245,-0.0887748,0,-0.0884602,0.0204977,-0.995869,0,0.455011,-0.0118841,0.0593137,1,0.16099,-30.7376,0.223581,14.6845,-0.00879048,1.96181,-0.155442,20.4103,185.59,64.0328,40.5307,-17.5519,-29.17,37.5664,-0.036666,0.312805,0.00853863,-2.47463,0.0357715,2.69804,-0.830883,0.00091747,-0.188613,0.000902918,-0.392309,0.000617464,0.232641,-0.00522453,
4.223,0,0,0,0,0,0,0,0,0,0,0,0,0,0,0,0,0.0167557,0.999673,0.0188119,0,0.99599,-0.0150363,-0.0880865,0,-0.0877765,0.0202128,-0.995935,0,0.451425,-0.0118099,0.0591394,1,0.125284,-30.2139,0.263254,14.3552,0.0040269,1.83729,-0.222275,-84.062,-6.07179,130.491,79.0528,13.2951,-11.0933,45.4859,-0.0366445,0.306684,0.00858558,-2.48692,0.0357701,2.70491,-0.830899,0.000899028,-0.168677,0.00683847,-0.327994,-3.4198e-05,0.184747,-0.000400701,
4.257,0,0,0,0,0,0,0,0,0,0,0,0,0,0,0,0,0.0166504,0.999679,0.0186018,0,0.996069,-0.0149678,-0.0871954,0,-0.0868906,0.0199809,-0.996017,0,0.44851,-0.0117032,0.0591058,1,0.0895788,-30.0988,0.187876,14.137,0.0040269,1.80983,-0.261643,-42.2867,66.0123,94.8699,12.5409,1.58234,-79.1095,-0.221208,-0.0366237,0.301354,0.00871806,-2.49716,0.0357704,2.71071,-0.8309,0.00097015,-0.141363,0.00386729,-0.283296,-0.000137274,0.174569,0.00136681,
4.291,0,0,0,0,0,0,0,0,0,0,0,0,0,0,0,0,0.0164766,0.999684,0.018458,0,0.996132,-0.0148209,-0.0865019,0,-0.0862027,0.0198123,-0.996081,0,0.446137,-0.0115699,0.059031,1,-0.136556,-29.8767,-0.113638,13.6252,0.0159288,1.91328,-0.235093,26.3876,-231.322,140.028,71.1814,0.750681,-7.25263,-12.9753,-0.0366077,0.297171,0.00892023,-2.50543,0.0357735,2.7155,-0.830903,0.00425736,-0.105793,0.00184462,-0.215061,0.00056174,0.13955,0.000935414,
4.325,0,0,0,0,0,0,0,0,0,0,0,0,0,0,0,0,0.0162713,0.999689,0.0183597,0,0.996214,-0.014643,-0.0855793,0,-0.0852855,0.0196831,-0.996162,0,0.444613,-0.0114445,0.0589319,1,-0.136556,-29.4998,-0.113638,13.8791,0.0516343,1.99568,-0.155442,-111.604,-28.3159,52.0675,15.5867,-0.632346,-15.5388,32.866,-0.0366089,0.294553,0.00915346,-2.51103,0.0357696,2.71941,-0.830907,0.000795589,-0.0603596,0.00658187,-0.121837,-0.000455865,0.0820217,-0.000775919,
4.359,0,0,0,0,0,0,0,0,0,0,0,0,0,0,0,0,0.0161344,0.999693,0.0182958,0,0.9963,-0.0145315,-0.0845909,0,-0.0843007,0.0195933,-0.996248,0,0.443997,-0.0113691,0.0588647,1,-0.061178,-29.5395,-0.0382594,13.5498,0.0278306,1.87849,-0.208542,87.1661,-23.9997,-39.2395,178.974,-21.2893,12.615,-34.0345,-0.0365982,0.293462,0.00930331,-2.5137,0.0357722,2.72199,-0.830904,-0.000408176,-0.00995269,0.00620432,-0.044636,0.000546159,0.0555312,0.00149998,
4.393,0,0,0,0,0,0,0,0,0,0,0,0,0,0,0,0,0.0160059,0.999695,0.0182911,0,0.996368,-0.0144192,-0.0838064,0,-0.0835187,0.0195664,-0.996314,0,0.444089,-0.0113189,0.0588555,1,-0.0215052,-30.1742,0.037119,13.3673,0.0516343,1.96181,-0.103257,-6.1768,31.5028,89.387,-106.464,24.1979,14.193,-4.25193,-0.0366162,0.293507,0.00944084,-2.51393,0.0357696,2.72305,-0.830917,-0.00131606,0.0101493,6.67218e-05,0.0137574,-0.000251178,0.00548446,-0.000341167,
4.427,0,0,0,0,0,0,0,0,0,0,0,0,0,0,0,0,0.0157753,0.999698,0.0183181,0,0.9964,-0.0141939,-0.0834662,0,-0.0831826,0.0195693,-0.996342,0,0.444394,-0.0113115,0.0588544,1,0.049906,-30.0631,0.0728246,13.6609,0.0818467,2.07167,-0.0236058,-32.7107,71.1351,-48.2651,34.731,14.9366,25.2617,6.72611,-0.0366269,0.293994,0.00948104,-2.51316,0.0357695,2.7231,-0.831117,-0.000250936,0.0191269,0.00204838,0.0235731,-0.000677471,-0.00137306,-0.015582,
4.46,0,0,0,0,0,0,0,0,0,0,0,0,0,0,0,0,0.0155476,0.999701,0.0183431,0,0.99642,-0.0139689,-0.0832586,0,-0.0829791,0.0195723,-0.996359,0,0.444674,-0.0113384,0.0588757,1,0.16099,-30.0274,0.187876,13.7363,0.0882554,2.09273,-0.109665,4.48123,32.5336,-99.1368,181.205,10.1417,8.4125,-22.6416,-0.0366564,0.294396,0.00946554,-2.51238,0.0357698,2.72294,-0.831386,-0.00103649,0.00447008,0.00014429,0.0142442,-0.000350538,-0.00786224,-0.00778379,
4.496,0,0,0,0,0,0,0,0,0,0,0,0,0,0,0,0,0.0154552,0.999702,0.0183554,0,0.996416,-0.0138745,-0.0833217,0,-0.0830438,0.0195778,-0.996354,0,0.444681,-0.0113662,0.0588738,1,0.236368,-29.9124,0.29896,13.8077,0.0882554,2.07167,-0.0629735,-0.324759,-62.4637,113.665,10.3639,-13.3746,-15.7989,-17.8145,-0.0367043,0.294428,0.00945127,-2.51231,0.0357671,2.72283,-0.831538,-0.00181694,-0.000685478,-0.00370756,-0.000957632,4.77057e-05,-0.000287553,-0.00053701,
4.53,0,0,0,0,0,0,0,0,0,0,0,0,0,0,0,0,0.0154126,0.999703,0.0183623,0,0.996417,-0.0138314,-0.0833243,0,-0.0830472,0.0195811,-0.996353,0,0.44468,-0.0113922,0.0588738,1,0.049906,-29.9124,0.112497,13.7363,0.100157,2.0442,-0.0831151,-30.101,-32.4226,-27.4229,70.324,23.8014,-7.36173,14.24,-0.0367583,0.294428,0.00944717,-2.51231,0.0357658,2.72282,-0.831638,-0.000667226,0.000267147,-0.000603491,-0.00117989,-8.76994e-05,8.60453e-06,0.000435351,
4.564,0,0,0,0,0,0,0,0,0,0,0,0,0,0,0,0,0.0154298,0.999703,0.0183625,0,0.996417,-0.0138487,-0.0833185,0,-0.083041,0.0195827,-0.996354,0,0.444672,-0.0114068,0.0588934,1,0.16099,-29.4244,0.148203,13.772,0.106566,2.05794,-0.0693822,47.5727,15.6511,-113.201,-86.5654,17.1908,-42.3057,-11.319,-0.036783,0.294357,0.00943953,-2.51235,0.0357681,2.7228,-0.831654,-0.00104568,-0.00048196,0.00453768,-0.00255661,-0.000655949,0.000931137,-0.000868034,
4.598,0,0,0,0,0,0,0,0,0,0,0,0,0,0,0,0,0.0154696,0.999702,0.0183575,0,0.996423,-0.0138904,-0.0832352,0,-0.082957,0.0195799,-0.996361,0,0.444699,-0.0114184,0.0589276,1,0.200663,-29.6505,0.29896,13.7363,0.118468,2.05794,0.00294445,-77.6197,-68.2332,56.9022,26.3549,-4.93907,21.3455,9.45997,-0.0367952,0.294288,0.00942901,-2.51233,0.0357716,2.7228,-0.831639,0.00121709,-0.0037692,0.000227514,0.00107779,-0.000254221,0.000377837,-0.000250367,
4.632,0,0,0,0,0,0,0,0,0,0,0,0,0,0,0,0,0.0154742,0.999702,0.0183544,0,0.996433,-0.0138975,-0.0831246,0,-0.0828463,0.0195756,-0.99637,0,0.444732,-0.0114133,0.0589712,1,0.200663,-29.2737,0.263254,13.7363,0.13037,2.05794,-0.0300145,59.8494,-50.6917,45.5166,45.2884,5.7365,0.800369,-16.2245,-0.0367873,0.294199,0.00943467,-2.51232,0.0357701,2.72281,-0.831617,-0.000329957,-0.00491743,-0.000649319,0.000662002,-0.000153397,-0.000279391,0.000859082,
4.666,0,0,0,0,0,0,0,0,0,0,0,0,0,0,0,0,0.0154815,0.999702,0.0183508,0,0.996443,-0.0139075,-0.0829982,0,-0.0827199,0.0195709,-0.996381,0,0.444766,-0.011411,0.0590338,1,0.16099,-29.0118,0.263254,13.772,0.136778,2.14125,-0.0895238,-64.2272,-39.7297,-12.3502,-1.87414,8.64937,8.98518,-31.6344,-0.0367818,0.294053,0.00943682,-2.51233,0.0357693,2.7228,-0.831599,0.00121038,-0.000875544,0.000762494,7.27521e-05,-0.000363098,-0.000624204,0.00238321,
4.7,0,0,0,0,0,0,0,0,0,0,0,0,0,0,0,0,0.0155175,0.999702,0.0183469,0,0.996447,-0.0139449,-0.0829402,0,-0.0826612,0.0195691,-0.996386,0,0.444784,-0.0114231,0.0590673,1,0.276041,-28.9761,0.374338,13.772,0.123961,2.18977,-0.0236058,41.0358,49.3522,53.6401,-101.422,0.61002,5.86975,22.0617,-0.0367966,0.293976,0.00942689,-2.51233,0.0357711,2.72277,-0.831588,-0.000609515,0.000105079,-0.00164169,0.000857159,-3.34147e-05,-4.62242e-05,-0.0016472,
4.734,0,0,0,0,0,0,0,0,0,0,0,0,0,0,0,0,0.0155781,0.999701,0.0183408,0,0.996443,-0.014005,-0.0829764,0,-0.0826963,0.0195686,-0.996383,0,0.444771,-0.0114447,0.0590538,1,0.347452,-29.2379,0.485422,13.8077,0.118468,2.17604,-0.0300145,-9.03339,-2.39179,181.051,-68.4708,-11.0134,7.57853,34.2328,-0.0368228,0.294,0.00940635,-2.51233,0.0357717,2.72277,-0.831574,-0.00165106,0.00461671,-0.00136759,-0.000398315,0.000114145,-0.000130767,-0.00155265,
4.768,0,0,0,0,0,0,0,0,0,0,0,0,0,0,0,0,0.0155924,0.999701,0.0183387,0,0.996454,-0.0140219,-0.0828505,0,-0.0825701,0.0195658,-0.996393,0,0.444812,-0.0114473,0.0590976,1,0.347452,-28.5992,0.374338,13.6609,0.123961,2.07167,-0.0629735,111.147,138.139,42.4865,11.1578,-6.24321,-5.19094,-2.98645,-0.0368271,0.293922,0.00940795,-2.51231,0.0357754,2.72279,-0.831564,-0.000901077,-0.0025518,0.000417463,-0.000423185,0.000109614,-0.000339767,-0.00120521,
4.802,0,0,0,0,0,0,0,0,0,0,0,0,0,0,0,0,0.0156013,0.999701,0.0183337,0,0.996468,-0.0140346,-0.082674,0,-0.0823935,0.0195591,-0.996408,0,0.444875,-0.0114522,0.0591663,1,0.387125,-28.5635,0.374338,13.5498,0.118468,2.07167,-0.122483,127.197,-41.1027,-23.2598,-74.3315,-11.9094,-23.9526,-5.10876,-0.0368331,0.2938,0.0094077,-2.51226,0.0357728,2.7228,-0.831556,-0.00365117,-0.00121172,0.000566885,0.00319974,0.000193263,0.000249125,0.00127568,
4.836,0,0,0,0,0,0,0,0,0,0,0,0,0,0,0,0,0.0155909,0.999701,0.0183338,0,0.996472,-0.0140252,-0.0826274,0,-0.0823471,0.0195578,-0.996412,0,0.444895,-0.0114454,0.0591789,1,0.200663,-28.7143,0.334665,13.5498,0.118468,2.0442,-0.136216,-208.1,117.487,39.968,76.8705,-19.7301,-7.7471,-22.44,-0.0368193,0.293791,0.00941047,-2.51223,0.0357749,2.7228,-0.831551,0.0047659,0.000811617,0.000698135,0.000960571,-2.61217e-05,0.000640729,0.00169973,
4.871,0,0,0,0,0,0,0,0,0,0,0,0,0,0,0,0,0.0155668,0.999701,0.0183328,0,0.996489,-0.0140053,-0.0824275,0,-0.0821477,0.0195519,-0.996428,0,0.444991,-0.0114402,0.0592092,1,0.236368,-29.0872,0.263254,13.2602,0.13037,1.96181,-0.0895238,-27.5854,60.2402,46.3643,-35.3178,29.0681,8.6438,-10.685,-0.036813,0.293836,0.00942181,-2.51206,0.0357752,2.72289,-0.831556,0.000943117,-0.00126615,-0.000109205,0.00725076,-0.000243304,0.00607202,0.000737843,
4.905,0,0,0,0,0,0,0,0,0,0,0,0,0,0,0,0,0.0154876,0.999702,0.0183417,0,0.996509,-0.0139299,-0.0822041,0,-0.0819257,0.0195512,-0.996447,0,0.445101,-0.0114053,0.0592695,1,0.0895788,-28.7857,0.0728246,13.0024,0.123961,2.003,-0.0831151,175.899,63.2894,-61.6632,12.8678,-9.93533,-0.402896,-28.2191,-0.0367815,0.293813,0.0094699,-2.51189,0.0357726,2.72291,-0.831552,0.000541337,-0.00202771,0.0043013,0.000438046,0.000268764,0.000216306,0.000378446,
4.939,0,0,0,0,0,0,0,0,0,0,0,0,0,0,0,0,0.0153468,0.999704,0.0183677,0,0.996505,-0.0137861,-0.0822701,0,-0.081994,0.0195665,-0.996441,0,0.445075,-0.0113342,0.0592494,1,0.0142004,-29.0515,0.037119,13.2602,0.142272,2.03047,-0.0895238,-66.2706,48.8503,-95.3599,78.8641,16.8905,2.64161,31.7732,-0.0367188,0.293836,0.00955352,-2.51192,0.0357739,2.7229,-0.831553,0.000933243,-0.000599024,0.00174732,-0.00297094,-0.000430826,-2.42527e-05,8.41433e-05,
4.973,0,0,0,0,0,0,0,0,0,0,0,0,0,0,0,0,0.0153363,0.999704,0.0183676,0,0.996506,-0.013776,-0.0822544,0,-0.0819786,0.0195653,-0.996442,0,0.445082,-0.0113308,0.0592547,1,0.16099,-28.9007,0.0728246,13.1134,0.142272,2.003,-0.0895238,59.5726,120.21,-34.7029,-149.673,32.3981,-21.8054,-66.6814,-0.0367107,0.293829,0.00955351,-2.51192,0.0357739,2.72291,-0.831555,-0.00440689,-0.00227089,0.000988567,0.00135982,-0.000431131,4.69131e-05,0.000740447,
5.007,0,0,0,0,0,0,0,0,0,0,0,0,0,0,0,0,0.0153984,0.999703,0.0183642,0,0.996506,-0.0138384,-0.0822465,0,-0.0819695,0.0195669,-0.996443,0,0.445082,-0.0113606,0.059257,1,0.0895788,-28.9007,0.148203,13.1491,0.136778,1.99568,-0.0364232,-61.6462,45.6829,11.5074,32.9276,10.5434,-10.3516,65.7392,-0.0367641,0.293823,0.00954183,-2.51192,0.0357741,2.72291,-0.831557,-0.00600395,0.000327242,-0.000524576,0.000391118,-0.000278809,-0.000146205,-0.00213684,
5.041,0,0,0,0,0,0,0,0,0,0,0,0,0,0,0,0,0.015434,0.999703,0.018362,0,0.996503,-0.0138734,-0.0822744,0,-0.0819967,0.0195679,-0.99644,0,0.445073,-0.0113715,0.0592467,1,0.16099,-29.1269,0.187876,13.1849,0.123961,1.99568,-0.116074,-60.9053,-12.1477,-70.7505,-27.6909,-6.54094,-29.821,-26.4896,-0.0367789,0.293842,0.00953266,-2.51192,0.0357759,2.72291,-0.831547,0.000794796,0.00031828,-9.25407e-05,-0.00018098,0.000260597,0.000565579,0.00887664,
5.075,0,0,0,0,0,0,0,0,0,0,0,0,0,0,0,0,0.0154202,0.999703,0.0183617,0,0.996506,-0.0138602,-0.0822488,0,-0.0819714,0.0195662,-0.996443,0,0.445082,-0.0113688,0.0592585,1,0.125284,-28.8253,0.148203,13.1491,0.136778,2.02406,-0.0767064,14.6093,-30.1741,-20.263,-50.7504,-2.49096,14.9746,19.4093,-0.036773,0.293818,0.0095333,-2.51192,0.0357745,2.7229,-0.831553,0.00254962,-0.000408641,0.00015009,0.00051487,-0.000117421,-0.000354568,-0.000804572,
5.109,0,0,0,0,0,0,0,0,0,0,0,0,0,0,0,0,0.0154345,0.999703,0.0183619,0,0.996504,-0.0138741,-0.0822663,0,-0.0819886,0.0195678,-0.996441,0,0.445075,-0.0113739,0.0592506,1,0.236368,-29.0515,0.187876,13.2245,0.13037,2.003,-0.0895238,166.656,-117.721,3.28821,182.902,4.84224,24.3251,-22.6482,-0.0367842,0.293834,0.00953265,-2.51192,0.0357752,2.72291,-0.831551,-0.00182033,0.00144496,-4.36247e-05,-0.000195018,-4.05059e-06,-0.000732004,0.000457575,
5.143,0,0,0,0,0,0,0,0,0,0,0,0,0,0,0,0,0.0154328,0.999703,0.0183603,0,0.996505,-0.0138727,-0.0822572,0,-0.0819796,0.019566,-0.996442,0,0.445079,-0.0113765,0.0592523,1,0.16099,-29.0118,0.187876,13.1491,0.13037,2.003,-0.0364232,40.9711,-4.39788,5.57708,-31.0158,0.501883,9.32015,51.6298,-0.0367823,0.293834,0.00952626,-2.51192,0.0357752,2.72291,-0.831557,-0.000120273,-0.000393909,0.000345263,0.000397013,6.02048e-05,-4.10166e-05,-0.0027384,
5.177,0,0,0,0,0,0,0,0,0,0,0,0,0,0,0,0,0.0153942,0.999703,0.0183647,0,0.996506,-0.0138341,-0.0822486,0,-0.0819717,0.0195671,-0.996443,0,0.445082,-0.0113583,0.0592579,1,0.0895788,-28.9007,0.0728246,13.1134,0.123961,2.00941,-0.0300145,104.293,-52.7147,-136.504,-139.95,-11.2925,-11.2973,23.3746,-0.0367579,0.29382,0.00954072,-2.51192,0.0357759,2.7229,-0.831558,-0.000375473,0.00144783,0.000260076,0.00172161,0.000181878,2.06327e-05,-0.00180146,
5.211,0,0,0,0,0,0,0,0,0,0,0,0,0,0,0,0,0.0154485,0.999702,0.0183599,0,0.996504,-0.0138881,-0.0822686,0,-0.0819908,0.019567,-0.996441,0,0.445074,-0.0113806,0.0592507,1,0.276041,-29.0118,0.223581,13.2602,0.123961,2.01674,-0.0831151,23.9645,-32.0751,-134.787,84.8784,-12.0308,31.9032,26.0547,-0.0367902,0.293831,0.00952458,-2.51193,0.0357759,2.7229,-0.831552,-0.000806987,0.000934303,0.000670793,-0.00212241,0.000275454,-0.000272432,0.000403879,
5.245,0,0,0,0,0,0,0,0,0,0,0,0,0,0,0,0,0.0154708,0.999702,0.0183537,0,0.996504,-0.0139111,-0.0822594,0,-0.0819812,0.0195626,-0.996442,0,0.445077,-0.0113951,0.0592533,1,0.200663,-28.9761,0.29896,13.1849,0.13037,2.003,-0.0364232,56.8592,-182.006,121.413,30.6477,4.82706,5.84425,-5.63268,-0.0367984,0.293829,0.0095033,-2.51192,0.0357752,2.72291,-0.831557,0.000497828,-0.00056535,-0.00161745,-0.00174846,9.52282e-05,-6.50767e-05,-0.000947035,
5.279,0,0,0,0,0,0,0,0,0,0,0,0,0,0,0,0,0.0153988,0.999703,0.0183663,0,0.996506,-0.0138384,-0.0822547,0,-0.0819777,0.0195692,-0.996442,0,0.44508,-0.011356,0.0592553,1,0.0142004,-28.9364,-0.0382594,13.1491,0.123961,2.00941,-0.103257,46.3423,4.907,-189.672,-187.098,-19.3031,16.5596,27.3638,-0.0367613,0.293826,0.00954816,-2.51192,0.035776,2.7229,-0.83155,0.000917045,-0.000205521,0.00245192,0.00262384,0.000204853,-8.26275e-05,0.000675013,
5.313,0,0,0,0,0,0,0,0,0,0,0,0,0,0,0,0,0.0154691,0.999702,0.0183573,0,0.996505,-0.0139093,-0.0822495,0,-0.0819712,0.0195658,-0.996443,0,0.44508,-0.0113892,0.0592584,1,0.347452,-28.8253,0.263254,13.1849,0.123961,2.01674,-0.116074,90.248,58.6412,-41.5727,4.59227,5.28403,0.998958,-15.137,-0.0368013,0.293817,0.00951781,-2.51192,0.0357759,2.7229,-0.831548,-0.00415843,-0.00135067,0.000218507,0.00045552,2.61508e-05,-0.000191788,0.00133637,
5.347,0,0,0,0,0,0,0,0,0,0,0,0,0,0,0,0,0.0154714,0.999702,0.0183547,0,0.996504,-0.0139115,-0.0822654,0,-0.0819871,0.0195637,-0.996441,0,0.445075,-0.0113934,0.0592514,1,0.236368,-29.0118,0.187876,13.1849,0.136778,2.01674,-0.0629735,102.614,-153.089,-89.315,0.111132,20.5777,20.3563,31.0117,-0.0368002,0.293831,0.00950812,-2.51192,0.0357745,2.7229,-0.831553,-0.000477437,0.00112473,0.00137207,-0.00504801,-0.000312174,-0.000585687,-0.000847503,
5.381,0,0,0,0,0,0,0,0,0,0,0,0,0,0,0,0,0.015439,0.999703,0.0183585,0,0.996505,-0.0138791,-0.0822558,0,-0.0819781,0.0195647,-0.996442,0,0.445078,-0.0113743,0.0592549,1,0.049906,-28.9364,0.148203,13.2245,0.123961,2.01674,-0.122483,-44.7459,-64.0392,43.138,60.0178,-2.96338,12.5852,-23.7266,-0.0367735,0.293824,0.00952263,-2.51192,0.0357759,2.72291,-0.831546,0.00135826,-0.00629285,0.000191403,0.00521814,-0.000151572,-0.00063618,0.00123272,
5.415,0,0,0,0,0,0,0,0,0,0,0,0,0,0,0,0,0.0154673,0.999702,0.0183544,0,0.996505,-0.0139078,-0.0822457,0,-0.0819675,0.0195628,-0.996443,0,0.445081,-0.0113897,0.0592595,1,0.200663,-28.8253,0.223581,13.1849,0.13037,2.003,-0.0693822,-123.995,30.6328,-85.8612,-21.2472,1.55349,-11.4732,26.6179,-0.0367923,0.293815,0.00950896,-2.51192,0.0357752,2.72291,-0.831549,0.00174559,6.76759e-05,-0.00266416,-1.18206e-05,1.62698e-05,0.000200038,-0.000978254,
5.449,0,0,0,0,0,0,0,0,0,0,0,0,0,0,0,0,0.0154655,0.999702,0.0183553,0,0.996505,-0.0139058,-0.0822551,0,-0.081977,0.0195636,-0.996442,0,0.445079,-0.0113872,0.0592556,1,0.16099,-28.9364,0.223581,13.1849,0.123961,2.00941,-0.103257,-86.233,-22.4341,118.853,98.578,-17.1051,0.733941,13.0859,-0.0367893,0.293823,0.00951107,-2.51192,0.0357759,2.7229,-0.831547,0.000772867,-0.00110922,-0.000207948,0.000358401,0.000259326,-0.000120231,0.000461548,
5.483,0,0,0,0,0,0,0,0,0,0,0,0,0,0,0,0,0.0154595,0.999702,0.0183558,0,0.996506,-0.0139,-0.0822432,0,-0.0819652,0.0195635,-0.996443,0,0.445082,-0.0113853,0.059259,1,0.16099,-28.8253,0.187876,13.1491,0.123961,2.003,-0.116074,28.2781,115.424,-88.6747,-30.0603,-32.5063,-3.83119,-57.3983,-0.0367875,0.293818,0.00951348,-2.51192,0.0357759,2.72291,-0.831548,4.50466e-05,-0.00051792,0.000211888,0.000980862,0.00016835,-0.000232938,0.00202698,
5.517,0,0,0,0,0,0,0,0,0,0,0,0,0,0,0,0,0.0154441,0.999703,0.0183573,0,0.996505,-0.0138843,-0.0822535,0,-0.0819757,0.0195638,-0.996442,0,0.445079,-0.0113802,0.0592564,1,0.125284,-28.9007,0.148203,13.1849,0.13037,2.003,-0.0364232,37.0121,21.0375,-2.92667,-50.3885,17.4205,-14.3203,40.1415,-0.0367806,0.29382,0.00951733,-2.51192,0.0357752,2.72291,-0.831553,0.000255629,-0.000573154,0.00151457,-0.00614407,-0.000245556,5.35562e-06,-0.00128646,
5.551,0,0,0,0,0,0,0,0,0,0,0,0,0,0,0,0,0.0154649,0.999702,0.0183553,0,0.996505,-0.0139053,-0.0822507,0,-0.0819725,0.0195635,-0.996443,0,0.445079,-0.0113905,0.0592577,1,0.236368,-28.8253,0.263254,13.2245,0.118468,2.003,-0.0171971,-21.4758,89.6556,69.14,116.291,-15.3836,31.6485,23.7508,-0.0367939,0.293817,0.00950853,-2.51192,0.0357766,2.72291,-0.831555,-0.000286571,-0.00145556,-1.38765e-06,-0.000671845,0.000382674,-8.75174e-05,-0.00323118,
5.585,0,0,0,0,0,0,0,0,0,0,0,0,0,0,0,0,0.0154557,0.999702,0.0183554,0,0.996505,-0.0138961,-0.0822513,0,-0.0819733,0.0195629,-0.996443,0,0.44508,-0.0113861,0.0592566,1,0.16099,-28.9364,0.223581,13.1491,0.13037,2.003,-0.0364232,59.4267,7.21799,87.8427,-95.3017,11.4974,21.4511,10.2641,-0.0367864,0.293823,0.00951088,-2.51192,0.0357752,2.72291,-0.831553,-0.000200667,0.000500066,-0.000761054,0.000365616,3.97958e-05,3.67766e-05,-0.0011342,
5.619,0,0,0,0,0,0,0,0,0,0,0,0,0,0,0,0,0.0154355,0.999703,0.0183593,0,0.996506,-0.0138758,-0.0822444,0,-0.0819667,0.019565,-0.996443,0,0.445082,-0.0113757,0.0592606,1,0.125284,-28.7857,0.148203,13.1849,0.123961,2.01674,-0.0300145,-2.95035,137.515,-28.6355,-16.8641,-11.5424,37.2374,9.79178,-0.0367764,0.293812,0.00952265,-2.51192,0.035777,2.7229,-0.831553,-0.000412136,-0.00106563,0.000486667,0.000198273,0.000201216,-0.000454504,-0.00170245,
5.653,0,0,0,0,0,0,0,0,0,0,0,0,0,0,0,0,0.0154571,0.999702,0.0183558,0,0.996505,-0.0138975,-0.0822463,0,-0.0819683,0.0195633,-0.996443,0,0.445082,-0.0113869,0.0592581,1,0.200663,-28.9007,0.263254,13.1491,0.123961,1.99568,-0.0236058,-35.1478,-37.2747,38.0032,-67.771,-3.56504,-23.6334,102.941,-0.0367887,0.293821,0.00951138,-2.51192,0.0357759,2.72291,-0.831554,-0.00176756,-0.00256968,-0.000764199,-0.00133486,4.31901e-05,0.000156355,-0.00278481,
5.687,0,0,0,0,0,0,0,0,0,0,0,0,0,0,0,0,0.0154738,0.999702,0.018354,0,0.996505,-0.0139142,-0.08225,0,-0.0819717,0.0195629,-0.996443,0,0.445081,-0.0113902,0.0592569,1,0.236368,-28.9007,0.29896,13.1491,0.13037,1.99568,-0.116074,88.4161,-88.1949,200.538,-88.8107,17.1863,-15.1521,-47.3857,-0.0367931,0.293822,0.0095086,-2.51192,0.0357752,2.72291,-0.831544,-0.000132455,-8.45033e-06,-0.00210402,0.00133168,-0.000235046,0.000208237,0.00132583,
5.721,0,0,0,0,0,0,0,0,0,0,0,0,0,0,0,0,0.0154738,0.999702,0.0183565,0,0.996505,-0.013914,-0.0822534,0,-0.0819751,0.0195655,-0.996442,0,0.445078,-0.0113917,0.0592564,1,0.276041,-28.9007,0.223581,13.2245,0.13037,2.003,-0.0501561,-37.9506,-116.617,-66.2484,140.521,-7.6429,10.5765,59.084,-0.0367995,0.29382,0.00951121,-2.51192,0.0357788,2.72291,-0.831551,-0.000339103,0.00154588,0.000659183,-0.00200301,-0.000316157,0.000114992,-0.00204692,
5.755,0,0,0,0,0,0,0,0,0,0,0,0,0,0,0,0,0.0154642,0.999702,0.0183564,0,0.996505,-0.0139045,-0.0822465,0,-0.0819683,0.0195645,-0.996443,0,0.445081,-0.0113882,0.0592592,1,0.200663,-28.8253,0.187876,13.1849,0.118468,2.003,-0.0501561,7.01804,72.3588,-123.449,7.65531,-12.5271,-25.9298,11.4941,-0.0367942,0.293815,0.00951348,-2.51192,0.0357766,2.72291,-0.831551,0.00100886,-0.00409414,0.00711669,-6.38829e-05,0.000251093,0.000153909,-0.00075902,
5.788,0,0,0,0,0,0,0,0,0,0,0,0,0,0,0,0,0.0154646,0.999702,0.0183545,0,0.996506,-0.0139052,-0.0822419,0,-0.0819637,0.0195626,-0.996443,0,0.445084,-0.0113861,0.0592599,1,0.16099,-28.8611,0.223581,13.1134,0.13037,1.98927,-0.116074,-117.212,-37.3436,-11.9373,-93.4958,2.81184,-28.6699,10.2178,-0.0367864,0.293817,0.00951097,-2.51192,0.0357752,2.72291,-0.831544,0.00178575,-0.000416548,-0.00040502,0.00201728,7.7087e-06,0.000393679,0.0006771,
5.825,0,0,0,0,0,0,0,0,0,0,0,0,0,0,0,0,0.0154695,0.999702,0.0183568,0,0.996505,-0.0139096,-0.0822538,0,-0.0819755,0.0195655,-0.996442,0,0.445078,-0.0113893,0.0592564,1,0.236368,-28.9007,0.187876,13.2245,0.118468,2.003,-0.0629735,51.184,-38.7405,-17.7073,89.4872,-12.7071,22.3394,-24.3996,-0.0367967,0.29382,0.00951348,-2.51192,0.035778,2.72291,-0.83155,-0.00114281,0.00054365,0.00526926,-0.000368724,0.000395237,0.000986388,-0.000509033,
5.859,0,0,0,0,0,0,0,0,0,0,0,0,0,0,0,0,0.0154603,0.999702,0.0183563,0,0.996505,-0.0139006,-0.0822495,0,-0.0819714,0.0195641,-0.996443,0,0.445079,-0.0113838,0.0592578,1,0.16099,-28.8611,0.187876,13.2245,0.123961,1.98927,-0.0959325,88.4907,-130.538,25.2264,29.3646,-27.2276,-13.4518,37.4203,-0.0367846,0.293817,0.00951374,-2.51192,0.0357775,2.72291,-0.831546,0.00151878,0.00121284,7.10259e-05,-0.000972925,0.000372816,0.000375509,1.62793e-05,
5.893,0,0,0,0,0,0,0,0,0,0,0,0,0,0,0,0,0.015472,0.999702,0.0183549,0,0.996505,-0.0139124,-0.0822496,0,-0.0819713,0.0195637,-0.996443,0,0.445079,-0.0113895,0.0592579,1,0.236368,-28.8611,0.263254,13.1849,0.123961,1.99568,-0.103257,-17.9233,36.6351,60.7543,13.3095,-9.25908,-15.5497,2.26602,-0.0367934,0.293817,0.00951032,-2.51192,0.0357763,2.72291,-0.831545,0.000315041,0.000350573,-0.000744198,0.00622345,0.000135905,0.000167656,0.00152014,
5.927,0,0,0,0,0,0,0,0,0,0,0,0,0,0,0,0,0.015482,0.999702,0.0183538,0,0.996505,-0.0139225,-0.0822448,0,-0.0819664,0.0195633,-0.996443,0,0.445081,-0.0113939,0.0592596,1,0.276041,-28.8253,0.263254,13.1849,0.136778,1.99568,-0.109665,109.507,184.403,139.627,-18.0251,42.0949,-11.5659,-22.8056,-0.0368,0.293815,0.00950748,-2.51192,0.0357759,2.72291,-0.831544,-0.000804648,-0.00108483,-0.000335935,-0.0070752,-0.000447527,0.000214771,0.000528943,
5.961,0,0,0,0,0,0,0,0,0,0,0,0,0,0,0,0,0.0154678,0.999702,0.018356,0,0.996505,-0.0139081,-0.0822465,0,-0.0819683,0.0195644,-0.996443,0,0.445082,-0.0113869,0.059259,1,0.16099,-28.8611,0.223581,13.1491,0.13037,2.00941,-0.0959325,-41.0234,-81.7783,157.24,-85.817,17.0125,26.9914,24.4911,-0.0367883,0.293817,0.00951097,-2.51192,0.0357788,2.7229,-0.831546,0.000694106,0.00139989,-0.00119375,0.00184529,-0.000136193,-0.000451951,-0.000524561,
5.995,0,0,0,0,0,0,0,0,0,0,0,0,0,0,0,0,0.0154663,0.999702,0.018357,0,0.996506,-0.0139067,-0.0822427,0,-0.0819645,0.0195652,-0.996443,0,0.445083,-0.0113886,0.0592604,1,0.236368,-28.8253,0.187876,13.1491,0.112059,2.003,-0.0428319,1.89021,35.7594,-156.24,-56.3644,-2.12505,4.81421,17.5937,-0.0367948,0.293814,0.00951348,-2.51192,0.0357787,2.72291,-0.831551,-8.83988e-05,-0.000303889,0.00186162,0.000162956,0.000438079,-0.000222911,-0.00147075,
6.029,0,0,0,0,0,0,0,0,0,0,0,0,0,0,0,0,0.0154766,0.999702,0.0183562,0,0.996506,-0.013917,-0.0822415,0,-0.0819631,0.0195653,-0.996443,0,0.445082,-0.0113897,0.0592608,1,0.200663,-28.7857,0.223581,13.1849,0.118468,1.98927,-0.0629735,18.7594,135.429,-64.6449,-53.093,-14.5162,-22.0415,69.1612,-0.0367938,0.293812,0.00951026,-2.51192,0.035781,2.72291,-0.831545,0.000539818,-0.000393146,-0.000450824,0.000429992,0.000209864,0.000458658,-0.000912582,
6.063,0,0,0,0,0,0,0,0,0,0,0,0,0,0,0,0,0.0154716,0.999702,0.0183562,0,0.996505,-0.0139119,-0.0822483,0,-0.08197,0.0195649,-0.996443,0,0.445081,-0.0113869,0.0592584,1,0.200663,-28.8611,0.187876,13.1849,0.136778,2.003,-0.129807,50.2996,29.1447,-73.2696,-42.3141,22.4142,1.35253,-27.655,-0.0367913,0.293817,0.00951348,-2.51192,0.0357782,2.72291,-0.831542,0.000389912,-0.000219969,0.00102739,0.00300244,-0.000446373,-0.000155668,0.00138542,
6.097,0,0,0,0,0,0,0,0,0,0,0,0,0,0,0,0,0.0154667,0.999702,0.018356,0,0.996505,-0.0139071,-0.0822451,0,-0.0819669,0.0195643,-0.996443,0,0.445081,-0.0113871,0.0592598,1,0.16099,-28.8253,0.223581,13.1849,0.13037,2.003,-0.0501561,-96.4245,-14.3524,42.9833,-59.8738,-2.17207,-1.04911,48.418,-0.0367885,0.293814,0.00951081,-2.51192,0.0357788,2.72291,-0.831547,0.000645702,0.00200455,-0.00459437,-0.00050058,-0.000186547,0.00013463,-0.00162325,
