0.001,0,0,0,0,0,0,0,0,0,0,0,0,0,0,0,0,-0.031861,0.999298,0.0192281,0,0.996553,0.0332336,-0.0758795,0,-0.0764667,0.0167446,-0.996932,0,0.4904,0.00804855,0.0746828,1,-0.545187,-33.4036,-0.637319,15.5256,0.293334,2.62465,0.148513,38.7721,75.2942,96.9273,72.1598,-17.2864,11.56,87.8571,0.0292917,0.334844,-0.0137513,-2.37039,0.0458386,2.62848,-0.842671,0.000538846,-0.000406577,-0.000917582,-0.000948982,0.00555005,1.8043e-05,-0.00256491,
0.035,0,0,0,0,0,0,0,0,0,0,0,0,0,0,0,0,-0.0318522,0.999298,0.0192275,0,0.996553,0.0332248,-0.075884,0,-0.076471,0.0167444,-0.996931,0,0.4904,0.00804894,0.0746804,1,-0.580892,-33.5147,-0.637319,15.4541,0.293334,2.63838,0.069778,-123.038,-113.259,-64.2737,-32.1049,-12.0798,21.6283,-9.95845,0.0292919,0.334852,-0.0137507,-2.37039,0.0458382,2.62848,-0.842661,0.00208484,0.00173092,-0.000639492,0.000606457,0.000195617,-0.000351759,0.00011032,
0.069,0,0,0,0,0,0,0,0,0,0,0,0,0,0,0,0,-0.0318674,0.999297,0.0192291,0,0.996553,0.0332399,-0.0758778,0,-0.0764651,0.0167451,-0.996932,0,0.490401,0.00805131,0.0746835,1,-0.545187,-33.4036,-0.676992,15.4898,0.305235,2.63197,0.148513,4.1555,-80.755,-54.7517,8.86508,11.2053,6.53719,152.662,0.0292918,0.334844,-0.0137463,-2.37039,0.0458369,2.62848,-0.842671,-6.22743e-05,0.000568288,0.000318446,-0.000198181,-9.92857e-05,-0.000296582,-0.00124287,
0.106,0,0,0,0,0,0,0,0,0,0,0,0,0,0,0,0,-0.031859,0.999298,0.0192287,0,0.996553,0.0332316,-0.0758829,0,-0.0764701,0.0167452,-0.996931,0,0.490399,0.00805156,0.0746815,1,-0.545187,-33.4393,-0.637319,15.5256,0.286925,2.63197,0.0825953,-6.04363,42.3478,39.7889,-55.0273,-22.7857,3.49417,14.7402,0.0292947,0.334847,-0.0137484,-2.37039,0.0458389,2.62848,-0.842663,-0.000161206,-0.00111904,-0.000768729,-0.00165132,0.000522434,-0.000234987,0.000455425,
0.14,0,0,0,0,0,0,0,0,0,0,0,0,0,0,0,0,-0.0318528,0.999298,0.0192301,0,0.996553,0.0332257,-0.0758875,0,-0.0764747,0.0167469,-0.996931,0,0.490397,0.00805216,0.0746794,1,-0.505514,-33.479,-0.676992,15.5256,0.299742,2.62465,0.0359034,83.761,-70.6134,47.7209,57.7834,-15.1183,-12.0403,-56.4209,0.0292926,0.33485,-0.0137455,-2.3704,0.0458407,2.62848,-0.842658,-0.000940486,0.000123428,0.00272697,-0.00606845,0.00949164,0.00189221,0.00196129,
0.174,0,0,0,0,0,0,0,0,0,0,0,0,0,0,0,0,-0.0318561,0.999298,0.0192295,0,0.996553,0.0332289,-0.0758897,0,-0.0764769,0.0167459,-0.996931,0,0.490397,0.00805081,0.0746788,1,-0.505514,-33.5147,-0.676992,15.5256,0.293334,2.6457,0.069778,117.744,-168.185,21.6508,-9.14587,-19.7738,21.5499,3.5787,0.0292898,0.334852,-0.0137453,-2.37039,0.0458383,2.62848,-0.842662,-0.00143213,0.000777148,0.000159678,-0.000566122,0.000259958,-0.000335069,0.00128847,
0.208,0,0,0,0,0,0,0,0,0,0,0,0,0,0,0,0,-0.0318662,0.999298,0.0192291,0,0.996553,0.0332388,-0.0758789,0,-0.0764662,0.0167452,-0.996932,0,0.4904,0.00805226,0.0746828,1,-0.545187,-33.4036,-0.676992,15.5256,0.305235,2.61824,0.121963,59.1999,110.866,7.78828,32.5202,22.8378,-9.91876,21.2764,0.0292929,0.334844,-0.0137455,-2.37039,0.0458369,2.62848,-0.842668,0.00261898,-0.00114994,-0.000262916,-0.000369765,-0.00033437,0.000486014,-0.000598832,
0.242,0,0,0,0,0,0,0,0,0,0,0,0,0,0,0,0,-0.031862,0.999298,0.0192297,0,0.996553,0.0332346,-0.0758788,0,-0.0764661,0.0167461,-0.996932,0,0.490401,0.00805542,0.074683,1,-0.545187,-33.4393,-0.676992,15.4541,0.299742,2.63838,0.0359034,13.0264,-22.9635,4.57561,-26.4297,-6.46382,35.6123,-30.9605,0.0292957,0.334847,-0.0137423,-2.37039,0.0458375,2.62848,-0.842658,-0.000474407,4.2191e-05,2.2496e-06,0.000552593,0.000274387,-4.94977e-05,0.00119959,
0.276,0,0,0,0,0,0,0,0,0,0,0,0,0,0,0,0,-0.0318647,0.999298,0.0192302,0,0.996553,0.0332375,-0.075883,0,-0.0764704,0.0167462,-0.996931,0,0.4904,0.00805526,0.074681,1,-0.545187,-33.479,-0.676992,15.4898,0.293334,2.63197,0.069778,-18.925,-16.4749,19.0742,18.0758,16.5752,-28.7628,-26.22,0.0292957,0.334849,-0.0137426,-2.37039,0.0458382,2.62848,-0.842662,0.00022615,0.000332639,0.000121783,-0.00257144,-0.000194514,0.000266827,0.00187116,
0.31,0,0,0,0,0,0,0,0,0,0,0,0,0,0,0,0,-0.0318599,0.999298,0.0192293,0,0.996553,0.0332327,-0.07589,0,-0.0764772,0.0167455,-0.996931,0,0.490397,0.00805076,0.0746794,1,-0.505514,-33.4393,-0.637319,15.5613,0.293334,2.65211,0.109146,19.1397,-57.0695,141.214,117.512,-5.75847,28.0331,51.3987,0.029293,0.334849,-0.0137483,-2.3704,0.0458393,2.62848,-0.842666,-0.000849617,0.000604251,-0.00175614,-0.0039592,0.000154519,-0.00053695,-0.00109573,
0.344,0,0,0,0,0,0,0,0,0,0,0,0,0,0,0,0,-0.0318748,0.999297,0.01923,0,0.996553,0.0332475,-0.075882,0,-0.0764695,0.0167453,-0.996931,0,0.4904,0.0080554,0.074682,1,-0.580892,-33.4393,-0.676992,15.4898,0.299742,2.6457,0.148513,-214.687,126.295,-78.4113,-49.8972,5.182,25.1012,41.1942,0.0292983,0.334847,-0.0137446,-2.37039,0.0458375,2.62848,-0.842671,0.00167006,-0.000943137,0.000349124,4.7377e-05,-5.91601e-05,-2.38653e-05,-0.00173878,
0.378,0,0,0,0,0,0,0,0,0,0,0,0,0,0,0,0,-0.0318641,0.999298,0.0192302,0,0.996553,0.0332368,-0.0758848,0,-0.0764721,0.0167462,-0.996931,0,0.490399,0.00805532,0.0746798,1,-0.545187,-33.479,-0.676992,15.4898,0.293334,2.62465,0.0624537,-82.0637,0.0087451,20.3283,-76.1682,2.70864,-7.06551,10.3408,0.0292957,0.334852,-0.0137424,-2.37039,0.0458382,2.62848,-0.842661,0.00051589,7.75731e-05,0.000912962,0.000544169,0.000175336,0.000293849,0.000401431,
0.412,0,0,0,0,0,0,0,0,0,0,0,0,0,0,0,0,-0.0318562,0.999298,0.0192286,0,0.996553,0.0332289,-0.0758886,0,-0.0764757,0.0167451,-0.996931,0,0.490398,0.00804937,0.0746785,1,-0.469808,-33.5147,-0.637319,15.4898,0.293334,2.63838,0.089004,-32.6665,-44.1819,3.24356,6.365,-0.55947,1.02328,30.6272,0.0292902,0.334854,-0.0137483,-2.37039,0.0458382,2.62848,-0.842664,5.17077e-05,0.000538975,0.00166285,0.000131896,0.00024798,2.12263e-05,-0.00086495,
0.446,0,0,0,0,0,0,0,0,0,0,0,0,0,0,0,0,-0.0318407,0.999298,0.0192263,0,0.996553,0.0332133,-0.0758895,0,-0.0764763,0.016744,-0.996931,0,0.490398,0.00804049,0.0746794,1,-0.434103,-33.479,-0.601614,15.4898,0.305235,2.65211,0.0954127,27.9508,50.8984,-35.8694,6.28741,37.5368,-3.80618,-11.7136,0.0292785,0.334852,-0.013754,-2.37039,0.0458369,2.62848,-0.842665,-0.000424704,-0.000468395,-0.000460367,0.000368885,-0.000613514,-5.61563e-05,-0.00201465,
0.48,0,0,0,0,0,0,0,0,0,0,0,0,0,0,0,0,-0.0318635,0.999298,0.0192296,0,0.996552,0.0332365,-0.0758964,0,-0.0764837,0.0167453,-0.99693,0,0.490395,0.00805033,0.0746753,1,-0.545187,-33.5544,-0.676992,15.5613,0.299742,2.63197,0.135696,-3.53883,-63.1425,-61.1184,180.983,12.8231,-8.87818,48.4176,0.0292894,0.334858,-0.0137456,-2.3704,0.0458375,2.62848,-0.842669,0.00676498,0.000449747,0.000690471,-0.000854518,-3.09265e-05,0.000266168,-0.00244622,
0.514,0,0,0,0,0,0,0,0,0,0,0,0,0,0,0,0,-0.0318698,0.999297,0.0192302,0,0.996552,0.0332428,-0.0758967,0,-0.0764841,0.0167454,-0.99693,0,0.490395,0.00805473,0.0746757,1,-0.580892,-33.5544,-0.676992,15.5256,0.299742,2.65211,0.115554,-3.75252,-50.1561,9.66197,0.175873,25.7636,3.24718,23.3158,0.0292958,0.334858,-0.0137434,-2.37039,0.0458375,2.62848,-0.842667,0.000519811,0.000556187,-0.00034503,-0.00135076,-0.00018375,-0.000224544,-0.000751649,
0.548,0,0,0,0,0,0,0,0,0,0,0,0,0,0,0,0,-0.031867,0.999297,0.0192307,0,0.996553,0.0332398,-0.0758861,0,-0.0764735,0.0167464,-0.996931,0,0.490401,0.0080525,0.0746797,1,-0.505514,-33.5147,-0.712698,15.4145,0.299742,2.63197,0.135696,86.7058,66.8414,-78.888,-237.836,-2.36568,-31.4165,28.527,0.0292898,0.334855,-0.0137423,-2.37038,0.0458375,2.62848,-0.842669,-0.00372272,0.00318602,0.000905216,0.0067232,0.000380455,0.000552786,-0.00128905,
0.582,0,0,0,0,0,0,0,0,0,0,0,0,0,0,0,0,-0.0318907,0.999297,0.0192351,0,0.996551,0.0332639,-0.0758917,0,-0.0764796,0.0167489,-0.99693,0,0.490398,0.00806566,0.0746773,1,-0.580892,-33.5544,-0.788076,15.4541,0.299742,2.65211,0.129287,135.606,80.6506,-154.091,-88.9616,-20.9216,8.96803,105.315,0.0293014,0.334858,-0.0137286,-2.37039,0.0458375,2.62848,-0.842668,-0.00149161,-0.000403853,0.00235886,-0.00119154,0.000330192,-0.000304539,-0.000700857,
0.616,0,0,0,0,0,0,0,0,0,0,0,0,0,0,0,0,-0.0319103,0.999296,0.0192359,0,0.99655,0.0332837,-0.0758995,0,-0.0764878,0.0167479,-0.99693,0,0.490394,0.00807454,0.0746732,1,-0.616598,-33.5901,-0.748403,15.4898,0.305235,2.63197,0.142105,108.044,-71.7432,63.9697,-10.2815,7.19111,0.777523,21.3355,0.0293164,0.334864,-0.0137256,-2.37039,0.0458369,2.62848,-0.84267,-0.00126624,0.00103254,-0.000811556,-0.000294421,-0.000935212,0.00032949,-0.00293317,
0.65,0,0,0,0,0,0,0,0,0,0,0,0,0,0,0,0,-0.0319323,0.999295,0.0192396,0,0.99655,0.0333057,-0.0758876,0,-0.0764764,0.0167503,-0.996931,0,0.490399,0.00808684,0.0746777,1,-0.731649,-33.5544,-0.823782,15.4541,0.305235,2.62465,0.102737,-124.817,-35.2081,56.6092,-117.109,1.88135,27.8775,-46.6998,0.029328,0.334858,-0.0137137,-2.37039,0.0458369,2.62848,-0.842669,0.000896182,0.000202497,0.00168125,0.000629335,-0.00169068,-0.000443596,0.00133131,
0.684,0,0,0,0,0,0,0,0,0,0,0,0,0,0,0,0,-0.0319572,0.999294,0.0192453,0,0.996549,0.033331,-0.0758883,0,-0.0764777,0.016754,-0.996931,0,0.490397,0.00810141,0.0746782,1,-0.767355,-33.479,-0.89916,15.4898,0.293334,2.63197,0.0954127,3.24159,159.996,16.6705,36.9111,-22.7162,-3.19172,9.7788,0.0293401,0.334855,-0.013698,-2.37039,0.0458381,2.62848,-0.842668,0.000289623,-0.00181414,0.00196257,-0.000559042,0.000309491,6.48805e-05,0.00041409,
0.718,0,0,0,0,0,0,0,0,0,0,0,0,0,0,0,0,-0.0320212,0.999292,0.0192558,0,0.996547,0.0333957,-0.0758969,0,-0.0764877,0.0167593,-0.99693,0,0.490396,0.00813487,0.0746729,1,-0.842733,-33.6654,-1.01421,15.4145,0.305235,2.63197,0.0954127,26.8004,1.78519,-84.6911,-118.243,-8.21237,16.2664,-56.0625,0.0293709,0.334869,-0.0136643,-2.37039,0.0458369,2.62848,-0.842668,-7.74125e-05,0.000173438,-1.99384e-06,0.000102139,7.93563e-05,-0.000465867,0.000919176,
0.752,0,0,0,0,0,0,0,0,0,0,0,0,0,0,0,0,-0.0320114,0.999292,0.0192544,0,0.996546,0.033386,-0.0759061,0,-0.0764967,0.0167583,-0.996929,0,0.490394,0.00813011,0.0746685,1,-0.731649,-33.7011,-0.974539,15.4541,0.299742,2.63197,0.0825953,53.3996,-14.7422,-66.0314,45.3204,-10.1033,6.7353,6.95838,0.0293672,0.334877,-0.0136696,-2.37039,0.0458375,2.62848,-0.842668,-0.000797617,4.72884e-05,-0.00057639,-0.00129754,0.000204972,-0.000308715,-8.01812e-05,
0.786,0,0,0,0,0,0,0,0,0,0,0,0,0,0,0,0,-0.0320168,0.999292,0.0192539,0,0.996546,0.0333915,-0.0759128,0,-0.0765035,0.0167572,-0.996928,0,0.490391,0.00813287,0.0746656,1,-0.80306,-33.7011,-0.974539,15.4898,0.317137,2.62465,0.069778,79.712,85.656,-27.7631,121.272,9.31828,-15.6338,-33.9366,0.0293714,0.334881,-0.0136681,-2.37039,0.0458356,2.62848,-0.842666,-0.000392574,-0.000920161,0.000316347,-0.00133732,-0.000214482,7.98585e-05,0.00202557,
0.82,0,0,0,0,0,0,0,0,0,0,0,0,0,0,0,0,-0.0320129,0.999292,0.0192535,0,0.996546,0.0333874,-0.0759043,0,-0.0764948,0.0167575,-0.996929,0,0.490394,0.00812967,0.0746693,1,-0.80306,-33.6654,-0.89916,15.4541,0.293334,2.63197,0.135696,-86.3963,-125.519,104.624,2.55598,-25.0993,-0.754744,52.8013,0.0293706,0.334876,-0.0136735,-2.37039,0.0458382,2.62848,-0.84267,0.00052491,0.000341036,-0.00093225,-0.000262808,0.000552101,0.000154938,-0.0016823,
0.854,0,0,0,0,0,0,0,0,0,0,0,0,0,0,0,0,-0.0320541,0.999291,0.0192667,0,0.996541,0.0334304,-0.0759586,0,-0.0765503,0.0167656,-0.996925,0,0.490388,0.0081524,0.0746523,1,-0.24764,-33.0267,-0.375479,15.0495,0.317137,2.45894,0.0166774,37.1299,87.5751,135.832,-26.7496,18.2661,15.5845,-15.9093,0.0293738,0.334922,-0.0136351,-2.37036,0.0458356,2.62845,-0.84267,-0.00127555,0.00629242,0.0102227,0.00326207,-0.000183775,-0.00554233,-0.000464954,
0.888,0,0,0,0,0,0,0,0,0,0,0,0,0,0,0,0,-0.0323536,0.999278,0.0194373,0,0.996467,0.033756,-0.0767786,0,-0.0773807,0.0168849,-0.996859,0,0.490294,0.00833763,0.0745687,1,-0.283346,-33.5147,-0.339773,15.3788,0.323546,2.25844,0.0954127,-13.094,-68.2835,82.059,65.8921,-26.0031,-20.4461,113.376,0.0293324,0.335155,-0.0132736,-2.37005,0.0458444,2.62754,-0.842679,-0.000103981,0.00390057,0.00989156,0.0085533,0.000310552,-0.0256651,-0.00178737,
0.922,0,0,0,0,0,0,0,0,0,0,0,0,0,0,0,0,-0.0326552,0.999266,0.0195663,0,0.996453,0.0340675,-0.0768207,0,-0.0774323,0.0169886,-0.996853,0,0.490415,0.0085314,0.0745904,1,-0.469808,-33.2885,-0.486563,15.3788,0.372069,2.29323,0.109146,-190.795,-3.41207,-88.3396,22.0487,27.0115,-4.18445,75.9154,0.0293359,0.33535,-0.0129334,-2.3696,0.0458618,2.62724,-0.842666,0.0026137,0.00167347,0.0121816,0.0120161,-0.000698379,-0.0151259,-0.00199446,
0.956,0,0,0,0,0,0,0,0,0,0,0,0,0,0,0,0,-0.0330041,0.999252,0.0196819,0,0.996449,0.0344227,-0.0767212,0,-0.0773427,0.0170802,-0.996858,0,0.490647,0.00873655,0.0746653,1,-0.691976,-33.4393,-0.748403,15.3431,0.383971,2.29323,0.0825953,-48.8293,2.36987,52.0036,-4.26538,25.6026,22.8595,-7.35803,0.0293816,0.335595,-0.0126147,-2.36888,0.0458621,2.62687,-0.842658,0.00105893,0.00936562,0.0134583,0.0300195,-0.000226674,-0.0129353,-0.000215897,
0.99,0,0,0,0,0,0,0,0,0,0,0,0,0,0,0,0,-0.0332337,0.999242,0.0198053,0,0.99645,0.034659,-0.0765932,0,-0.077223,0.0171898,-0.996866,0,0.490921,0.00890755,0.074752,1,-0.434103,-33.3282,-0.411184,15.3788,0.36566,2.27949,0.069778,-129.019,34.7258,-108.651,154.447,15.2835,-14.0277,24.9151,0.0293578,0.335881,-0.0122998,-2.36804,0.0458861,2.62645,-0.842624,-0.000612631,0.00765003,0.00686647,0.0187306,-0.000320174,-0.0143637,0.00425913,
1.024,0,0,0,0,0,0,0,0,0,0,0,0,0,0,0,0,-0.0331244,0.999244,0.0198533,0,0.996455,0.0345535,-0.0765818,0,-0.0772114,0.0172465,-0.996866,0,0.491071,0.00890157,0.074786,1,-0.24764,-33.479,-0.3001,15.4145,0.323546,2.29323,0.00294445,-43.7696,26.1946,-159.83,74.2036,-12.0116,23.3012,-38.0788,0.029289,0.336083,-0.0122625,-2.36754,0.0459525,2.62616,-0.842602,-0.00124325,0.00120736,0.00193493,0.00696109,0.000736455,-0.005671,0.00226012,
1.058,0,0,0,0,0,0,0,0,0,0,0,0,0,0,0,0,-0.0328133,0.999254,0.0198881,0,0.996471,0.0342446,-0.0765052,0,-0.0771307,0.0173078,-0.996871,0,0.491159,0.0088059,0.074783,1,0.16099,-33.479,0.112497,15.3431,0.329039,2.23097,-0.0171971,64.3481,33.0202,20.1351,-31.3713,5.32087,-20.3851,-7.4451,0.0291304,0.336242,-0.0123035,-2.3673,0.0460738,2.62615,-0.842595,-0.00149802,0.00187021,-0.00442692,0.00363311,0.000124262,0.000826402,0.00130493,
1.092,0,0,0,0,0,0,0,0,0,0,0,0,0,0,0,0,-0.0325428,0.999263,0.0198756,0,0.99649,0.0339718,-0.0763826,0,-0.077003,0.0173204,-0.99688,0,0.491246,0.00866637,0.0748135,1,0.125284,-33.479,0.148203,15.2677,0.323546,2.2383,0.056045,75.2413,31.5032,175.493,-40.1344,-0.342515,-13.3292,74.7852,0.0288916,0.3363,-0.0123475,-2.36711,0.0460809,2.62614,-0.842607,-0.00772075,0.00017295,-0.0022179,0.00726895,5.16592e-05,0.000139119,-0.00251613,
1.126,0,0,0,0,0,0,0,0,0,0,0,0,0,0,0,0,-0.0325009,0.999264,0.0198806,0,0.996501,0.0339281,-0.076254,0,-0.0768739,0.0173331,-0.99689,0,0.491367,0.00864652,0.0748473,1,0.0142004,-33.5544,-0.0382594,15.1963,0.323546,2.25203,0.0624537,45.7847,59.3867,-1.46803,-36.1287,-11.5424,-4.10839,-7.64412,0.0288318,0.336418,-0.0123353,-2.36679,0.0460841,2.62607,-0.842612,0.000714065,0.00338228,0.00254301,0.0111442,5.77571e-05,-0.000953162,-0.00129626,
1.16,0,0,0,0,0,0,0,0,0,0,0,0,0,0,0,0,-0.0325831,0.999261,0.0198909,0,0.996516,0.0340069,-0.0760248,0,-0.0766465,0.0173448,-0.996907,0,0.491543,0.00869463,0.074889,1,-0.319052,-33.5147,-0.3001,15.1963,0.341856,2.20351,0.00294445,-109.256,-4.31895,-51.866,-0.942406,-11.4544,-18.7495,-17.2504,0.028874,0.336603,-0.0122914,-2.36636,0.0460868,2.62606,-0.842606,0.00302347,0.00598568,0.00119672,0.0160309,0.000397788,0.000674492,0.00173671,
1.194,0,0,0,0,0,0,0,0,0,0,0,0,0,0,0,0,-0.0327246,0.999256,0.0199219,0,0.99653,0.034146,-0.0757759,0,-0.0764013,0.0173734,-0.996926,0,0.491784,0.00877515,0.074938,1,-0.434103,-33.6258,-0.450857,15.1606,0.34735,2.20991,0.0166774,41.6946,8.50722,97.8914,-72.1023,-37.495,5.96698,-8.35078,0.0289111,0.336891,-0.0121875,-2.36572,0.0460863,2.62595,-0.842603,0.00139311,0.0103838,0.00347689,0.0229248,0.000442713,-0.000413093,0.00213975,
1.228,0,0,0,0,0,0,0,0,0,0,0,0,0,0,0,0,-0.0329385,0.999248,0.0199686,0,0.996549,0.034357,-0.0754374,0,-0.0760682,0.0174152,-0.996951,0,0.492163,0.00889079,0.0749685,1,-0.505514,-33.5901,-0.526235,15.1249,0.377562,2.19618,0.0432277,66.3963,-148.442,76.1225,-20.2011,14.727,-35.2164,21.8235,0.028951,0.337478,-0.0120267,-2.36466,0.046084,2.62581,-0.84261,0.000578176,0.0203917,0.00541257,0.0379456,-0.00026184,-0.0102015,0.000850005,
1.262,0,0,0,0,0,0,0,0,0,0,0,0,0,0,0,0,-0.033098,0.999242,0.020001,0,0.996576,0.0345109,-0.0750039,0,-0.0756387,0.0174504,-0.996983,0,0.492655,0.00898155,0.0749736,1,-0.434103,-33.6258,-0.450857,14.7956,0.372069,2.12019,0.0761866,64.7667,-96.7552,86.9293,-69.4635,-4.64994,12.6173,44.3675,0.0289681,0.338326,-0.0118934,-2.36327,0.0460839,2.62571,-0.842611,0.000628106,0.0280575,-0.000354233,0.0436781,5.88549e-05,0.000204819,-0.000346192,
1.296,0,0,0,0,0,0,0,0,0,0,0,0,0,0,0,0,-0.0332559,0.999237,0.0200217,0,0.996616,0.0346596,-0.0744072,0,-0.0750458,0.0174798,-0.997027,0,0.493324,0.00907252,0.0749406,1,-0.469808,-33.7011,-0.450857,14.9027,0.377562,2.10646,0.0954127,-39.0547,-38.67,0.906624,30.1707,-22.2741,-9.04088,-16.792,0.0289943,0.339581,-0.011772,-2.36137,0.0460877,2.62566,-0.842612,0.00074985,0.0486076,0.00340698,0.066513,0.000272686,-0.0020549,-0.000499946,
1.33,0,0,0,0,0,0,0,0,0,0,0,0,0,0,0,0,-0.0333675,0.999233,0.0200406,0,0.996649,0.0347637,-0.0739181,0,-0.0745595,0.0175073,-0.997063,0,0.494165,0.00914396,0.0748502,1,-0.434103,-33.6654,-0.486563,14.9424,0.372069,2.10005,0.0825953,-36.7931,-1.14233,-107.494,95.6156,-6.8134,-15.116,-61.4269,0.0290036,0.341348,-0.0116814,-2.35877,0.046092,2.62532,-0.842607,-0.00286254,0.0574232,0.00283112,0.0793441,0.000131984,-0.0131928,0.000911318,
1.364,0,0,0,0,0,0,0,0,0,0,0,0,0,0,0,0,-0.0333771,0.999232,0.0200502,0,0.996668,0.0347693,-0.0736537,0,-0.0742957,0.0175254,-0.997082,0,0.495141,0.0091692,0.0746566,1,-0.358724,-33.4393,-0.264395,15.1606,0.353758,2.11378,0.0359034,-123.119,192.966,173.72,119.399,2.51744,-4.84354,-39.1028,0.0289924,0.343694,-0.0116654,-2.35551,0.0461095,2.62467,-0.8426,-0.0013235,0.0760687,-0.00167071,0.107402,0.000357616,-0.0181832,0.00217278,
1.398,0,0,0,0,0,0,0,0,0,0,0,0,0,0,0,0,-0.0333433,0.999233,0.0200465,0,0.996705,0.0347268,-0.0731663,0,-0.0738078,0.0175412,-0.997118,0,0.496409,0.009176,0.0743602,1,-0.061178,-33.5544,-0.149343,14.9781,0.34735,1.99568,0.0761866,155.446,-116.164,-78.4716,205.538,12.019,-9.93551,-33.7258,0.0289494,0.346821,-0.0116605,-2.35136,0.0461424,2.62413,-0.8426,-0.000623102,0.100679,-0.00643087,0.135315,-0.000467934,-0.0155819,0.00227563,
1.432,0,0,0,0,0,0,0,0,0,0,0,0,0,0,0,0,-0.0331409,0.99924,0.0200329,0,0.996786,0.0345064,-0.0721709,0,-0.0728087,0.017577,-0.997191,0,0.498009,0.00912859,0.0740401,1,0.0895788,-33.8916,-0.113638,14.7599,0.311644,1.90596,0.0359034,128.09,71.5235,-165.616,-21.753,-7.51664,-5.54719,-56.1859,0.0288213,0.350534,-0.011684,-2.3464,0.0462381,2.62389,-0.842591,-0.00600497,0.109625,0.00288932,0.152144,0.000249767,-0.0078501,0.00210946,
1.466,0,0,0,0,0,0,0,0,0,0,0,0,0,0,0,0,-0.0328722,0.99925,0.019995,0,0.996867,0.0342182,-0.0711829,0,-0.0718151,0.0175928,-0.997263,0,0.499817,0.00902889,0.0736483,1,0.16099,-33.8162,0.0728246,14.9027,0.305235,1.87117,0.00294445,111.192,54.6618,40.1315,44.2503,7.67717,-14.8587,-57.1837,0.0286316,0.354834,-0.0117527,-2.34069,0.0463095,2.62347,-0.84259,-0.00773033,0.126637,-0.000702167,0.175094,0.00353677,-0.021056,0.00191527,
1.5,0,0,0,0,0,0,0,0,0,0,0,0,0,0,0,0,-0.0327482,0.999255,0.0199617,0,0.996949,0.0340728,-0.0700899,0,-0.0707192,0.0176059,-0.997341,0,0.501834,0.00899536,0.0732406,1,0.0895788,-33.6654,0.0728246,14.8313,0.299742,1.78145,-0.0236058,67.4196,124.732,11.6704,127.563,15.4145,-37.8523,-89.0323,0.0285151,0.359558,-0.0117747,-2.33431,0.0463552,2.6229,-0.842588,-0.00675254,0.146622,-0.00156396,0.192168,0.00048545,-0.0112359,0.00343524,
1.534,0,0,0,0,0,0,0,0,0,0,0,0,0,0,0,0,-0.0326825,0.999257,0.0199332,0,0.997038,0.0339835,-0.0688595,0,-0.0694871,0.017624,-0.997427,0,0.504127,0.00897901,0.0728675,1,0.311747,-34.0027,0.334665,14.5377,0.26953,1.71919,0.069778,-62.9764,93.3204,1.58595,-79.7673,21.3437,-14.0607,32.5422,0.0284069,0.364703,-0.0117864,-2.32705,0.0463861,2.62202,-0.8426,-0.0054064,0.153551,-0.00140521,0.233002,0.0024149,-0.0433422,-0.000187931,
1.568,0,0,0,0,0,0,0,0,0,0,0,0,0,0,0,0,-0.0326275,0.999259,0.019947,0,0.997107,0.0339124,-0.0678898,0,-0.0685173,0.0176746,-0.997493,0,0.506679,0.00897749,0.0725979,1,0.387125,-34.0423,0.334665,14.4306,0.275023,1.69173,0.089004,78.9008,-128.045,23.5428,-112.977,6.20243,-48.5723,74.4236,0.0282922,0.37016,-0.0117927,-2.3187,0.0464106,2.6201,-0.842602,-0.00509144,0.168385,-7.5739e-05,0.256129,-0.000235402,-0.0781664,-0.00765441,
1.602,0,0,0,0,0,0,0,0,0,0,0,0,0,0,0,0,-0.0326544,0.999257,0.0200087,0,0.997134,0.0339361,-0.0674712,0,-0.0681013,0.0177485,-0.997521,0,0.509326,0.00901969,0.0723566,1,0.236368,-34.3795,0.263254,14.3195,0.281432,1.63679,0.0954127,-157.319,99.2712,-97.8339,52.2889,4.04018,8.06517,88.483,0.0282247,0.375869,-0.0117854,-2.3096,0.0464196,2.61712,-0.842602,0.000941604,0.172104,-0.000638285,0.270094,-0.000398661,-0.0945304,-0.00301452,
1.636,0,0,0,0,0,0,0,0,0,0,0,0,0,0,0,0,-0.0327198,0.999253,0.0201101,0,0.997124,0.0340103,-0.0675871,0,-0.0682219,0.0178411,-0.997511,0,0.512066,0.0090842,0.0720903,1,0.200663,-34.3399,0.223581,14.6488,0.299742,1.69173,0.102737,-47.2347,46.3341,152.241,-158.21,22.4013,23.1665,56.3511,0.0281803,0.381962,-0.0117786,-2.29973,0.0464223,2.61322,-0.842605,0.000277005,0.176547,0.00165255,0.300614,-0.00032564,-0.126643,-0.00155469,
1.67,0,0,0,0,0,0,0,0,0,0,0,0,0,0,0,0,-0.0328704,0.999245,0.020228,0,0.997146,0.0341614,-0.0671867,0,-0.0678283,0.0179621,-0.997535,0,0.515221,0.00919712,0.072072,1,0.0895788,-34.8279,0.112497,15.3074,0.299742,1.65053,0.121963,57.5246,-101.895,-0.780579,24.7349,-8.89968,-21.1851,82.961,0.0281844,0.388144,-0.0117536,-2.28882,0.0464271,2.60889,-0.842606,-0.00107928,0.193943,0.00184895,0.337902,4.345e-05,-0.144808,-0.00257062,
1.704,0,0,0,0,0,0,0,0,0,0,0,0,0,0,0,0,-0.0330885,0.999235,0.0203919,0,0.997147,0.0343877,-0.0670494,0,-0.0677006,0.0181155,-0.997541,0,0.518398,0.0093503,0.0721691,1,-0.0968836,-35.5777,-0.113638,15.0138,0.305235,1.76771,0.135696,-62.1644,3.27631,-111.013,-75.2164,-24.8934,27.1618,28.0082,0.0282096,0.394175,-0.0116932,-2.27762,0.0464265,2.60385,-0.842607,0.000300186,0.186565,0.0020347,0.339884,0.000483108,-0.153165,-0.0022278,
1.738,0,0,0,0,0,0,0,0,0,0,0,0,0,0,0,0,-0.0333995,0.999221,0.0205764,0,0.997161,0.0347039,-0.0666873,0,-0.0673507,0.018291,-0.997562,0,0.521854,0.00955762,0.0722732,1,-0.358724,-35.5023,-0.339773,14.9027,0.335448,1.80983,0.188797,131.421,-69.2309,-16.2525,-3.99717,-18.2659,-20.8579,48.3405,0.0282553,0.400712,-0.0115703,-2.26555,0.0464233,2.59867,-0.842608,0.00172106,0.199776,0.00540275,0.361294,0.000197104,-0.154867,-0.00242558,
1.772,0,0,0,0,0,0,0,0,0,0,0,0,0,0,0,0,-0.0336908,0.999207,0.0207828,0,0.99712,0.0350166,-0.0671279,0,-0.0678037,0.0184618,-0.997528,0,0.525214,0.00976678,0.0721257,1,-0.283346,-36.0656,-0.224722,15.1963,0.353758,1.8437,0.148513,6.56093,16.9728,47.5714,-308.677,17.0152,13.4288,48.4625,0.0283223,0.407898,-0.0114711,-2.25307,0.0464244,2.59292,-0.842599,-0.000187117,0.213743,-0.000614196,0.373275,-0.00035697,-0.167956,-0.000732486,
1.806,0,0,0,0,0,0,0,0,0,0,0,0,0,0,0,0,-0.0338884,0.999197,0.0209363,0,0.997113,0.0352241,-0.0671197,0,-0.0678046,0.0186017,-0.997525,0,0.528883,0.00991803,0.0719514,1,-0.136556,-36.2164,-0.113638,15.1606,0.341856,1.76131,0.162246,68.0994,-52.3403,40.2071,29.1717,-33.9644,18.7537,47.7054,0.0283584,0.415676,-0.0114508,-2.23973,0.0464241,2.58737,-0.842586,-0.000826136,0.238238,0.00360592,0.403383,0.000680308,-0.168431,-0.00075836,
1.84,0,0,0,0,0,0,0,0,0,0,0,0,0,0,0,0,-0.0340059,0.99919,0.0210533,0,0.997133,0.0353427,-0.0667683,0,-0.0674596,0.0187227,-0.997546,0,0.532773,0.0100249,0.071655,1,0.0142004,-36.2561,-0.00255384,15.1963,0.359251,1.71278,0.129287,-89.2383,-6.7179,-30.9611,35.5585,16.2973,-29.3529,-72.6895,0.0283362,0.424123,-0.0114536,-2.22575,0.0464253,2.58218,-0.842568,-0.000188882,0.260379,0.000418522,0.413679,-8.19895e-05,-0.128271,0.0021925,
1.874,0,0,0,0,0,0,0,0,0,0,0,0,0,0,0,0,-0.034113,0.999185,0.02114,0,0.997195,0.0354369,-0.0657868,0,-0.0664836,0.0188369,-0.99761,0,0.536958,0.0101375,0.0714343,1,-0.0215052,-37.1924,-0.00255384,15.1606,0.372069,1.62947,0.148513,-137.17,-99.5221,24.0203,295.934,14.3563,38.8703,-5.16309,0.0283258,0.432846,-0.0114631,-2.21112,0.0464243,2.57725,-0.842517,0.0040088,0.271955,-0.000575727,0.442086,-0.000281268,-0.160141,0.00243413,
1.908,0,0,0,0,0,0,0,0,0,0,0,0,0,0,0,0,-0.0341645,0.99918,0.0212845,0,0.997174,0.0355031,-0.066062,0,-0.0667648,0.0189678,-0.997588,0,0.540954,0.0102154,0.0709221,1,0.200663,-37.1924,0.112497,15.3074,0.341856,1.66426,0.162246,27.3388,33.2037,-101.745,-61.5315,12.4323,-23.8337,47.5874,0.0282574,0.442231,-0.0114904,-2.19602,0.0464368,2.57125,-0.842501,-0.00224088,0.280426,0.000177247,0.46345,0.000423144,-0.169147,2.05988e-05,
1.942,0,0,0,0,0,0,0,0,0,0,0,0,0,0,0,0,-0.0341028,0.99918,0.0213991,0,0.997227,0.0354345,-0.0652895,0,-0.0659955,0.0191136,-0.997637,0,0.545534,0.0102658,0.0707308,1,0.16099,-36.7401,0.187876,15.2677,0.341856,1.74757,0.241897,35.6095,133.014,49.4529,-288.761,16.8035,-13.6017,79.4134,0.0281389,0.451808,-0.0115396,-2.17959,0.0464512,2.56517,-0.84241,-0.000392908,0.28573,-0.00259832,0.480849,0.000108905,-0.183738,0.00455131,
1.976,0,0,0,0,0,0,0,0,0,0,0,0,0,0,0,0,-0.0340795,0.999178,0.0215255,0,0.997281,0.0354041,-0.0644894,0,-0.0651997,0.0192695,-0.997686,0,0.5501,0.0103079,0.0705796,1,0.533915,-37.4542,0.485422,15.4145,0.323546,1.68532,0.135696,119.343,20.5893,93.1551,33.7106,6.92729,-14.7703,-54.4417,0.0280096,0.461299,-0.0115943,-2.16314,0.0464808,2.559,-0.84238,-0.00552498,0.279879,-0.00261454,0.487445,0.000726623,-0.177567,0.00176626,
2.01,0,0,0,0,0,0,0,0,0,0,0,0,0,0,0,0,-0.0340232,0.999175,0.0217373,0,0.997236,0.0353753,-0.065183,0,-0.0658995,0.0194599,-0.997636,0,0.55421,0.0103484,0.0701395,1,0.347452,-38.4301,0.334665,15.8548,0.311644,1.72652,0.142105,42.0395,-210.3,80.6175,80.3815,12.734,4.77666,-38.4342,0.0278608,0.47097,-0.011637,-2.147,0.0465439,2.55183,-0.842368,-0.00470356,0.277659,-0.00109888,0.470446,0.00206057,-0.216759,0.000400971,
2.044,0,0,0,0,0,0,0,0,0,0,0,0,0,0,0,0,-0.0339958,0.999171,0.0219836,0,0.997198,0.0353756,-0.0657631,0,-0.0664876,0.0196867,-0.997593,0,0.55843,0.0104172,0.0697953,1,0.276041,-38.1286,0.263254,16.5134,0.305235,1.94075,0.181472,-73.5712,-40.5838,-7.47018,98.0286,-32.3701,76.2346,5.0514,0.027727,0.480665,-0.0116576,-2.13045,0.0466374,2.54438,-0.842363,-0.00166273,0.272531,0.000418569,0.473602,0.00466304,-0.217197,-0.00050478,
2.078,0,0,0,0,0,0,0,0,0,0,0,0,0,0,0,0,-0.0340043,0.999166,0.0221933,0,0.997166,0.0354076,-0.0662414,0,-0.0669732,0.0198783,-0.997557,0,0.562214,0.0104816,0.0694421,1,0.387125,-38.5412,0.410044,15.8548,0.341856,1.74025,0.228164,-77.4083,41.4971,16.8409,-138.742,-23.1405,8.98723,-2.57649,0.0276113,0.489487,-0.0116725,-2.11553,0.0467052,2.53778,-0.842368,-0.00470359,0.27601,-0.00309862,0.439449,3.39295e-05,-0.189139,-0.00130217,
2.112,0,0,0,0,0,0,0,0,0,0,0,0,0,0,0,0,-0.0340439,0.999159,0.0224476,0,0.997102,0.0354825,-0.0671543,0,-0.0678956,0.0200967,-0.99749,0,0.565562,0.0105911,0.0691877,1,0.276041,-39.4061,0.263254,16.1841,0.286925,1.81624,0.234573,69.1909,-99.9263,63.2054,-115.878,-7.41581,12.4203,123.053,0.0275574,0.497339,-0.0116636,-2.10186,0.0467953,2.53104,-0.842351,-0.00166706,0.216191,0.000493171,0.378181,0.0019459,-0.214928,-0.00271928,
2.146,0,0,0,0,0,0,0,0,0,0,0,0,0,0,0,0,-0.0339292,0.999156,0.0227171,0,0.997037,0.0354067,-0.0681508,0,-0.068899,0.0203379,-0.997416,0,0.568388,0.0106459,0.0689473,1,0.276041,-38.7317,0.223581,16.5491,0.311644,1.86476,0.195205,49.6601,-3.674,-28.4543,4.21252,-5.67367,-31.63,-22.0388,0.0274501,0.504119,-0.0116732,-2.09006,0.0469619,2.52502,-0.842339,-0.00505653,0.175239,-0.000178527,0.312386,0.00533526,-0.142927,-0.000643481,
2.18,0,0,0,0,0,0,0,0,0,0,0,0,0,0,0,0,-0.0339574,0.999152,0.0228721,0,0.997016,0.0354514,-0.0684364,0,-0.0691905,0.0204803,-0.997393,0,0.570767,0.0106965,0.0689804,1,0.311747,-39.295,0.148203,16.9895,0.299742,1.96821,0.148513,-6.52454,42.5269,-224.858,-42.3388,0.162756,2.80152,-38.4854,0.0273713,0.509164,-0.0116711,-2.08062,0.0469875,2.52033,-0.84233,-0.00395652,0.139297,0.00307643,0.246056,-0.000185611,-0.133976,0.00140812,
2.214,0,0,0,0,0,0,0,0,0,0,0,0,0,0,0,0,-0.0339684,0.999148,0.0230395,0,0.996927,0.0354999,-0.0696898,0,-0.0704497,0.0206019,-0.997303,0,0.572196,0.0107295,0.068923,1,0.387125,-39.7076,0.29896,16.7673,0.281432,1.90596,0.234573,101.67,-68.3852,18.7828,206.494,8.715,-35.3901,51.0149,0.0273141,0.512698,-0.0116823,-2.07402,0.047014,2.51599,-0.84234,-0.00419173,0.0858514,0.00312306,0.159857,-0.000171091,-0.118659,-0.00222549,
2.248,0,0,0,0,0,0,0,0,0,0,0,0,0,0,0,0,-0.0339725,0.999144,0.0231821,0,0.996828,0.0355429,-0.0710799,0,-0.0718444,0.0206942,-0.997201,0,0.572834,0.0107546,0.0688847,1,0.049906,-39.3307,0.0728246,16.8427,0.299742,1.90596,0.234573,100.108,-87.3436,119.262,-16.4189,-7.47002,26.5118,23.5334,0.0272624,0.514558,-0.0116676,-2.07038,0.0470212,2.51281,-0.84234,0.000439281,0.0222466,-0.00108487,0.0652832,9.0163e-05,-0.0793426,-0.00875784,
2.282,0,0,0,0,0,0,0,0,0,0,0,0,0,0,0,0,-0.0339645,0.999142,0.0232785,0,0.996732,0.0355691,-0.0723892,0,-0.0731565,0.0207442,-0.997105,0,0.572718,0.0107639,0.0689015,1,0.125284,-38.6166,0.112497,17.1323,0.299742,1.99568,0.228164,39.3945,142.059,36.6249,-118.819,10.2893,24.5623,15.3637,0.0272428,0.514669,-0.0116623,-2.06976,0.0470216,2.51099,-0.842339,-0.0060361,-0.00867412,0.00285469,-0.00412955,5.11341e-05,-0.0336426,-0.00124901,
2.316,0,0,0,0,0,0,0,0,0,0,0,0,0,0,0,0,-0.0339243,0.999142,0.0233364,0,0.99666,0.0355539,-0.07338,0,-0.0741482,0.0207695,-0.997031,0,0.572316,0.010755,0.068959,1,0.236368,-38.8824,0.29896,17.0966,0.281432,2.01674,0.148513,68.53,-194.644,145.579,-111.917,-0.228263,20.06,-18.7029,0.0272276,0.513987,-0.0116666,-2.07054,0.0470236,2.51009,-0.84233,-0.00228625,-0.0224494,-0.00246974,-0.0367852,0.000242518,-0.0199822,0.00159465,
2.35,0,0,0,0,0,0,0,0,0,0,0,0,0,0,0,0,-0.0338031,0.999146,0.0233663,0,0.996597,0.0354541,-0.0742835,0,-0.0750499,0.0207762,-0.996963,0,0.571633,0.0106941,0.0689919,1,0.200663,-38.9181,0.0728246,17.2434,0.281432,2.05794,0.155838,253.808,-95.425,-124.219,-67.0133,5.64989,8.91521,31.8485,0.0271587,0.512731,-0.0116854,-2.07248,0.0470284,2.50987,-0.842326,-0.00662932,-0.0443007,0.00258028,-0.072083,-0.000153905,-0.000480674,-0.000285622,
2.384,0,0,0,0,0,0,0,0,0,0,0,0,0,0,0,0,-0.0336082,0.999152,0.023386,0,0.996539,0.0352792,-0.075147,0,-0.0759098,0.0207799,-0.996898,0,0.570786,0.010591,0.0690916,1,0.347452,-38.8824,0.374338,17.1323,0.256712,2.05794,0.135696,-96.7096,17.7987,-54.7851,-60.3062,-2.13912,-4.93763,34.8228,0.0270399,0.510967,-0.0117185,-2.07512,0.0470359,2.50988,-0.842321,-0.00461414,-0.0533468,0.000805332,-0.0850316,8.17853e-05,0.00310134,-0.000537712,
2.416,0,0,0,0,0,0,0,0,0,0,0,0,0,0,0,0,-0.033458,0.999156,0.0234245,0,0.99647,0.0351523,-0.0761038,0,-0.0768645,0.020796,-0.996825,0,0.569867,0.0105167,0.0691752,1,0.200663,-38.6563,0.223581,17.537,0.263121,2.10646,0.0624537,49.5636,-98.5818,-12.5991,132.327,-20.1557,-17.2481,-22.7357,0.0269281,0.509117,-0.0117098,-2.07795,0.0470368,2.5099,-0.842314,-0.00171128,-0.0578743,0.000688542,-0.0885712,0.00192999,0.00146642,0.00280567,
2.454,0,0,0,0,0,0,0,0,0,0,0,0,0,0,0,0,-0.0334059,0.999157,0.0234704,0,0.996396,0.0351244,-0.0770898,0,-0.0778507,0.020811,-0.996748,0,0.568803,0.0104902,0.0693398,1,0.200663,-38.9181,0.0728246,17.6838,0.256712,2.20991,0.168655,84.2766,24.5924,-121.165,16.4646,-11.713,13.9841,22.1135,0.0268966,0.506792,-0.0116932,-2.08133,0.0470364,2.50997,-0.842323,-0.000673007,-0.0602165,0.00171838,-0.0822989,0.000501378,0.0051427,-0.00204147,
2.488,0,0,0,0,0,0,0,0,0,0,0,0,0,0,0,0,-0.0333777,0.999157,0.0235001,0,0.996335,0.035115,-0.0778735,0,-0.0786346,0.0208151,-0.996686,0,0.567948,0.0104868,0.0694021,1,0.125284,-38.6563,0.0728246,17.4259,0.251219,2.22365,0.115554,87.7962,-119.113,24.6065,211.539,-29.2391,6.73692,-81.6044,0.026903,0.505076,-0.0116773,-2.08404,0.0470367,2.51017,-0.842312,0.000814828,-0.0449122,0.00261341,-0.088237,0.000293728,0.0138866,0.000630667,
2.522,0,0,0,0,0,0,0,0,0,0,0,0,0,0,0,0,-0.0333324,0.999158,0.0235142,0,0.996276,0.035087,-0.0786424,0,-0.0794027,0.0208056,-0.996625,0,0.567051,0.0104749,0.0693598,1,0.16099,-38.7317,0.148203,17.5727,0.251219,2.29323,0.069778,-72.7287,-87.6292,-38.1025,-187.868,14.3511,-6.01579,-31.2874,0.0269071,0.503501,-0.0116666,-2.08687,0.0470378,2.51066,-0.842298,-0.000180162,-0.0508165,0.000420755,-0.0896174,-0.000105386,0.0192533,0.00125182,
2.556,0,0,0,0,0,0,0,0,0,0,0,0,0,0,0,0,-0.0332617,0.99916,0.0235214,0,0.996224,0.0350311,-0.0793127,0,-0.0800716,0.0207949,-0.996572,0,0.566125,0.0104383,0.069328,1,0.236368,-38.6563,0.187876,17.6441,0.244811,2.34816,0.162246,50.7049,-69.093,19.2107,-43.4619,15.7428,11.4927,22.4966,0.0268824,0.501814,-0.0116661,-2.08989,0.0470468,2.51132,-0.842304,-0.000492456,-0.0479376,-9.27684e-05,-0.0905901,-0.00012675,0.0196898,-0.00285187,
2.59,0,0,0,0,0,0,0,0,0,0,0,0,0,0,0,0,-0.033228,0.999161,0.0235493,0,0.996168,0.0350147,-0.0800302,0,-0.0807892,0.0208002,-0.996514,0,0.565205,0.010436,0.0693613,1,-0.0215052,-38.7317,0.037119,17.7552,0.2265,2.43788,0.0432277,-45.6708,-22.3292,73.5084,-130.567,-11.5196,17.8537,-48.901,0.0268839,0.50001,-0.0116383,-2.09288,0.0470537,2.51179,-0.842293,0.00134388,-0.054249,-0.00229282,-0.0856616,0.000423355,0.0132431,0.00240293,
2.624,0,0,0,0,0,0,0,0,0,0,0,0,0,0,0,0,-0.033253,0.999159,0.0236061,0,0.996086,0.0350649,-0.0810205,0,-0.0817816,0.0208199,-0.996433,0,0.564108,0.0104621,0.0694717,1,-0.0968836,-39.0689,0.037119,17.8663,0.2265,2.54225,0.069778,-108.217,-129.345,215.122,-24.9242,-6.3557,-0.606521,6.36026,0.0269134,0.497749,-0.0115898,-2.09634,0.0470577,2.51199,-0.842296,0.00219797,-0.0717362,0.00365929,-0.118663,0.000396193,0.00672909,0.000559009,
2.658,0,0,0,0,0,0,0,0,0,0,0,0,0,0,0,0,-0.0332771,0.999156,0.0236612,0,0.996017,0.0351106,-0.0818413,0,-0.0826046,0.0208439,-0.996364,0,0.562824,0.0104941,0.06957,1,-0.172262,-38.8427,-0.189016,17.7552,0.239317,2.50014,0.069778,0.669398,40.8227,48.1159,18.7378,-0.379233,-10.1254,-20.1382,0.0269197,0.495071,-0.0114952,-2.10065,0.0470618,2.5128,-0.842293,0.000333824,-0.0834159,0.0020308,-0.136598,-0.000264475,0.0425027,0.00156493,
2.692,0,0,0,0,0,0,0,0,0,0,0,0,0,0,0,0,-0.0333418,0.999154,0.0236604,0,0.99601,0.0351763,-0.0819011,0,-0.0826657,0.0208357,-0.99636,0,0.56149,0.0105371,0.069593,1,-0.319052,-38.204,-0.224722,17.8266,0.256712,2.42415,0.129287,-73.5658,21.5372,1.00793,55.8718,30.6004,-32.9639,44.2558,0.0269428,0.492229,-0.0113719,-2.10574,0.0470599,2.51499,-0.842294,0.00215167,-0.0826056,0.00649495,-0.153196,-0.00268333,0.0733059,-0.00111911,
2.726,0,0,0,0,0,0,0,0,0,0,0,0,0,0,0,0,-0.0333418,0.999155,0.0236395,0,0.996007,0.0351752,-0.0819306,0,-0.0826945,0.0208138,-0.996358,0,0.560026,0.0105459,0.0696652,1,-0.207968,-38.5809,-0.264395,17.6084,0.221007,2.43147,0.162246,17.3637,41.2502,54.3536,38.5736,-9.34713,-13.419,62.0401,0.0269596,0.489,-0.0112925,-2.11135,0.0470681,2.51734,-0.84229,0.000424302,-0.0910926,0.000462386,-0.174381,-7.14611e-05,0.0750113,-0.00226311,
2.76,0,0,0,0,0,0,0,0,0,0,0,0,0,0,0,0,-0.0333902,0.999154,0.023608,0,0.996003,0.0352216,-0.0819687,0,-0.0827325,0.020777,-0.996355,0,0.558393,0.0105793,0.0695898,1,-0.283346,-38.5412,-0.375479,17.7195,0.2265,2.51478,0.129287,76.4589,-3.61009,-197.681,2.48434,-5.06595,-35.9198,-11.9669,0.0270003,0.485758,-0.0111786,-2.11753,0.047068,2.52025,-0.842285,-0.00168039,-0.107448,0.00793054,-0.190506,0.000260594,0.0945655,-0.00169474,
2.794,0,0,0,0,0,0,0,0,0,0,0,0,0,0,0,0,-0.0334503,0.999152,0.0236057,0,0.995957,0.0352923,-0.082497,0,-0.0832617,0.0207511,-0.996312,0,0.556486,0.0106193,0.06943,1,-0.505514,-37.9818,-0.411184,17.6838,0.2265,2.56972,0.155838,25.4699,116.326,125.317,109.589,-12.6187,-19.1557,30.3935,0.0270266,0.482287,-0.0110339,-2.12432,0.047068,2.52304,-0.842292,-0.00217631,-0.109421,-0.00098374,-0.213652,7.9427e-05,0.0775092,-0.00156206,
2.828,0,0,0,0,0,0,0,0,0,0,0,0,0,0,0,0,-0.0334281,0.999153,0.0235793,0,0.995876,0.0352882,-0.0834679,0,-0.0842309,0.0206923,-0.996231,0,0.554171,0.0106128,0.0691775,1,-0.319052,-37.9818,-0.375479,17.902,0.209105,2.49373,0.148513,81.4806,-69.0484,-55.4138,-65.0412,-4.49418,-13.448,108.705,0.0270588,0.478321,-0.0109544,-2.13224,0.0470748,2.52602,-0.842292,0.000322955,-0.113484,0.00152115,-0.241383,-6.39039e-05,0.110159,-0.0027489,
2.862,0,0,0,0,0,0,0,0,0,0,0,0,0,0,0,0,-0.033302,0.999161,0.0234524,0,0.995895,0.0351482,-0.0832931,0,-0.0840491,0.0205827,-0.996249,0,0.551955,0.0105423,0.0689231,1,-0.207968,-37.9422,-0.224722,17.5727,0.209105,2.43788,0.089004,31.8182,194.896,75.0701,-17.4929,-1.79477,-7.16545,-3.579,0.0270522,0.474245,-0.0109206,-2.14068,0.0470881,2.53057,-0.842277,0.000738775,-0.120202,-0.000482141,-0.251819,-0.000145247,0.13618,-0.000356979,
2.896,0,0,0,0,0,0,0,0,0,0,0,0,0,0,0,0,-0.0332318,0.999165,0.0233707,0,0.995866,0.0350792,-0.0836694,0,-0.084421,0.020494,-0.996219,0,0.549489,0.0104905,0.0687797,1,-0.358724,-37.8668,-0.486563,17.3902,0.221007,2.55598,0.0825953,-71.1893,-167.726,-113.632,-91.1905,9.39732,-0.943957,-4.84763,0.0270499,0.469579,-0.0108636,-2.14963,0.0470878,2.53448,-0.842284,0.00113772,-0.1484,-0.00198544,-0.274281,-1.25631e-05,0.0998525,0.000874196,
2.93,0,0,0,0,0,0,0,0,0,0,0,0,0,0,0,0,-0.0331943,0.999167,0.0233192,0,0.995782,0.0350581,-0.0846794,0,-0.085428,0.0204103,-0.996135,0,0.54664,0.0104686,0.0685612,1,-0.616598,-37.6407,-0.676992,17.8266,0.214598,2.56239,0.0954127,118.746,-24.5944,59.9959,118.74,-20.3915,-26.4569,24.9584,0.0270909,0.464503,-0.0107884,-2.15944,0.0470919,2.53821,-0.842282,0.00514935,-0.142397,0.00360713,-0.294115,0.00025241,0.135493,-0.000262204,
2.964,0,0,0,0,0,0,0,0,0,0,0,0,0,0,0,0,-0.0331027,0.999175,0.023118,0,0.995861,0.0349317,-0.0837969,0,-0.0845369,0.0202488,-0.996215,0,0.543927,0.0103947,0.0682342,1,-0.172262,-37.2677,-0.224722,17.3545,0.221007,2.32802,0.115554,10.8461,76.6163,80.9271,36.401,11.4608,7.86059,33.6755,0.0271032,0.459438,-0.010727,-2.17017,0.0471022,2.54477,-0.842284,-0.00390005,-0.153698,-0.000533577,-0.32113,-0.000578968,0.211582,-0.00209466,
2.998,0,0,0,0,0,0,0,0,0,0,0,0,0,0,0,0,-0.032988,0.999183,0.0229455,0,0.995882,0.0347989,-0.0836028,0,-0.0843346,0.0200935,-0.996235,0,0.540922,0.0103115,0.0679009,1,-0.24764,-37.0059,-0.375479,17.1323,0.196288,2.34816,0.0230861,55.9724,237.206,26.4678,-76.2472,27.1094,-35.4687,-64.389,0.0271048,0.454023,-0.0106719,-2.18138,0.047105,2.55077,-0.842278,0.00187316,-0.165067,0.000742988,-0.333844,-0.000256766,0.159305,0.00168504,
3.032,0,0,0,0,0,0,0,0,0,0,0,0,0,0,0,0,-0.0328719,0.99919,0.0227738,0,0.99589,0.0346678,-0.0835598,0,-0.0842833,0.0199339,-0.996242,0,0.537797,0.0102275,0.0674043,1,-0.319052,-36.5933,-0.3001,17.0609,0.172484,2.45253,0.089004,-87.6447,-105.505,65.5666,6.95326,-2.78356,-30.2415,17.5339,0.0271007,0.448827,-0.0106047,-2.19279,0.0471218,2.55704,-0.842285,0.00221447,-0.158747,0.00109579,-0.345268,0.000608804,0.197733,-0.000802264,
3.066,0,0,0,0,0,0,0,0,0,0,0,0,0,0,0,0,-0.0328102,0.999197,0.0225783,0,0.995954,0.0345754,-0.0828273,0,-0.083543,0.0197698,-0.996308,0,0.534712,0.0101728,0.0670632,1,-0.505514,-36.4029,-0.601614,16.6602,0.196288,2.20351,0.0166774,-9.86363,-69.9864,-13.7961,-60.1834,-26.4234,-58.0671,-48.9811,0.0271199,0.4432,-0.0104991,-2.2046,0.04713,2.56396,-0.842277,0.00138883,-0.177799,0.00436742,-0.359122,0.000532769,0.190907,0.00192881,
3.1,0,0,0,0,0,0,0,0,0,0,0,0,0,0,0,0,-0.0327799,0.999201,0.0224327,0,0.995978,0.0345277,-0.0825595,0,-0.0832697,0.0196366,-0.996334,0,0.531384,0.0101432,0.0667078,1,-0.283346,-36.0299,-0.375479,16.8427,0.196288,2.17604,0.0432277,163.584,-20.7639,7.47115,130.5,25.0113,-50.4568,1.10336,0.0271291,0.437286,-0.0103407,-2.21686,0.0471524,2.57059,-0.84228,-0.00214018,-0.16744,0.00527976,-0.35506,0.000488233,0.200669,-0.00259342,
3.134,0,0,0,0,0,0,0,0,0,0,0,0,0,0,0,0,-0.0327789,0.999205,0.0222817,0,0.99599,0.0345114,-0.0824201,0,-0.0831251,0.0194911,-0.996348,0,0.528081,0.0101179,0.0663464,1,-0.691976,-35.7681,-0.712698,16.5848,0.196288,2.30696,0.0761866,-95.817,57.6136,14.3238,-66.7787,-33.8769,-22.8308,31.8446,0.0271587,0.431515,-0.0101961,-2.22887,0.0471577,2.57698,-0.842284,-0.000638717,-0.174914,0.00455063,-0.359649,0.000368011,0.186866,-0.0011606,
3.168,0,0,0,0,0,0,0,0,0,0,0,0,0,0,0,0,-0.0327837,0.999207,0.0221494,0,0.995957,0.0345129,-0.0828186,0,-0.083519,0.0193452,-0.996318,0,0.524404,0.0101002,0.0658829,1,-0.580892,-35.4666,-0.601614,16.6602,0.209105,2.40401,0.00294445,-91.8436,49.5936,56.5158,51.7888,23.1666,43.8267,-85.79,0.0271857,0.425431,-0.0100227,-2.24172,0.0471598,2.58335,-0.84228,-0.000679647,-0.171924,0.00617242,-0.388041,-0.000535997,0.189828,0.00227386,
3.201,0,0,0,0,0,0,0,0,0,0,0,0,0,0,0,0,-0.032704,0.999214,0.021964,0,0.995959,0.0344184,-0.0828416,0,-0.0835341,0.0191664,-0.996321,0,0.520855,0.0100262,0.0653654,1,-0.616598,-35.7681,-0.676992,16.4777,0.196288,2.10005,0.0166774,-7.30954,87.4924,30.8761,45.2462,-18.4882,-32.6423,-43.2745,0.0271821,0.419681,-0.0099125,-2.2543,0.0471673,2.59018,-0.84228,-0.00101788,-0.169421,0.00120407,-0.36868,0.000456319,0.217438,0.00132246,
3.236,0,0,0,0,0,0,0,0,0,0,0,0,0,0,0,0,-0.0326766,0.99922,0.0217561,0,0.99601,0.0343623,-0.0822396,0,-0.0829246,0.0189823,-0.996375,0,0.517226,0.00997626,0.0649514,1,-0.545187,-34.9032,-0.601614,16.4023,0.202696,2.27217,-0.0171971,86.4286,71.3218,25.6624,-41.0746,9.85951,-25.2123,-48.7179,0.0271918,0.413411,-0.00975516,-2.26762,0.0471762,2.59784,-0.842278,0.00217066,-0.180243,-0.000435754,-0.396746,-0.000202747,0.216388,0.00241698,
3.27,0,0,0,0,0,0,0,0,0,0,0,0,0,0,0,0,-0.0326244,0.999226,0.0215499,0,0.99604,0.034287,-0.0819098,0,-0.0825868,0.0187927,-0.996407,0,0.513545,0.00990458,0.0644978,1,-0.580892,-34.9389,-0.712698,16.1484,0.209105,2.27217,0.00935314,-84.7136,89.8571,-143.791,-45.985,13.6038,-44.2411,-60.8194,0.0271806,0.407259,-0.00961821,-2.28082,0.0471802,2.60523,-0.842284,0.00131193,-0.171796,0.00348565,-0.384387,-3.65332e-05,0.189961,0.00234783,
3.304,0,0,0,0,0,0,0,0,0,0,0,0,0,0,0,0,-0.0325709,0.999231,0.0213821,0,0.996003,0.0342286,-0.082383,0,-0.0830531,0.0186138,-0.996371,0,0.509625,0.00984214,0.0639133,1,-0.434103,-34.2645,-0.486563,16.1841,0.184386,2.22365,0.089004,144.301,25.9664,91.1542,-3.8475,5.76213,-13.4793,14.8727,0.0271843,0.401222,-0.00948006,-2.29415,0.0471977,2.61206,-0.84229,-0.00454023,-0.171898,0.00521029,-0.392198,0.00232604,0.21613,-0.00253125,
3.338,0,0,0,0,0,0,0,0,0,0,0,0,0,0,0,0,-0.0324947,0.999239,0.0211219,0,0.996066,0.0341176,-0.0816618,0,-0.0823218,0.0183856,-0.996436,0,0.505992,0.00974741,0.0633822,1,-0.434103,-33.9669,-0.526235,15.4541,0.190794,2.00941,0.0624537,5.75784,129.576,-20.8612,-147.669,12.2087,-46.5107,36.7727,0.0271815,0.395368,-0.00937766,-2.30731,0.0472018,2.62009,-0.842292,0.00227826,-0.166081,0.00414653,-0.382559,0.000246604,0.250448,-0.00186993,
3.372,0,0,0,0,0,0,0,0,0,0,0,0,0,0,0,0,-0.0324625,0.999245,0.0209083,0,0.996086,0.034064,-0.0814451,0,-0.0820973,0.0181829,-0.996458,0,0.502255,0.00968221,0.0629228,1,-0.616598,-34.0423,-0.712698,15.708,0.221007,2.14125,0.0359034,121.888,205.726,12.3752,30.666,-2.74545,-2.24003,-60.3277,0.0271981,0.389311,-0.00925117,-2.32041,0.0472028,2.62737,-0.842288,-0.00224647,-0.178963,0.00483846,-0.388695,-0.000203053,0.18605,0.000578549,
3.406,0,0,0,0,0,0,0,0,0,0,0,0,0,0,0,0,-0.0324573,0.999248,0.0207731,0,0.996006,0.0340653,-0.0824141,0,-0.0830613,0.0180155,-0.996382,0,0.498235,0.00964403,0.062355,1,-0.616598,-33.8162,-0.788076,15.4145,0.202696,2.14766,-0.0364232,2.2626,-11.6307,-69.1426,-181.855,29.2481,4.50851,-81.5807,0.0272124,0.383322,-0.00908465,-2.33352,0.0472086,2.63353,-0.842284,-0.00300918,-0.174071,0.00295472,-0.380986,-0.000117502,0.195392,0.00195416,
3.44,0,0,0,0,0,0,0,0,0,0,0,0,0,0,0,0,-0.032467,0.999252,0.0205548,0,0.996022,0.0340535,-0.0822278,0,-0.0828678,0.0178037,-0.996402,0,0.494424,0.00958882,0.0617714,1,-0.580892,-33.1775,-0.601614,15.3788,0.214598,2.21724,0.0761866,-151.692,112.649,-48.3342,-141.637,-15.0694,-16.0446,30.7211,0.0272231,0.377558,-0.00892287,-2.34666,0.0472121,2.64111,-0.842297,0.000615933,-0.166886,0.00674996,-0.395674,0.000329837,0.220598,-0.00221831,
3.474,0,0,0,0,0,0,0,0,0,0,0,0,0,0,0,0,-0.0324307,0.999257,0.0203666,0,0.995978,0.0340113,-0.0827697,0,-0.0834025,0.0176007,-0.99636,0,0.490542,0.00951894,0.0611297,1,-0.767355,-33.2132,-0.863455,15.4541,0.232909,2.31428,0.0359034,32.883,-26.1068,45.2771,-74.239,9.14246,30.4477,-48.7593,0.0272199,0.372036,-0.00878687,-2.35943,0.0472107,2.64782,-0.842294,0.000932286,-0.14965,0.00383798,-0.356722,0.000750725,0.175743,-0.000184471,
3.508,0,0,0,0,0,0,0,0,0,0,0,0,0,0,0,0,-0.0324636,0.99926,0.0201701,0,0.995993,0.0340246,-0.0825923,0,-0.0832191,0.0174083,-0.996379,0,0.486968,0.00948799,0.0605696,1,-0.731649,-33.2528,-0.788076,15.597,0.244811,2.2383,-0.00987293,-31.3465,53.4381,42.776,68.0954,12.6303,24.1056,-36.6116,0.0272299,0.366771,-0.0085941,-2.37163,0.0472176,2.65494,-0.842289,-0.000810486,-0.146274,0.00429585,-0.352387,-0.00105261,0.223146,0.00173834,
3.542,0,0,0,0,0,0,0,0,0,0,0,0,0,0,0,0,-0.0324809,0.999264,0.0199048,0,0.996093,0.0339989,-0.0813825,0,-0.082001,0.0171839,-0.996484,0,0.483773,0.00942945,0.0601379,1,-0.691976,-32.6895,-0.863455,15.3074,0.239317,2.16231,-0.00346424,133.081,35.4763,27.6656,-124.417,5.41333,-15.7261,-42.5637,0.0272471,0.361695,-0.00845603,-2.38327,0.0472167,2.66273,-0.842289,-0.00163254,-0.144225,0.00093024,-0.322816,0.000105073,0.206089,0.00161932,
3.576,0,0,0,0,0,0,0,0,0,0,0,0,0,0,0,0,-0.0325023,0.999267,0.0197244,0,0.996116,0.0340006,-0.081099,0,-0.0817118,0.0170122,-0.996511,0,0.480736,0.00938952,0.0597337,1,-0.691976,-32.7252,-0.788076,15.4541,0.251219,2.26576,-0.00987293,37.7912,-104.291,-94.6497,45.9953,15.3089,16.7178,7.49736,0.0272513,0.357082,-0.00830985,-2.39366,0.0472187,2.66881,-0.842289,-0.00133582,-0.125295,0.00414182,-0.290237,-9.81441e-05,0.170716,0.00217462,
3.61,0,0,0,0,0,0,0,0,0,0,0,0,0,0,0,0,-0.0323882,0.999275,0.0195361,0,0.996108,0.0338741,-0.0812506,0,-0.081855,0.0168289,-0.996502,0,0.477731,0.00928049,0.0593071,1,-0.545187,-32.6141,-0.676992,14.7599,0.221007,2.25203,-0.0364232,32.8728,102.94,-155.706,-57.1031,-14.0328,33.144,-56.6453,0.0272313,0.352711,-0.00828211,-2.4036,0.0472268,2.67423,-0.842289,-0.0013353,-0.131436,0.00164529,-0.286334,0.000343281,0.164765,-0.00706088,
3.644,0,0,0,0,0,0,0,0,0,0,0,0,0,0,0,0,-0.0323402,0.999281,0.0193215,0,0.996185,0.0337935,-0.0803429,0,-0.0809396,0.0166498,-0.99658,0,0.475337,0.00920079,0.059028,1,-0.691976,-31.7889,-0.788076,14.1727,0.2265,2.05794,0.0294947,3.68819,35.5661,-100.093,-68.4298,-41.5212,-6.78535,-38.5095,0.0272371,0.348875,-0.00823885,-2.41224,0.0472346,2.67996,-0.842293,0.00762672,-0.113074,0.00443194,-0.243157,0.000502773,0.156079,-0.000267281,
3.678,0,0,0,0,0,0,0,0,0,0,0,0,0,0,0,0,-0.0322998,0.999285,0.0191472,0,0.99623,0.0337301,-0.0798009,0,-0.0803913,0.0164978,-0.996627,0,0.473266,0.00913409,0.0587339,1,-0.616598,-31.8286,-0.601614,14.9027,0.244811,2.07899,0.0166774,-46.3165,20.2589,77.8337,-234.107,20.1047,-7.49881,-27.5995,0.0272331,0.34577,-0.00819336,-2.4195,0.0472338,2.68466,-0.842292,0.000995627,-0.0884902,-5.10863e-06,-0.203491,0.00266201,0.134093,-0.000276658,
3.712,0,0,0,0,0,0,0,0,0,0,0,0,0,0,0,0,-0.0322614,0.999289,0.0190337,0,0.996232,0.0336827,-0.0798005,0,-0.0803864,0.0163878,-0.996629,0,0.471392,0.00908127,0.0585152,1,-0.580892,-31.7532,-0.676992,14.7956,0.232909,2.16231,0.0166774,-223.92,-22.2102,-87.4156,154.404,-5.64328,-4.7582,57.1187,0.0272316,0.342946,-0.00815734,-2.42573,0.0472399,2.68807,-0.842293,0.00143035,-0.0777543,0.00304492,-0.163641,0.000287833,0.0992055,-0.000906263,
3.746,0,0,0,0,0,0,0,0,0,0,0,0,0,0,0,0,-0.0323068,0.999288,0.0189618,0,0.996251,0.0337181,-0.0795518,0,-0.0801361,0.016321,-0.99665,0,0.470013,0.00907651,0.0584917,1,-0.691976,-32.1658,-0.863455,14.502,0.251219,2.19618,-0.0236058,-125.03,34.8286,-123.106,1.9333,-7.418,-26.0277,-70.5184,0.0272465,0.340445,-0.00808102,-2.43054,0.047238,2.69064,-0.842295,0.000104562,-0.0686163,0.0071698,-0.122296,0.000529917,0.0745159,0.00242305,
3.78,0,0,0,0,0,0,0,0,0,0,0,0,0,0,0,0,-0.0324333,0.999285,0.0189489,0,0.996267,0.033839,-0.0792938,0,-0.0798798,0.0163067,-0.996671,0,0.469247,0.00912312,0.0585364,1,-0.80306,-32.0508,-0.938833,14.7202,0.263121,2.31428,0.109146,-61.8282,11.7996,-80.0318,162.925,-11.7962,30.3013,45.1607,0.0272627,0.338877,-0.00795288,-2.43332,0.0472365,2.6921,-0.842307,0.00260212,-0.0438021,0.00521642,-0.0634505,0.000472422,0.0161457,-0.00346516,
3.814,0,0,0,0,0,0,0,0,0,0,0,0,0,0,0,0,-0.0325655,0.99928,0.0189898,0,0.99627,0.0339725,-0.0791979,0,-0.0797875,0.0163402,-0.996678,0,0.468977,0.0091949,0.05868,1,-0.842733,-32.0508,-0.938833,14.7202,0.275023,2.34816,0.0432277,17.7077,-18.2491,-41.5546,80.5871,2.0535,4.06341,40.1433,0.027271,0.337969,-0.0078131,-2.43436,0.0472352,2.69233,-0.842302,0.0010455,-0.0150472,0.00249198,-0.00887588,8.83483e-05,-0.000190872,0.00201824,
3.848,0,0,0,0,0,0,0,0,0,0,0,0,0,0,0,0,-0.032726,0.999273,0.0190392,0,0.9963,0.0341291,-0.0787575,0,-0.0793516,0.0163917,-0.996712,0,0.469187,0.0092867,0.0588388,1,-0.656271,-32.4276,-0.788076,14.6131,0.26953,2.37654,0.00294445,44.161,-57.0535,-99.881,-109.552,-10.3231,7.78726,-17.9309,0.0272748,0.337828,-0.00765385,-2.43403,0.0472355,2.6923,-0.842299,-0.00402467,0.00253889,0.00751369,0.0114917,0.000674334,-0.00296921,-0.00328902,
3.882,0,0,0,0,0,0,0,0,0,0,0,0,0,0,0,0,-0.0328432,0.999269,0.0190665,0,0.996317,0.0342437,-0.0784845,0,-0.0790816,0.0164189,-0.996733,0,0.469383,0.00935142,0.058916,1,-0.842733,-32.503,-0.823782,14.6131,0.311644,2.37654,0.056045,-67.9729,41.3503,88.77,6.87407,7.96061,34.2643,-32.8741,0.0273008,0.337919,-0.00756446,-2.43359,0.0472322,2.69223,-0.842296,-0.000144877,-0.000301369,9.59877e-05,0.00496473,0.00470864,-0.00217916,0.000382115,
3.916,0,0,0,0,0,0,0,0,0,0,0,0,0,0,0,0,-0.032784,0.999271,0.019063,0,0.996326,0.034183,-0.0783989,0,-0.0789949,0.0164231,-0.99674,0,0.46944,0.00932326,0.0589592,1,-0.505514,-32.1261,-0.561941,14.6845,0.281432,2.36922,0.0230861,55.4961,-5.03782,56.1503,208.048,-9.49176,27.4559,-49.352,0.0272573,0.337884,-0.00758252,-2.43348,0.0472345,2.69218,-0.842297,-0.00268165,-0.000858166,-0.00319128,-0.00208753,0.000158707,-0.00193319,0.00139313,
3.95,0,0,0,0,0,0,0,0,0,0,0,0,0,0,0,0,-0.0327099,0.999274,0.0190588,0,0.99633,0.0341084,-0.0783769,0,-0.0789716,0.0164255,-0.996742,0,0.46945,0.00928246,0.058973,1,-0.505514,-32.0508,-0.561941,14.5734,0.286925,2.36189,0.102737,-90.5697,13.5637,-26.5406,-1.46787,1.40016,29.201,-19.4789,0.0271873,0.337859,-0.00759817,-2.43347,0.0472339,2.69216,-0.842306,0.000713699,0.00214684,-0.00606233,3.63831e-05,-3.532e-05,-0.00037807,-0.000803044,
3.984,0,0,0,0,0,0,0,0,0,0,0,0,0,0,0,0,-0.0325796,0.999278,0.0190479,0,0.996336,0.0339773,-0.0783596,0,-0.0789517,0.0164255,-0.996743,0,0.469461,0.00922321,0.0589779,1,-0.358724,-32.0508,-0.486563,14.5734,0.275023,2.34816,-0.0236058,-44.6776,48.9403,-159.381,38.5599,4.47361,-22.8452,-46.5748,0.0270948,0.337859,-0.00762807,-2.43346,0.047234,2.69216,-0.842296,-0.00505554,-0.000607428,0.00478243,0.0057743,-0.000116909,0.000378757,0.00316174,
4.018,0,0,0,0,0,0,0,0,0,0,0,0,0,0,0,0,-0.0324763,0.999282,0.0190318,0,0.99635,0.0338709,-0.0782304,0,-0.0788203,0.016422,-0.996754,0,0.469525,0.00916677,0.0590209,1,-0.469808,-31.9,-0.450857,14.502,0.275023,2.32802,0.0230861,77.7335,37.4278,197.826,-64.8891,-16.5606,-19.0198,-8.61347,0.0270195,0.33783,-0.00767018,-2.43335,0.0472305,2.69216,-0.842302,0.000284225,-0.000961614,-0.0032704,0.00505921,0.000231063,-0.000328083,0.00128883,
4.052,0,0,0,0,0,0,0,0,0,0,0,0,0,0,0,0,-0.0323926,0.999284,0.0190272,0,0.996363,0.0337851,-0.0781059,0,-0.0786944,0.0164283,-0.996763,0,0.469592,0.00912097,0.0590726,1,-0.434103,-31.8643,-0.450857,14.4306,0.281432,2.36189,0.0761866,-201.424,-38.9454,7.69459,-166.437,1.44532,-3.61686,15.7167,0.0269363,0.337781,-0.00768615,-2.43325,0.0472297,2.69213,-0.842313,-0.00108078,-0.00205342,0.000442093,0.00152927,-4.2496e-05,-0.00359305,-0.00113221,
4.086,0,0,0,0,0,0,0,0,0,0,0,0,0,0,0,0,-0.0323458,0.999286,0.0190243,0,0.996371,0.0337369,-0.0780232,0,-0.0786109,0.0164318,-0.99677,0,0.469638,0.00909569,0.0591094,1,-0.434103,-31.8643,-0.450857,14.4306,0.275023,2.33443,0.0432277,-100.691,76.8979,-8.61214,-60.535,-11.6949,-9.56652,-32.1526,0.0268941,0.337747,-0.00769898,-2.43317,0.0472304,2.6921,-0.842318,-0.00211795,-0.000720893,-0.000238533,0.00119359,-1.24024e-06,-0.000783057,-0.000902361,
4.12,0,0,0,0,0,0,0,0,0,0,0,0,0,0,0,0,-0.0324117,0.999283,0.0190501,0,0.996362,0.033806,-0.0781088,0,-0.0786984,0.0164495,-0.996763,0,0.469627,0.00912931,0.0591117,1,-0.061178,-31.7532,-0.149343,14.2838,0.251219,2.2859,0.0825953,66.4053,-6.4705,-170.189,50.3507,-4.82222,-9.23423,89.6942,0.0269019,0.337738,-0.00764491,-2.43314,0.0472327,2.69198,-0.842328,-0.000658966,7.81745e-05,0.00289012,-0.000412353,0.00020727,0.00211428,-0.0022408,
4.154,0,0,0,0,0,0,0,0,0,0,0,0,0,0,0,0,-0.0324597,0.999282,0.0190584,0,0.99636,0.0338547,-0.0781157,0,-0.0787063,0.0164537,-0.996762,0,0.469622,0.00915817,0.0591111,1,-0.207968,-31.7135,-0.149343,14.3195,0.244811,2.29964,0.00294445,38.7845,18.8052,41.2842,29.5916,-15.2154,-15.6702,-39.1593,0.0269328,0.337733,-0.00761789,-2.43315,0.0472322,2.69198,-0.842319,0.000702347,2.92164e-05,-0.000117895,-0.00412962,0.000276331,0.000276759,0.00124394,
4.188,0,0,0,0,0,0,0,0,0,0,0,0,0,0,0,0,-0.0324485,0.999282,0.0190577,0,0.996363,0.0338427,-0.0780768,0,-0.0786672,0.0164553,-0.996765,0,0.469635,0.00915361,0.0591277,1,-0.0968836,-31.5628,-0.113638,14.2481,0.244811,2.29964,-0.00346424,-18.5035,-83.9371,-80.0487,-36.1472,-6.60777,11.7747,-6.408,0.0269252,0.337703,-0.00762041,-2.43314,0.0472336,2.69198,-0.842318,-0.000744043,0.000494694,-0.00120957,0.00189084,0.000186194,-8.01369e-05,0.00133045,
4.222,0,0,0,0,0,0,0,0,0,0,0,0,0,0,0,0,-0.0324035,0.999284,0.0190467,0,0.996365,0.0337971,-0.0780782,0,-0.0786676,0.0164477,-0.996765,0,0.469634,0.00912428,0.0591264,1,0.0895788,-31.6382,0.0728246,14.3195,0.239317,2.29964,0.069778,-53.1797,42.2812,-2.30845,47.254,-16.8645,7.10497,47.4204,0.0268983,0.337704,-0.00765146,-2.43315,0.0472301,2.69198,-0.842326,0.000580216,-0.000188683,-0.000862021,-0.000922744,0.000236419,-0.000202687,-0.00131617,
4.256,0,0,0,0,0,0,0,0,0,0,0,0,0,0,0,0,-0.0323746,0.999285,0.0190404,0,0.996367,0.0337673,-0.0780557,0,-0.0786443,0.0164445,-0.996767,0,0.469642,0.00910588,0.0591352,1,0.125284,-31.4517,0.112497,14.2838,0.251219,2.27949,0.089004,-46.7359,11.7086,111.628,174.495,-1.41368,14.8888,37.3877,0.0268803,0.337689,-0.00767034,-2.43314,0.0472295,2.69198,-0.842332,0.00115128,-0.000629177,-0.000439266,0.000183351,1.66791e-05,0.000147675,-0.00183494,
4.29,0,0,0,0,0,0,0,0,0,0,0,0,0,0,0,0,-0.0324224,0.999283,0.0190477,0,0.996369,0.0338149,-0.0780121,0,-0.0786018,0.0164496,-0.99677,0,0.469656,0.00913213,0.0591529,1,-0.061178,-31.412,-0.0382594,14.2084,0.251219,2.26576,0.0432277,-64.5832,70.2679,5.19362,-36.036,2.58404,10.74,24.575,0.0269065,0.337657,-0.00764483,-2.43313,0.0472286,2.69199,-0.842328,0.000735858,0.000464864,0.000736553,0.000250652,1.48949e-05,-2.46015e-05,-0.00159317,
4.324,0,0,0,0,0,0,0,0,0,0,0,0,0,0,0,0,-0.0323771,0.999285,0.0190411,0,0.996372,0.033769,-0.077999,0,-0.0785877,0.016447,-0.996772,0,0.469661,0.00910853,0.0591566,1,0.200663,-31.412,0.112497,14.2481,0.244811,2.27949,0.056045,190.357,91.0036,-50.4089,90.3674,18.9581,12.1872,-34.1204,0.0268786,0.337654,-0.00766467,-2.43313,0.047229,2.69199,-0.842329,-0.00159287,0.00237558,-0.000519722,-0.00184263,-3.93519e-05,-0.000323025,-0.000742331,
4.357,0,0,0,0,0,0,0,0,0,0,0,0,0,0,0,0,-0.0323428,0.999286,0.019039,0,0.996369,0.0337356,-0.0780541,0,-0.0786422,0.0164457,-0.996767,0,0.469641,0.00909259,0.0591401,1,0.276041,-31.6382,0.148203,14.3552,0.232909,2.32802,0.069778,40.1796,-29.8438,-164.023,-21.9375,-37.4263,7.10469,-0.910352,0.0268629,0.337673,-0.00768027,-2.43315,0.0472339,2.69198,-0.842331,-0.0011987,-0.000353839,0.000968835,0.00117117,0.000457573,-0.00022787,-0.00123782,
4.393,0,0,0,0,0,0,0,0,0,0,0,0,0,0,0,0,-0.0323421,0.999286,0.0190342,0,0.996369,0.0337343,-0.0780468,0,-0.0786347,0.0164412,-0.996768,0,0.469643,0.00909296,0.0591429,1,0.16099,-31.5628,0.187876,14.3552,0.251219,2.30696,-0.00346424,-91.6475,-12.9201,-53.106,76.5614,20.8925,-16.4817,-24.6618,0.0268707,0.337668,-0.00768628,-2.43315,0.0472283,2.69198,-0.842323,0.000734753,-0.000568819,-0.000370019,-0.000185889,-0.000234827,0.000221824,0.00189084,
4.425,0,0,0,0,0,0,0,0,0,0,0,0,0,0,0,0,-0.0323464,0.999286,0.0190353,0,0.99637,0.0337385,-0.0780359,0,-0.0786239,0.0164423,-0.996769,0,0.469647,0.00909601,0.0591475,1,0.125284,-31.4874,0.187876,14.3552,0.244811,2.30696,-0.00987293,-12.065,-70.4588,119.284,143.883,-1.00679,-9.60192,-38.6401,0.0268742,0.337659,-0.00768388,-2.43315,0.0472294,2.69198,-0.842322,0.00158257,-0.000310687,-0.00090505,-0.00245538,0.00014273,-0.000101399,0.00246151,
4.462,0,0,0,0,0,0,0,0,0,0,0,0,0,0,0,0,-0.0323308,0.999286,0.0190346,0,0.996368,0.0337233,-0.07806,0,-0.0786477,0.016442,-0.996767,0,0.469639,0.00908775,0.059138,1,0.236368,-31.6778,0.223581,14.3909,0.239317,2.31428,-0.0171971,-35.4134,-164.324,28.3501,45.7416,-15.1736,-13.4352,-31.1351,0.0268625,0.337676,-0.00768878,-2.43315,0.0472307,2.69198,-0.842325,0.000541458,0.00141927,-0.000927298,-0.000698117,0.000195747,0.000313732,0.00197445,
4.496,0,0,0,0,0,0,0,0,0,0,0,0,0,0,0,0,-0.0323183,0.999287,0.0190338,0,0.99637,0.0337105,-0.0780456,0,-0.0786331,0.0164428,-0.996768,0,0.469644,0.00908358,0.0591444,1,0.236368,-31.5271,0.223581,14.3195,0.239317,2.32802,-0.00987293,-59.7193,15.8733,12.0742,-124.93,-1.65745,11.6168,-3.9002,0.0268597,0.337665,-0.00769446,-2.43315,0.0472342,2.69197,-0.842323,0.000333712,0.000246958,-0.000326209,0.00121241,0.000106968,-0.00025945,0.00343911,
4.53,0,0,0,0,0,0,0,0,0,0,0,0,0,0,0,0,-0.0323353,0.999286,0.0190344,0,0.996369,0.0337277,-0.0780536,0,-0.0786414,0.0164418,-0.996767,0,0.469641,0.00908702,0.0591411,1,0.200663,-31.6024,0.187876,14.3552,0.232909,2.32802,0.0624537,69.6787,-17.2745,9.12916,-44.9018,-17.628,1.13196,46.9048,0.0268625,0.33767,-0.00769031,-2.43315,0.0472305,2.69197,-0.84233,-0.00156117,0.000868017,-0.000206669,-0.00639289,0.000394211,0.000168094,-0.00146371,
4.564,0,0,0,0,0,0,0,0,0,0,0,0,0,0,0,0,-0.0323234,0.999287,0.0190351,0,0.996369,0.033716,-0.0780618,0,-0.0786494,0.0164431,-0.996767,0,0.469638,0.00908222,0.0591393,1,0.311747,-31.6024,0.187876,14.4306,0.232909,2.34175,0.069778,35.944,10.4402,-85.2159,111.606,-7.30173,7.4786,46.3122,0.0268547,0.337671,-0.00769243,-2.43316,0.0472335,2.69197,-0.842331,-0.00101969,-0.000388969,0.0057784,0.00207248,0.000379764,-4.72857e-05,-1.32041e-05,
4.598,0,0,0,0,0,0,0,0,0,0,0,0,0,0,0,0,-0.0322968,0.999288,0.0190279,0,0.996369,0.0336889,-0.0780651,0,-0.078652,0.0164378,-0.996767,0,0.469637,0.00906688,0.059138,1,0.347452,-31.6382,0.334665,14.4306,0.244811,2.35548,0.0761866,158.314,7.40945,55.1517,85.9139,6.36278,16.7068,10.7867,0.0268459,0.337673,-0.00771327,-2.43316,0.0472322,2.69197,-0.842332,-0.00126987,0.000840537,-0.00376448,-0.00131579,-0.000234329,-0.000465509,-0.00120871,
4.632,0,0,0,0,0,0,0,0,0,0,0,0,0,0,0,0,-0.0322707,0.999288,0.019026,0,0.996369,0.0336631,-0.0780845,0,-0.0786709,0.0164374,-0.996765,0,0.469631,0.00905761,0.0591325,1,0.347452,-31.7135,0.334665,14.4663,0.232909,2.36922,0.0294947,58.7469,-2.07729,6.57038,3.08957,-18.8084,-13.7723,-27.0772,0.0268363,0.337681,-0.00772215,-2.43316,0.0472351,2.69196,-0.842327,0.00024622,0.000640764,-0.000763661,-0.000489886,0.000194641,0.000148797,-0.000466914,
4.666,0,0,0,0,0,0,0,0,0,0,0,0,0,0,0,0,-0.0322689,0.999289,0.019023,0,0.99637,0.0336608,-0.0780698,0,-0.0786561,0.016435,-0.996766,0,0.469637,0.00905616,0.0591401,1,0.311747,-31.5628,0.374338,14.3552,0.232909,2.36922,-0.0236058,-86.5261,103.673,143.054,-60.0849,-3.55969,31.0171,-14.9884,0.0268388,0.337668,-0.00772739,-2.43315,0.0472318,2.69196,-0.842324,0.000763667,-0.00104989,-0.00212102,0.000415672,0.000232383,-0.000311711,0.00139561,
4.7,0,0,0,0,0,0,0,0,0,0,0,0,0,0,0,0,-0.0322895,0.999288,0.0190269,0,0.996369,0.0336818,-0.0780751,0,-0.0786618,0.0164372,-0.996766,0,0.469634,0.00906285,0.0591374,1,0.311747,-31.6024,0.263254,14.4306,0.2265,2.34816,0.0432277,27.9568,-30.0389,-62.3988,107.123,-10.8262,-18.1688,31.4707,0.0268409,0.337671,-0.00771651,-2.43316,0.0472312,2.69196,-0.842332,-0.000702664,-4.09445e-05,0.000280532,-0.0003887,0.000386857,0.000354037,0.00038629,
4.734,0,0,0,0,0,0,0,0,0,0,0,0,0,0,0,0,-0.0322827,0.999288,0.0190259,0,0.996369,0.0336748,-0.0780698,0,-0.0786565,0.0164368,-0.996766,0,0.469636,0.00906243,0.0591398,1,0.276041,-31.5628,0.29896,14.3909,0.244811,2.35548,0.0166774,84.0928,26.8586,0.441227,-37.4557,29.8695,5.67972,18.4483,0.0268434,0.337668,-0.00771965,-2.43316,0.0472324,2.69196,-0.842326,0.00641415,1.41579e-05,-0.000102191,0.000790014,-0.000307989,0.000176313,0.000170059,
4.768,0,0,0,0,0,0,0,0,0,0,0,0,0,0,0,0,-0.0322753,0.999288,0.0190263,0,0.996369,0.0336676,-0.0780764,0,-0.0786629,0.0164376,-0.996766,0,0.469633,0.00906121,0.0591381,1,0.311747,-31.5628,0.29896,14.4306,0.239317,2.36189,-0.00346424,-50.6667,102.926,-17.0686,-22.6195,-3.1461,10.8523,7.05004,0.0268409,0.337668,-0.00771965,-2.43316,0.0472339,2.69196,-0.842323,0.000649375,-0.000930904,-0.000441991,0.000375072,-6.34179e-05,9.50406e-05,0.000930412,
4.802,0,0,0,0,0,0,0,0,0,0,0,0,0,0,0,0,-0.0322797,0.999288,0.0190277,0,0.996369,0.033672,-0.0780771,0,-0.0786637,0.0164386,-0.996766,0,0.469634,0.00906293,0.059137,1,0.276041,-31.6382,0.263254,14.3552,0.232909,2.36922,0.0166774,85.2993,-169.95,86.8325,-77.2332,-16.6006,4.62135,-19.2032,0.0268416,0.337673,-0.00771711,-2.43316,0.047235,2.69196,-0.842325,-0.000146704,0.0011108,0.00191667,0.00083062,0.000261556,3.00513e-05,0.000465416,
4.836,0,0,0,0,0,0,0,0,0,0,0,0,0,0,0,0,-0.0322891,0.999288,0.0190288,0,0.996368,0.0336816,-0.0780802,0,-0.0786671,0.0164389,-0.996765,0,0.469632,0.00906822,0.0591368,1,0.276041,-31.6024,0.223581,14.4306,0.2265,2.37654,0.0166774,233.331,-55.8902,16.6142,44.8137,-11.4975,-12.4404,11.2526,0.0268454,0.337671,-0.00771045,-2.43316,0.0472323,2.69196,-0.842322,-0.00115128,4.49517e-05,-0.000546913,0.000143321,0.000394635,-0.000107518,0.00441823,
4.87,0,0,0,0,0,0,0,0,0,0,0,0,0,0,0,0,-0.0322695,0.999288,0.0190269,0,0.99637,0.0336617,-0.0780688,0,-0.0786553,0.0164389,-0.996766,0,0.469637,0.00905945,0.0591409,1,0.387125,-31.5271,0.29896,14.3552,0.239317,2.36922,-0.0171971,69.5631,35.3068,-23.2899,-128.788,-12.0455,-11.83,-27.5277,0.0268345,0.337665,-0.00771751,-2.43316,0.047234,2.69196,-0.842321,-0.00305825,-0.000464881,0.000355539,0.00131858,0.000118233,-6.67342e-06,0.00169629,
4.904,0,0,0,0,0,0,0,0,0,0,0,0,0,0,0,0,-0.0322927,0.999288,0.0190268,0,0.996368,0.033685,-0.0780816,0,-0.0786684,0.0164365,-0.996765,0,0.469632,0.00906398,0.0591365,1,0.236368,-31.6024,0.263254,14.4306,0.244811,2.38295,0.0761866,48.4545,76.8492,63.205,-97.769,-0.128659,-4.87446,23.4732,0.0268441,0.337671,-0.00771714,-2.43316,0.0472306,2.69196,-0.842332,0.00345028,0.00103734,-0.00288691,9.95968e-05,-3.0308e-05,-0.000438375,-0.00182937,
4.938,0,0,0,0,0,0,0,0,0,0,0,0,0,0,0,0,-0.0322961,0.999288,0.0190304,0,0.996369,0.0336885,-0.0780699,0,-0.0786569,0.0164403,-0.996766,0,0.469635,0.00907284,0.0591418,1,0.200663,-31.4874,0.187876,14.4306,0.232909,2.37654,-0.00987293,9.3108,-47.7512,-95.4864,48.0225,-13.5981,3.72994,8.58337,0.026853,0.337659,-0.00770863,-2.43316,0.0472351,2.69196,-0.842322,0.000261169,0.000443824,0.000428166,0.000986698,0.000227221,-2.28064e-05,0.000343793,
4.972,0,0,0,0,0,0,0,0,0,0,0,0,0,0,0,0,-0.0322791,0.999288,0.0190288,0,0.996369,0.0336716,-0.0780775,0,-0.0786641,0.0164398,-0.996766,0,0.469633,0.00906234,0.0591392,1,0.387125,-31.5628,0.263254,14.4306,0.239317,2.36922,0.0230861,-3.66046,100.62,-152.837,1.1608,7.07908,6.83227,-48.5361,0.0268367,0.337665,-0.00771394,-2.43316,0.0472343,2.69196,-0.842326,-0.000452396,-0.000160841,0.000577031,-0.000904571,-8.91017e-05,0.000213459,0.000412508,
5.006,0,0,0,0,0,0,0,0,0,0,0,0,0,0,0,0,-0.032273,0.999288,0.0190259,0,0.996369,0.0336653,-0.0780808,0,-0.0786673,0.0164372,-0.996765,0,0.469632,0.00905767,0.0591366,1,0.347452,-31.6024,0.334665,14.4306,0.244811,2.37654,0.0359034,157.61,6.71021,133.614,53.7842,4.75695,21.2119,50.051,0.0268363,0.337671,-0.00772216,-2.43316,0.0472337,2.69196,-0.842327,-0.000904494,0.000171877,-0.000731617,-0.000780559,-0.000205491,-0.000111874,-0.000748901,
5.04,0,0,0,0,0,0,0,0,0,0,0,0,0,0,0,0,-0.0322946,0.999288,0.0190276,0,0.996369,0.0336869,-0.0780732,0,-0.07866,0.0164375,-0.996766,0,0.469633,0.0090667,0.0591404,1,0.236368,-31.4517,0.263254,14.502,0.239317,2.36189,0.0496363,-13.0009,-9.09763,114.103,172.902,-0.963515,-8.76861,-11.0012,0.0268465,0.33766,-0.00771418,-2.43317,0.0472311,2.69196,-0.842329,-5.48236e-05,-0.00026097,-0.000552321,-0.00253029,4.45429e-06,0.00037296,-0.000501818,
5.074,0,0,0,0,0,0,0,0,0,0,0,0,0,0,0,0,-0.0322796,0.999288,0.019027,0,0.996369,0.0336718,-0.0780708,0,-0.0786574,0.0164381,-0.996766,0,0.469635,0.00906274,0.0591403,1,0.311747,-31.5628,0.263254,14.3909,0.244811,2.36189,-0.0236058,-22.6041,67.3838,-19.4212,24.9734,11.3487,-12.9743,-106.792,0.0268412,0.337665,-0.00771714,-2.43316,0.0472334,2.69196,-0.842324,0.000188744,-0.000270742,0.000139704,0.000693598,-0.00013817,0.000454651,0.00290425,
5.108,0,0,0,0,0,0,0,0,0,0,0,0,0,0,0,0,-0.0322838,0.999288,0.0190262,0,0.996368,0.0336762,-0.0780854,0,-0.0786721,0.0164366,-0.996765,0,0.46963,0.00906303,0.0591346,1,0.276041,-31.6382,0.263254,14.4663,0.244811,2.36922,-0.0171971,-20.6986,-50.8453,67.5279,68.9859,23.6988,-16.1347,-16.9982,0.0268414,0.337673,-0.00771643,-2.43316,0.0472301,2.69196,-0.842325,0.000917312,0.000162929,-3.11151e-05,-0.00135193,-0.000205072,0.00018055,0.00144746,
5.142,0,0,0,0,0,0,0,0,0,0,0,0,0,0,0,0,-0.032281,0.999288,0.0190252,0,0.99637,0.033673,-0.0780669,0,-0.0786534,0.0164364,-0.996767,0,0.469637,0.00906193,0.0591427,1,0.276041,-31.4517,0.29896,14.3909,0.244811,2.37654,-0.0236058,-54.9342,-27.4623,51.2727,-27.0025,17.0847,6.15537,-17.9531,0.0268423,0.337659,-0.00771965,-2.43316,0.0472306,2.69196,-0.842324,0.00116841,-0.000223245,-5.49482e-05,6.34925e-06,6.94023e-05,-0.000456729,0.000918433,
5.176,0,0,0,0,0,0,0,0,0,0,0,0,0,0,0,0,-0.0322873,0.999288,0.0190279,0,0.996369,0.0336797,-0.0780753,0,-0.0786621,0.0164383,-0.996766,0,0.469633,0.00906376,0.0591389,1,0.276041,-31.5628,0.263254,14.4663,0.239317,2.36922,0.056045,-91.9557,15.69,1.05768,103.851,1.62855,-8.98137,64.8354,0.0268434,0.337665,-0.00771711,-2.43316,0.0472344,2.69196,-0.84233,0.000354693,-0.000401978,0.000138709,0.00377025,-2.58778e-05,6.34487e-05,0.00107536,
5.21,0,0,0,0,0,0,0,0,0,0,0,0,0,0,0,0,-0.0322929,0.999288,0.0190271,0,0.996369,0.0336851,-0.0780707,0,-0.0786575,0.0164372,-0.996766,0,0.469635,0.00906698,0.0591402,1,0.236368,-31.5628,0.223581,14.3909,0.232909,2.36189,0.0230861,-116.235,-223.918,-99.24,-48.9933,-23.1679,-3.01444,-32.0822,0.0268471,0.337665,-0.00771435,-2.43316,0.0472307,2.69196,-0.842326,-0.0065938,0.000879136,0.00232382,-0.000455808,0.000282403,2.68752e-06,-0.000250203,
5.244,0,0,0,0,0,0,0,0,0,0,0,0,0,0,0,0,-0.0322763,0.999288,0.0190256,0,0.99637,0.0336683,-0.0780649,0,-0.0786514,0.0164372,-0.996767,0,0.469639,0.00906047,0.0591428,1,0.347452,-31.5271,0.263254,14.3195,0.239317,2.37654,-0.00987293,117.484,119.233,2.71184,-225.46,-12.5302,24.4476,-41.0882,0.0268363,0.337662,-0.00771714,-2.43315,0.04723,2.69196,-0.842322,-0.000591045,-0.000687594,-0.000503762,0.00247678,-4.6339e-05,-0.000270075,0.00237175,
5.278,0,0,0,0,0,0,0,0,0,0,0,0,0,0,0,0,-0.0322732,0.999288,0.0190256,0,0.99637,0.0336652,-0.0780635,0,-0.0786499,0.0164375,-0.996767,0,0.469638,0.00905916,0.0591435,1,0.347452,-31.4874,0.29896,14.3552,0.232909,2.36922,-0.00346424,68.6863,148.001,-16.8452,-85.2634,-12.4951,-7.10761,23.1584,0.0268363,0.337659,-0.00771962,-2.43316,0.0472319,2.69196,-0.842323,-0.00091102,-0.0010503,-0.000357379,0.00510336,0.000399018,-1.69009e-05,-0.00314046,
5.312,0,0,0,0,0,0,0,0,0,0,0,0,0,0,0,0,-0.0322932,0.999288,0.0190292,0,0.996369,0.0336856,-0.0780734,0,-0.0786604,0.0164392,-0.996766,0,0.469634,0.00906658,0.0591394,1,0.236368,-31.5628,0.223581,14.4306,0.239317,2.36189,0.0954127,-37.6914,-113.112,-153.331,99.4972,20.5461,-27.4192,68.5416,0.0268444,0.337665,-0.00771269,-2.43316,0.0472339,2.69196,-0.842331,0.000609691,1.22141e-05,0.00254546,0.00261373,-0.00021064,0.000502717,-0.00328021,
5.346,0,0,0,0,0,0,0,0,0,0,0,0,0,0,0,0,-0.0322835,0.999288,0.0190276,0,0.996369,0.0336757,-0.0780693,0,-0.078656,0.0164385,-0.996766,0,0.469637,0.00906203,0.0591411,1,0.347452,-31.5271,0.223581,14.3552,0.232909,2.37654,0.0432277,33.8888,55.6601,-124.612,-114.769,7.29127,9.68488,-49.1409,0.0268365,0.337664,-0.00771436,-2.43316,0.0472315,2.69196,-0.842328,-0.000687749,-0.000270726,0.00191075,0.00149721,0.000232629,-0.000333495,0.000530403,
5.38,0,0,0,0,0,0,0,0,0,0,0,0,0,0,0,0,-0.0322801,0.999288,0.0190279,0,0.99637,0.0336724,-0.0780682,0,-0.0786549,0.0164391,-0.996766,0,0.469636,0.00906166,0.0591424,1,0.311747,-31.4874,0.263254,14.4306,0.2265,2.38295,0.0432277,22.8031,-21.3091,-24.1586,99.4454,-22.3431,24.631,15.3763,0.0268388,0.337659,-0.00771714,-2.43316,0.0472347,2.69196,-0.842328,-0.000678559,-0.000324857,0.000190498,-0.00191632,0.000462367,-0.000511167,-0.000669575,
5.414,0,0,0,0,0,0,0,0,0,0,0,0,0,0,0,0,-0.0322725,0.999288,0.0190246,0,0.996369,0.0336646,-0.0780736,0,-0.07866,0.0164362,-0.996766,0,0.469635,0.00905889,0.0591391,1,0.311747,-31.5628,0.334665,14.3909,0.251219,2.36922,-0.00987293,68.5158,-16.0413,164.446,37.5246,27.6082,2.50895,-112.652,0.0268388,0.337667,-0.00772215,-2.43316,0.0472315,2.69196,-0.842322,-0.000517921,-5.49063e-05,-0.000230991,0.00051955,-0.000620678,0.000187116,0.00233799,
5.448,0,0,0,0,0,0,0,0,0,0,0,0,0,0,0,0,-0.0322783,0.999288,0.0190261,0,0.99637,0.0336705,-0.0780689,0,-0.0786554,0.0164374,-0.996766,0,0.469637,0.00906163,0.059141,1,0.311747,-31.5628,0.263254,14.3552,0.239317,2.36922,-0.00346424,112.124,-137.516,6.67456,-195.205,4.13232,7.94177,-34.6782,0.0268388,0.337665,-0.00771711,-2.43316,0.0472312,2.69196,-0.842323,-0.000137626,0.000835314,0.00359771,0.00183409,0.00015472,1.79282e-05,0.000989612,
5.482,0,0,0,0,0,0,0,0,0,0,0,0,0,0,0,0,-0.0322767,0.999288,0.0190269,0,0.99637,0.0336689,-0.0780698,0,-0.0786564,0.0164383,-0.996766,0,0.469637,0.00905907,0.0591401,1,0.347452,-31.6024,0.29896,14.3195,0.232909,2.36922,0.056045,55.3503,-78.8421,-10.3111,-185.872,-14.6943,5.80644,15.9772,0.026837,0.337667,-0.00772038,-2.43315,0.0472348,2.69196,-0.842329,-0.000382526,0.00214982,-4.34729e-05,0.00664077,0.000243126,4.51403e-05,-0.000153687,
5.516,0,0,0,0,0,0,0,0,0,0,0,0,0,0,0,0,-0.0322936,0.999288,0.0190268,0,0.996369,0.0336856,-0.0780635,0,-0.0786504,0.0164371,-0.996767,0,0.469639,0.00906431,0.0591427,1,0.276041,-31.5271,0.223581,14.3195,0.244811,2.36189,0.069778,-61.4547,18.1866,-48.2682,-200.41,6.40569,-24.9771,47.4808,0.0268414,0.337662,-0.00771436,-2.43315,0.0472291,2.69196,-0.842331,6.96805e-05,-0.000587594,-0.000470733,0.00198766,-0.000215554,0.000134288,-0.00157217,
5.55,0,0,0,0,0,0,0,0,0,0,0,0,0,0,0,0,-0.032273,0.999288,0.0190267,0,0.99637,0.0336652,-0.078069,0,-0.0786555,0.0164384,-0.996766,0,0.469635,0.00906024,0.0591421,1,0.347452,-31.4874,0.29896,14.4306,0.239317,2.37654,-0.00987293,109.017,141.885,51.9081,16.1227,13.9344,10.634,-61.913,0.0268363,0.337659,-0.00771752,-2.43316,0.047233,2.69196,-0.842322,-0.000422033,-0.00145451,-0.000260239,-9.28318e-05,-4.90679e-05,-0.00034852,0.00153877,
5.584,0,0,0,0,0,0,0,0,0,0,0,0,0,0,0,0,-0.0322753,0.999288,0.019026,0,0.99637,0.0336673,-0.078061,0,-0.0786475,0.0164378,-0.996767,0,0.469639,0.00906027,0.0591447,1,0.347452,-31.4517,0.263254,14.3552,0.239317,2.36922,-0.0171971,150.991,264.598,-10.0053,-200.965,0.0461826,-15.418,19.7552,0.0268356,0.337657,-0.0077169,-2.43316,0.0472308,2.69196,-0.842322,-0.00121109,-0.0024562,0.000541693,0.00579487,5.62915e-05,0.000113026,-0.00446664,
5.618,0,0,0,0,0,0,0,0,0,0,0,0,0,0,0,0,-0.0322776,0.999288,0.0190269,0,0.996369,0.03367,-0.0780773,0,-0.0786638,0.016438,-0.996766,0,0.469633,0.00906154,0.059138,1,0.311747,-31.6024,0.263254,14.4306,0.239317,2.36922,-0.00346424,-6.0756,-164.1,-36.1856,-4.02418,4.91659,0.922586,-7.67125,0.0268388,0.337668,-0.00771714,-2.43316,0.0472328,2.69196,-0.842324,-0.000332784,0.00141893,0.00015156,-0.000295575,1.6821e-05,-5.64494e-05,0.000571569,
5.652,0,0,0,0,0,0,0,0,0,0,0,0,0,0,0,0,-0.0322855,0.999288,0.0190273,0,0.996369,0.0336777,-0.0780687,0,-0.0786554,0.016438,-0.996766,0,0.469636,0.00906306,0.0591413,1,0.311747,-31.5271,0.223581,14.3909,0.239317,2.36189,0.0359034,-59.5347,103.061,-171.543,51.5158,5.316,-8.7395,2.22477,0.0268388,0.337662,-0.00771436,-2.43316,0.0472308,2.69196,-0.842327,0.00152657,-0.000275058,-0.00108747,-0.000377554,0.000128108,0.000123639,-0.000495119,
5.686,0,0,0,0,0,0,0,0,0,0,0,0,0,0,0,0,-0.0322746,0.999288,0.0190272,0,0.99637,0.0336668,-0.0780654,0,-0.0786519,0.0164389,-0.996767,0,0.469637,0.00906165,0.0591428,1,0.311747,-31.4874,0.263254,14.3909,0.239317,2.36189,-0.00987293,34.7735,68.562,-88.8755,-17.6721,-6.18482,-7.03333,-28.7225,0.0268388,0.337659,-0.00771713,-2.43316,0.0472344,2.69196,-0.842322,-0.00016645,-0.000512223,0.00385729,0.00154609,0.000294683,0.000207208,0.00164254,
5.72,0,0,0,0,0,0,0,0,0,0,0,0,0,0,0,0,-0.0322819,0.999288,0.0190268,0,0.996369,0.0336742,-0.0780742,0,-0.0786608,0.0164376,-0.996766,0,0.469633,0.00905972,0.0591398,1,0.311747,-31.5271,0.29896,14.4663,0.244811,2.36922,0.0825953,22.8303,-44.6991,149.493,148.087,14.5322,1.28301,74.5991,0.0268388,0.337662,-0.00772059,-2.43316,0.0472338,2.69196,-0.842332,-0.000206189,-0.000178592,-0.00578357,-0.000770801,-0.000261618,0.000144094,0.000546348,
5.754,0,0,0,0,0,0,0,0,0,0,0,0,0,0,0,0,-0.0322787,0.999288,0.0190259,0,0.996369,0.0336709,-0.0780734,0,-0.07866,0.016437,-0.996766,0,0.469634,0.00906167,0.0591411,1,0.311747,-31.4874,0.263254,14.4306,0.239317,2.39027,-0.00987293,-34.3291,50.8077,-92.1037,72.5648,-2.12037,22.321,-44.0153,0.026839,0.337659,-0.00771714,-2.43316,0.0472301,2.69196,-0.842322,0.000308967,-0.000825033,0.000683412,-0.00191319,0.000220311,-0.000820498,0.00257941,
5.788,0,0,0,0,0,0,0,0,0,0,0,0,0,0,0,0,-0.0322797,0.999288,0.0190257,0,0.99637,0.0336718,-0.0780689,0,-0.0786555,0.0164369,-0.996766,0,0.469636,0.00905872,0.0591414,1,0.347452,-31.5271,0.29896,14.3909,0.239317,2.36922,0.056045,14.7586,-80.0685,8.22911,29.5135,7.65989,-20.0472,64.6531,0.0268356,0.337662,-0.00771967,-2.43316,0.0472308,2.69196,-0.84233,-0.00200573,0.000195197,-0.000948404,0.00123555,-5.54805e-05,9.93309e-06,-0.00221995,
5.822,0,0,0,0,0,0,0,0,0,0,0,0,0,0,0,0,-0.0322855,0.999288,0.0190273,0,0.996369,0.0336778,-0.0780726,0,-0.0786593,0.0164379,-0.996766,0,0.469635,0.00906424,0.05914,1,0.276041,-31.5628,0.223581,14.3909,0.239317,2.37654,0.0166774,123.717,6.65993,-64.3332,-82.3857,-22.1605,10.095,24.7309,0.0268413,0.337665,-0.00771436,-2.43316,0.0472312,2.69196,-0.842325,0.000717747,0.000582057,0.000882626,-0.000658262,0.000106828,-0.000188962,0.000485403,
5.856,0,0,0,0,0,0,0,0,0,0,0,0,0,0,0,0,-0.0322765,0.999288,0.0190284,0,0.99637,0.0336688,-0.0780684,0,-0.078655,0.0164399,-0.996766,0,0.469637,0.00906145,0.0591409,1,0.387125,-31.5628,0.187876,14.3909,0.239317,2.36189,0.00935314,216.019,-145.435,-151.132,-2.43965,4.46481,-16.1734,-54.2162,0.0268335,0.337665,-0.00771279,-2.43316,0.0472333,2.69196,-0.842324,-0.00152439,0.000966474,0.00281105,0.000448705,-4.44909e-05,0.000572459,0.00189656,
5.89,0,0,0,0,0,0,0,0,0,0,0,0,0,0,0,0,-0.0322743,0.999288,0.0190255,0,0.996369,0.0336665,-0.0780768,0,-0.0786633,0.0164368,-0.996766,0,0.469632,0.00905895,0.0591391,1,0.347452,-31.5271,0.29896,14.502,0.239317,2.36922,-0.00346424,60.7328,-24.1724,80.8304,157.233,-4.41284,-4.11439,17.9911,0.0268362,0.337662,-0.00771965,-2.43317,0.0472311,2.69196,-0.842324,0.000783439,-9.29405e-05,-0.00016149,0.00237678,0.000115003,0.00216291,0.00113508,
5.924,0,0,0,0,0,0,0,0,0,0,0,0,0,0,0,0,-0.0322848,0.999288,0.0190282,0,0.996369,0.0336772,-0.0780742,0,-0.0786609,0.0164388,-0.996766,0,0.469634,0.00906124,0.0591394,1,0.311747,-31.5628,0.263254,14.4306,0.239317,2.36922,0.089004,16.3629,-84.5708,-25.3164,44.8991,6.56737,2.98346,37.7035,0.0268381,0.337665,-0.00771714,-2.43316,0.0472344,2.69196,-0.842333,0.000105291,0.00107404,0.000819339,-7.83605e-06,2.67708e-05,0.000125768,-0.0024885,
5.958,0,0,0,0,0,0,0,0,0,0,0,0,0,0,0,0,-0.032293,0.999288,0.0190284,0,0.996369,0.0336852,-0.0780694,0,-0.0786563,0.0164385,-0.996766,0,0.469635,0.00906661,0.0591416,1,0.236368,-31.4874,0.223581,14.4306,0.239317,2.36922,0.056045,-170.618,132.363,-126.298,83.1487,11.1436,4.20319,21.9856,0.0268463,0.33766,-0.00771435,-2.43316,0.0472333,2.69196,-0.842329,-0.0016532,-0.00451726,0.000404525,0.00308552,-5.93849e-05,1.34525e-05,-0.00217428,
5.992,0,0,0,0,0,0,0,0,0,0,0,0,0,0,0,0,-0.0322804,0.999288,0.0190254,0,0.99637,0.0336724,-0.0780665,0,-0.0786531,0.0164367,-0.996767,0,0.469636,0.00906126,0.0591431,1,0.311747,-31.4517,0.29896,14.4306,0.239317,2.36922,0.0166774,-107.967,124.358,9.11053,51.1027,3.27095,-4.61671,-28.5383,0.0268409,0.337657,-0.00771965,-2.43316,0.047231,2.69196,-0.842325,0.00653466,-0.00113627,-0.000571029,-0.000159323,5.82639e-05,-3.0867e-05,-0.000180218,
6.026,0,0,0,0,0,0,0,0,0,0,0,0,0,0,0,0,-0.0322733,0.999288,0.0190271,0,0.99637,0.0336656,-0.0780706,0,-0.0786571,0.0164387,-0.996766,0,0.469636,0.00906162,0.059141,1,0.311747,-31.5271,0.263254,14.3909,0.232909,2.37654,-0.0236058,71.1595,-30.1892,25.9186,-121.765,-5.52693,11.8444,-85.9543,0.0268388,0.337663,-0.00771714,-2.43316,0.047234,2.69196,-0.842321,-0.00018572,-0.000649165,-8.72432e-05,0.000350561,0.000378822,-0.000353588,0.00293054,
6.06,0,0,0,0,0,0,0,0,0,0,0,0,0,0,0,0,-0.0322802,0.999288,0.0190279,0,0.996369,0.0336725,-0.0780703,0,-0.0786569,0.016439,-0.996766,0,0.469636,0.00906429,0.05914,1,0.276041,-31.5628,0.263254,14.3552,0.244811,2.36189,-0.00987293,-56.1305,-39.9535,-47.1218,-64.1415,7.5501,-12.1075,-10.3586,0.0268413,0.337667,-0.00771433,-2.43316,0.0472338,2.69196,-0.842322,0.000534739,-0.000170715,-0.000130908,0.00162371,-0.000103053,0.000366656,0.00206841,
6.094,0,0,0,0,0,0,0,0,0,0,0,0,0,0,0,0,-0.0322779,0.999288,0.0190257,0,0.996369,0.03367,-0.0780707,0,-0.0786573,0.016437,-0.996766,0,0.469635,0.00906177,0.0591403,1,0.276041,-31.5628,0.263254,14.3909,0.244811,2.36189,-0.0171971,-63.7369,-60.924,-42.8134,-110.865,-8.20049,-22.5257,-88.6501,0.0268392,0.337665,-0.00771714,-2.43316,0.0472304,2.69196,-0.842321,0.00124842,0.00045659,-0.000333509,-0.000248397,-0.000220742,0.000327465,0.00202434,
