0.001,0,0,0,0,0,0,0,0,0,0,0,0,0,0,0,0,-0.0320516,0.999296,0.0189989,0,0.99634,0.0334501,-0.0785448,0,-0.0791266,0.0164122,-0.996729,0,0.4695,0.00893543,0.0589635,1,0.756083,-33.2528,0.711558,14.5377,0.184386,2.56972,0.0496363,45.4526,36.0919,68.1229,-133.886,-6.15154,-0.624174,-10.757,0.0267149,0.337997,-0.00784024,-2.43321,0.0472406,2.69187,-0.842353,-9.20061e-05,0.000598032,-0.0018612,0.00175742,8.02152e-06,4.25621e-05,-0.00205888,
0.035,0,0,0,0,0,0,0,0,0,0,0,0,0,0,0,0,-0.0320656,0.999295,0.019002,0,0.996339,0.0334643,-0.0785439,0,-0.079126,0.0164142,-0.996729,0,0.469499,0.00894689,0.0589641,1,0.644999,-33.2132,0.636179,14.5734,0.172484,2.56239,-0.0171971,-115.967,75.8461,-28.0442,-17.0248,-34.1957,-15.2969,-27.348,0.0267281,0.337995,-0.00783034,-2.43321,0.0472418,2.69187,-0.842345,0.00159091,-0.000561558,-0.000207678,0.00256809,0.000385402,0.00030183,0.000884285,
0.069,0,0,0,0,0,0,0,0,0,0,0,0,0,0,0,0,-0.0320591,0.999296,0.019,0,0.99634,0.0334576,-0.0785417,0,-0.0791236,0.0164128,-0.99673,0,0.469499,0.00894068,0.0589645,1,0.756083,-33.1775,0.671885,14.6131,0.184386,2.56239,0.0294947,-3.16795,39.2008,-14.2307,16.5016,0.531013,-0.632851,12.333,0.0267203,0.337992,-0.00783506,-2.43321,0.0472401,2.69187,-0.842349,-0.000303396,1.76962e-06,-0.000417977,-0.0055757,0.00220228,7.84783e-05,-0.000591145,
0.103,0,0,0,0,0,0,0,0,0,0,0,0,0,0,0,0,-0.032062,0.999296,0.0190004,0,0.996339,0.0334605,-0.0785419,0,-0.0791238,0.016413,-0.99673,0,0.4695,0.00894477,0.0589648,1,0.644999,-33.2132,0.671885,14.5377,0.190794,2.56239,-0.0300145,-112.149,-61.6924,-3.8951,-164.377,8.02999,15.1051,-30.7388,0.0267259,0.337995,-0.00783242,-2.43321,0.0472398,2.69187,-0.842344,0.00176266,-0.00227982,-7.7046e-05,0.00117411,-0.000106455,-8.5837e-05,0.00200302,
0.137,0,0,0,0,0,0,0,0,0,0,0,0,0,0,0,0,-0.0320657,0.999295,0.0190017,0,0.996338,0.0334646,-0.078554,0,-0.0791361,0.0164135,-0.996729,0,0.469495,0.0089448,0.0589612,1,0.684672,-33.2528,0.636179,14.6488,0.190794,2.58345,0.0359034,58.2785,-85.6376,-55.5572,174.105,14.6304,21.9579,43.7426,0.0267239,0.337997,-0.00783039,-2.43322,0.0472398,2.69186,-0.842348,-0.000522709,0.00114304,0.000291788,-0.00137672,-2.75131e-05,-0.000295098,-0.00133805,
0.171,0,0,0,0,0,0,0,0,0,0,0,0,0,0,0,0,-0.0320651,0.999295,0.0190033,0,0.996339,0.0334639,-0.0785483,0,-0.0791305,0.0164154,-0.996729,0,0.469497,0.00894781,0.0589631,1,0.720377,-33.2132,0.636179,14.6131,0.178893,2.57612,-0.0300145,194.63,21.313,66.5358,42.8311,-4.18966,11.4955,-22.9355,0.0267259,0.337995,-0.00782672,-2.43321,0.0472422,2.69186,-0.842344,-0.00168945,-0.000171037,-0.000505318,-0.000970866,0.000312861,-0.000242105,0.00115043,
0.205,0,0,0,0,0,0,0,0,0,0,0,0,0,0,0,0,-0.0320618,0.999296,0.0190012,0,0.996339,0.0334606,-0.0785528,0,-0.0791348,0.0164134,-0.996729,0,0.469496,0.00894321,0.0589607,1,0.756083,-33.2885,0.671885,14.6131,0.190794,2.56972,0.0294947,-27.2691,-35.2447,33.4268,16.2851,10.3328,0.771076,-29.1509,0.0267213,0.338,-0.00783113,-2.43321,0.0472398,2.69187,-0.842347,-0.000709172,0.001234,-0.000754735,-0.000796181,0.00331171,-1.40382e-05,-0.000483924,
0.239,0,0,0,0,0,0,0,0,0,0,0,0,0,0,0,0,-0.0320487,0.999296,0.0190001,0,0.996338,0.0334476,-0.0785606,0,-0.0791423,0.0164131,-0.996728,0,0.469493,0.00893777,0.0589575,1,0.795756,-33.3639,0.711558,14.6488,0.178893,2.56972,-0.00987293,52.0948,-104.064,-33.6638,46.222,-24.7624,-3.33428,-8.53796,0.0267153,0.338005,-0.00783595,-2.43322,0.0472411,2.69187,-0.842346,-0.000736327,0.00120185,0.000391769,-0.0013074,9.56844e-05,0.000136121,0.00104407,
0.273,0,0,0,0,0,0,0,0,0,0,0,0,0,0,0,0,-0.0320634,0.999296,0.0190003,0,0.996339,0.033462,-0.0785474,0,-0.0791294,0.0164126,-0.996729,0,0.469498,0.00894069,0.0589632,1,0.720377,-33.2132,0.671885,14.6131,0.190794,2.56972,0.056045,-21.847,163.664,-62.8058,7.05695,6.51194,-21.2916,29.1818,0.0267206,0.337995,-0.0078353,-2.43321,0.0472398,2.69187,-0.842353,0.000574981,-0.00162462,0.000553745,-0.00125049,-0.00020526,7.06025e-05,-0.00139834,
0.307,0,0,0,0,0,0,0,0,0,0,0,0,0,0,0,0,-0.0320545,0.999296,0.0189997,0,0.996339,0.0334532,-0.0785501,0,-0.0791319,0.0164126,-0.996729,0,0.469498,0.0089407,0.0589622,1,0.720377,-33.2528,0.671885,14.5734,0.190794,2.58345,-0.0236058,-58.7987,24.0204,-34.1082,-123.056,15.6313,3.09024,-56.6542,0.0267206,0.337998,-0.00783531,-2.43321,0.0472398,2.69186,-0.842345,-0.000272618,-0.000554833,0.000531958,0.000947385,-0.000306173,-0.00034566,0.0023741,
0.341,0,0,0,0,0,0,0,0,0,0,0,0,0,0,0,0,-0.03205,0.999296,0.0189988,0,0.996339,0.0334485,-0.0785505,0,-0.0791322,0.016412,-0.996729,0,0.469497,0.00893799,0.0589621,1,0.756083,-33.2132,0.711558,14.6131,0.190794,2.57612,-0.0171971,4.95868,206.671,-32.5373,92.1185,20.0294,13.0407,-31.5903,0.0267181,0.337997,-0.00783812,-2.43321,0.0472398,2.69186,-0.842345,0.000567331,-0.0013372,7.89443e-05,-0.000945372,-0.000311814,-0.000178594,0.00149244,
0.375,0,0,0,0,0,0,0,0,0,0,0,0,0,0,0,0,-0.0320573,0.999296,0.0190003,0,0.996339,0.033456,-0.0785544,0,-0.0791363,0.0164128,-0.996729,0,0.469496,0.00894187,0.0589606,1,0.684672,-33.2885,0.671885,14.6131,0.178893,2.58345,-0.00987293,7.25482,-108.777,53.1924,37.0849,-10.8158,31.5977,-8.82879,0.0267231,0.338,-0.0078353,-2.43321,0.0472411,2.69186,-0.842346,0.00116653,0.000106501,-0.00370745,-0.000137067,0.000100792,-0.000394413,0.00118564,
0.409,0,0,0,0,0,0,0,0,0,0,0,0,0,0,0,0,-0.0320692,0.999295,0.019,0,0.996339,0.0334678,-0.0785494,0,-0.0791314,0.0164118,-0.996729,0,0.469497,0.00894274,0.0589616,1,0.644999,-33.2528,0.711558,14.5734,0.178893,2.56239,0.0761866,-220.843,-22.159,88.1858,-47.3229,-1.8489,-19.9228,9.96416,0.026728,0.337999,-0.00783798,-2.43321,0.0472411,2.69187,-0.842356,0.00199038,0.000600032,-0.000222316,0.00149011,0.000326506,0.000370571,-0.00212075,
0.443,0,0,0,0,0,0,0,0,0,0,0,0,0,0,0,0,-0.0320601,0.999296,0.0189999,0,0.996338,0.0334589,-0.0785592,0,-0.0791411,0.016412,-0.996728,0,0.469494,0.00894314,0.0589585,1,0.644999,-33.2885,0.671885,14.6488,0.190794,2.57612,-0.0171971,-118.293,-12.5543,-38.0026,81.7779,20.506,15.3018,-40.2175,0.026726,0.338003,-0.0078353,-2.43322,0.0472401,2.69186,-0.842345,0.00169937,-0.000540078,-0.000832637,0.000462349,-0.000192944,-9.54279e-05,0.00119951,
0.477,0,0,0,0,0,0,0,0,0,0,0,0,0,0,0,0,-0.0320597,0.999296,0.019001,0,0.996339,0.0334584,-0.0785518,0,-0.0791337,0.0164134,-0.996729,0,0.469496,0.00894405,0.058962,1,0.684672,-33.2132,0.671885,14.6488,0.184386,2.57612,-0.0300145,65.9281,-21.4801,75.2372,156.303,5.80122,1.82049,-7.40804,0.0267242,0.337996,-0.0078321,-2.43322,0.0472405,2.69186,-0.842344,0.000263656,-0.00106003,-0.00114695,-0.00219677,-0.000237422,-0.00010923,0.00128866,
0.511,0,0,0,0,0,0,0,0,0,0,0,0,0,0,0,0,-0.0320724,0.999295,0.0190025,0,0.996338,0.0334712,-0.0785531,0,-0.0791353,0.0164139,-0.996729,0,0.469497,0.00894688,0.0589601,1,0.684672,-33.2885,0.636179,14.5734,0.184386,2.56972,0.0359034,34.8999,95.3235,58.2826,-71.3914,-12.9992,2.7792,-36.4331,0.0267265,0.338003,-0.00782889,-2.43321,0.0472405,2.69187,-0.842351,-0.000687341,-0.000241241,-0.000632221,0.00102739,6.38058e-05,-7.90567e-05,8.47935e-05,
0.545,0,0,0,0,0,0,0,0,0,0,0,0,0,0,0,0,-0.0320964,0.999294,0.0190067,0,0.996338,0.0334954,-0.07855,0,-0.0791327,0.0164163,-0.996729,0,0.469497,0.00896244,0.0589603,1,0.533915,-33.2885,0.525095,14.5734,0.196288,2.56972,-0.0300145,-65.5546,-115.525,73.8451,3.11317,22.9672,0.454996,-55.0346,0.0267411,0.338003,-0.00781249,-2.43321,0.0472392,2.69187,-0.842344,0.0014972,0.00151361,-0.000519774,4.7172e-05,-0.000307762,0.00922117,0.0025955,
0.579,0,0,0,0,0,0,0,0,0,0,0,0,0,0,0,0,-0.0321316,0.999293,0.0190146,0,0.996337,0.0335311,-0.0785452,0,-0.0791288,0.0164214,-0.996729,0,0.469499,0.00898066,0.058963,1,0.498209,-33.2528,0.449717,14.5377,0.184386,2.56239,-0.00346424,-5.01434,-85.0537,98.26,16.235,-18.1316,-5.78564,24.6633,0.0267553,0.337998,-0.00779103,-2.43321,0.0472405,2.69187,-0.842346,-0.000666349,0.0010876,-0.000509181,7.88161e-05,-5.61386e-05,5.57952e-05,0.00011344,
0.613,0,0,0,0,0,0,0,0,0,0,0,0,0,0,0,0,-0.0320796,0.999295,0.0190047,0,0.996339,0.0334784,-0.0785435,0,-0.0791259,0.0164158,-0.996729,0,0.469501,0.00895027,0.0589625,1,0.756083,-33.2885,0.711558,14.502,0.166991,2.55598,0.069778,-0.148905,57.8372,13.3547,6.47261,6.09963,-10.3462,11.5557,0.0267285,0.338003,-0.00782447,-2.4332,0.0472424,2.69187,-0.842354,-0.000330896,-0.00121089,-0.00188639,0.000906899,9.30929e-05,0.00047035,-0.00171629,
0.647,0,0,0,0,0,0,0,0,0,0,0,0,0,0,0,0,-0.0320121,0.999297,0.0189941,0,0.99634,0.0334105,-0.0785561,0,-0.079137,0.0164101,-0.996729,0,0.469501,0.00891469,0.0589549,1,0.942545,-33.5544,0.822641,14.4663,0.178893,2.55598,0.069778,50.0681,-242.326,-45.8858,20.3486,-2.25588,-5.55596,23.499,0.0266881,0.338025,-0.00785543,-2.43319,0.0472411,2.69187,-0.842355,-0.00160762,0.00254188,-0.000326315,0.000995164,-0.000118984,7.50655e-05,-0.00230119,
0.681,0,0,0,0,0,0,0,0,0,0,0,0,0,0,0,0,-0.0320407,0.999296,0.0190034,0,0.996326,0.0334424,-0.0787181,0,-0.0792997,0.0164117,-0.996716,0,0.469474,0.0089322,0.0589051,1,0.0895788,-32.4633,0.148203,14.1013,0.209105,2.25844,0.0166774,-105.607,73.9512,74.1499,69.2017,16.4146,-28.512,-33.4759,0.0267061,0.338147,-0.00783884,-2.43314,0.0472388,2.69178,-0.842349,0.00323753,0.017726,-0.0049849,0.0076583,-0.000523998,-0.015698,0.000622268,
0.715,0,0,0,0,0,0,0,0,0,0,0,0,0,0,0,0,-0.0320613,0.999295,0.0190395,0,0.996291,0.033473,-0.0791524,0,-0.0797354,0.0164315,-0.996681,0,0.469432,0.00894941,0.0588176,1,0.200663,-32.8402,0.263254,14.2084,0.196288,2.18245,-0.0428319,-39.9456,-225.501,163.103,11.7704,16.0496,-25.3145,-15.8805,0.0266867,0.338399,-0.00779507,-2.43294,0.0472406,2.69139,-0.842352,-0.0065795,0.0146931,0.000497476,0.0116431,0.000281482,-0.00768787,0.00201103,
0.749,0,0,0,0,0,0,0,0,0,0,0,0,0,0,0,0,-0.0319152,0.9993,0.0190313,0,0.996292,0.0333274,-0.0792019,0,-0.0797823,0.0164333,-0.996677,0,0.469523,0.00888107,0.0587266,1,0.533915,-32.6141,0.449717,14.2838,0.178893,2.18245,-0.0236058,251.014,-24.4313,183.748,56.0357,-19.4163,-23.0402,5.75307,0.026566,0.338824,-0.00781929,-2.43256,0.0472459,2.69139,-0.842354,-0.00534378,0.00903692,-0.000683382,0.0167734,0.000190219,0.000324898,0.000530045,
0.783,0,0,0,0,0,0,0,0,0,0,0,0,0,0,0,0,-0.0316451,0.999308,0.0190243,0,0.996307,0.0330563,-0.0791176,0,-0.0796933,0.0164506,-0.996684,0,0.469752,0.00874264,0.0586732,1,0.609293,-32.6141,0.525095,14.2481,0.184386,2.21724,-0.00346424,131.96,127.066,-25.3036,18.8341,21.745,16.2295,-9.79834,0.026282,0.339368,-0.00783767,-2.43183,0.0472405,2.69128,-0.842375,-0.0100751,0.0175981,-0.0019137,0.0280995,-0.000399607,-0.0031062,0.000645408,
0.817,0,0,0,0,0,0,0,0,0,0,0,0,0,0,0,0,-0.0315196,0.999312,0.0190399,0,0.996317,0.0329312,-0.0790484,0,-0.0796226,0.0164785,-0.996689,0,0.470009,0.00856038,0.0586195,1,0.644999,-32.6141,0.600474,14.2481,0.172484,2.18245,-0.0300145,1.24725,75.1232,-149.014,73.2864,13.9058,11.2451,-45.0846,0.0259097,0.339968,-0.00786259,-2.43099,0.0472419,2.69111,-0.842642,-0.0139198,0.0175744,-0.00139219,0.0193609,-0.000266938,0.000157122,-0.00470768,
0.851,0,0,0,0,0,0,0,0,0,0,0,0,0,0,0,0,-0.0313355,0.999318,0.0190494,0,0.996332,0.0327465,-0.0789314,0,-0.0795029,0.0165065,-0.996698,0,0.470224,0.0083697,0.0585559,1,0.871134,-32.6141,1.0091,14.137,0.160582,2.14125,-0.0364232,-131.865,135.244,114.442,-87.9227,13.8244,-33.3585,-25.2276,0.0255075,0.340506,-0.00787195,-2.43033,0.0472416,2.6911,-0.842865,-0.0110153,0.0102374,-0.00119913,0.0220608,-0.000230958,0.00095767,-0.00651842,
0.885,0,0,0,0,0,0,0,0,0,0,0,0,0,0,0,0,-0.0314025,0.999315,0.0190825,0,0.996339,0.0328142,-0.0788253,0,-0.079399,0.0165376,-0.996706,0,0.470398,0.00824454,0.0585164,1,0.756083,-32.5387,0.786936,14.1013,0.178893,2.20351,-0.00987293,31.1037,115.488,57.1424,-58.349,8.74205,6.98812,8.93141,0.0252011,0.340909,-0.00784203,-2.4298,0.04724,2.69107,-0.843206,-0.00561786,0.00765036,0.00372876,0.00506222,0.000237123,-0.000724939,-0.00140261,
0.919,0,0,0,0,0,0,0,0,0,0,0,0,0,0,0,0,-0.0314539,0.999313,0.0190997,0,0.996331,0.032868,-0.0788938,0,-0.0794689,0.0165484,-0.9967,0,0.470499,0.00822345,0.0584879,1,0.644999,-32.6538,0.636179,14.137,0.178893,2.20351,0.0294947,-68.6833,26.5623,-24.9982,214.709,-22.8547,21.9083,53.3178,0.0251451,0.341184,-0.0078389,-2.4294,0.0472411,2.69088,-0.843309,-0.000622188,0.00877159,0.000130127,0.00804316,0.000122432,-0.00762118,-0.00271004,
0.953,0,0,0,0,0,0,0,0,0,0,0,0,0,0,0,0,-0.0314252,0.999314,0.0191087,0,0.996327,0.0328411,-0.0789572,0,-0.0795321,0.0165576,-0.996695,0,0.470594,0.00820734,0.0584769,1,0.573588,-32.8006,0.560801,13.9902,0.202696,2.22365,-0.0565648,-89.826,-212.939,-7.16794,-189.879,17.5457,-21.6698,-37.4916,0.0251012,0.341402,-0.00783757,-2.42903,0.0472385,2.69066,-0.843318,-0.00144343,0.0106483,-0.000356901,0.0141979,-0.000392453,-0.00514755,0.00138038,
0.987,0,0,0,0,0,0,0,0,0,0,0,0,0,0,0,0,-0.0314354,0.999313,0.0191236,0,0.996317,0.0328546,-0.0790862,0,-0.0796618,0.0165674,-0.996684,0,0.470659,0.00820814,0.0584383,1,0.573588,-32.6141,0.600474,14.0616,0.214598,2.21724,-0.0171971,21.8719,236.679,-24.5794,-152.348,12.7555,3.41573,20.3447,0.0250784,0.341653,-0.00782177,-2.4287,0.0472368,2.69045,-0.843333,0.00158488,0.00814743,0.0011365,0.00802598,-0.000347136,-0.000561339,-0.00376291,
1.021,0,0,0,0,0,0,0,0,0,0,0,0,0,0,0,0,-0.031523,0.99931,0.0191442,0,0.996302,0.0329459,-0.0792261,0,-0.0798037,0.0165763,-0.996673,0,0.470683,0.00825078,0.058373,1,0.422831,-32.7649,0.410044,14.1727,0.221007,2.22365,-0.00987293,191.13,-87.4076,16.316,182.665,-0.522722,6.70018,34.7455,0.0251073,0.341906,-0.00776948,-2.42849,0.0472317,2.69035,-0.843338,-0.00155146,0.00995361,0.00301456,0.00811775,0.0001123,-0.0020922,-0.000576253,
1.055,0,0,0,0,0,0,0,0,0,0,0,0,0,0,0,0,-0.0315397,0.999309,0.0191549,0,0.996299,0.032964,-0.0792651,0,-0.0798433,0.0165843,-0.996669,0,0.470768,0.00825904,0.0583005,1,0.609293,-32.6538,0.525095,14.1013,0.214598,2.22365,0.0230861,232.657,-218.028,-6.77787,38.5191,-17.4989,-6.5676,69.3466,0.0250858,0.342269,-0.00773766,-2.42814,0.0472324,2.69032,-0.843347,-0.00310214,0.0150696,0.000695897,0.0126801,0.000106937,-0.000766972,-0.00155049,
1.089,0,0,0,0,0,0,0,0,0,0,0,0,0,0,0,0,-0.0315438,0.999309,0.0191605,0,0.996297,0.032969,-0.0792851,0,-0.0798635,0.0165889,-0.996668,0,0.470926,0.00826133,0.0582631,1,0.573588,-32.7252,0.636179,14.2481,0.221007,2.31428,0.0166774,-37.2346,-22.3942,1.67596,111.105,-2.91707,20.6281,-15.8272,0.0250816,0.342664,-0.007738,-2.42757,0.0472316,2.69013,-0.843351,-0.00134899,0.0159777,-0.00141899,0.0190876,-6.47889e-05,-0.0114258,-0.000623002,
1.123,0,0,0,0,0,0,0,0,0,0,0,0,0,0,0,0,-0.0316213,0.999306,0.019198,0,0.996278,0.0330526,-0.0794874,0,-0.0800683,0.0166134,-0.996651,0,0.471163,0.0083067,0.0582124,1,0.347452,-32.6141,0.374338,14.2481,0.239317,2.26576,-0.00987293,45.7704,44.8809,-80.1784,6.31107,-0.117414,-15.4166,22.629,0.0251063,0.343279,-0.00769299,-2.4266,0.0472296,2.68957,-0.843353,0.00550094,0.0190482,0.000769934,0.0316408,-2.83101e-05,-0.0150437,0.000120899,
1.157,0,0,0,0,0,0,0,0,0,0,0,0,0,0,0,0,-0.0316516,0.999304,0.0192266,0,0.996275,0.0330856,-0.0795172,0,-0.0800996,0.0166385,-0.996648,0,0.471555,0.00832607,0.0581963,1,0.387125,-32.6141,0.485422,14.137,0.239317,2.2859,0.0432277,-216.024,-37.3968,-15.2185,45.7687,-3.77661,-13.5109,-27.8722,0.0250954,0.344044,-0.00767154,-2.42525,0.0472264,2.68896,-0.843359,0.00292745,0.0244666,0.0028381,0.0470674,-0.000134814,-0.0220856,-0.00113445,
1.191,0,0,0,0,0,0,0,0,0,0,0,0,0,0,0,0,-0.0316518,0.999304,0.0192703,0,0.996256,0.033093,-0.0797429,0,-0.0803266,0.0166745,-0.996629,0,0.472014,0.00833862,0.0581895,1,0.573588,-32.8759,0.560801,14.2838,0.221007,2.36189,0.0230861,64.9973,-98.7825,-32.4496,68.2603,-16.1139,-10.5573,21.3873,0.0250841,0.344946,-0.00767312,-2.42354,0.0472313,2.68792,-0.843361,-0.00128976,0.0339577,-0.00251983,0.0559373,0.000187387,-0.0359746,-0.000683627,
1.226,0,0,0,0,0,0,0,0,0,0,0,0,0,0,0,0,-0.0316264,0.999303,0.0193149,0,0.99624,0.0330748,-0.0799573,0,-0.080542,0.0167138,-0.996611,0,0.472659,0.00833572,0.0581664,1,0.609293,-32.8006,0.671885,14.502,0.244811,2.40401,0.056045,-55.0883,43.0348,-20.0043,142.425,9.76639,-1.64651,42.9062,0.025041,0.34623,-0.00768549,-2.4212,0.0472275,2.68664,-0.843366,-0.000783311,0.0399344,0.00108651,0.0703399,-0.000167934,-0.0440556,-0.00151546,
1.26,0,0,0,0,0,0,0,0,0,0,0,0,0,0,0,0,-0.0316528,0.999302,0.0193729,0,0.996218,0.0331102,-0.0802163,0,-0.0808032,0.0167609,-0.996589,0,0.473418,0.00836573,0.0581355,1,0.498209,-33.0267,0.525095,14.2838,0.256712,2.47267,-0.0428319,-26.1672,-28.7213,-94.3133,-91.9248,11.8335,3.5651,-37.4619,0.0250392,0.347754,-0.00768087,-2.41844,0.0472229,2.68514,-0.843362,0.000926044,0.0499998,0.00166225,0.0881549,-0.000310385,-0.0412142,0.00204028,
1.294,0,0,0,0,0,0,0,0,0,0,0,0,0,0,0,0,-0.0316219,0.999302,0.0194026,0,0.99622,0.0330816,-0.0802023,0,-0.0807897,0.0167934,-0.99659,0,0.474324,0.0083601,0.058022,1,0.795756,-33.4036,0.747263,13.9902,0.232909,2.46626,0.0432277,219.088,-234.779,65.6155,-114.509,-22.9173,28.1998,5.268,0.0249965,0.349717,-0.00770305,-2.41533,0.0472256,2.68401,-0.843372,-0.003662,0.0603439,-0.000330817,0.103663,0.000237142,-0.0239166,-0.00185176,
1.328,0,0,0,0,0,0,0,0,0,0,0,0,0,0,0,0,-0.0316257,0.999301,0.0194298,0,0.996215,0.0330886,-0.0802649,0,-0.0808533,0.0168181,-0.996584,0,0.47539,0.0083825,0.057668,1,0.573588,-33.3639,0.560801,14.2084,0.239317,2.50746,-0.0300145,-99.2294,10.622,-112.284,36.7345,-25.0317,-9.10816,7.7922,0.02497,0.352648,-0.00768688,-2.41149,0.0472262,2.68304,-0.843365,0.000849169,0.10507,0.00213766,0.127923,0.000499756,-0.0270342,0.00109828,
1.362,0,0,0,0,0,0,0,0,0,0,0,0,0,0,0,0,-0.0317699,0.999296,0.0194564,0,0.996212,0.0332341,-0.0802425,0,-0.0808342,0.0168337,-0.996585,0,0.476815,0.00847089,0.0570433,1,0.387125,-33.4036,0.334665,14.2838,0.293334,2.50014,-0.0171971,-2.61285,-87.768,20.2437,103.319,-1.84825,-17.32,-66.6287,0.0250116,0.356955,-0.00761421,-2.40636,0.0472188,2.68224,-0.843366,0.000118012,0.153776,0.00468774,0.17256,-0.000123202,-0.0220354,0.00184278,
1.396,0,0,0,0,0,0,0,0,0,0,0,0,0,0,0,0,-0.0320404,0.999287,0.0194848,0,0.996262,0.0334936,-0.0795042,0,-0.0801017,0.016865,-0.996644,0,0.478922,0.00864428,0.0562456,1,0.311747,-34.0027,0.449717,14.1727,0.275023,2.37654,0.0230861,-37.5842,10.4623,63.1901,6.92222,-10.488,-5.79472,-6.13288,0.0250981,0.362826,-0.0074389,-2.39932,0.0472208,2.68181,-0.843349,-0.000916935,0.197639,0.00176365,0.241217,0.000354895,-0.0062395,-0.000504975,
1.43,0,0,0,0,0,0,0,0,0,0,0,0,0,0,0,0,-0.0321658,0.999283,0.0194724,0,0.996352,0.0335977,-0.0783272,0,-0.0789268,0.0168823,-0.996737,0,0.481706,0.00874926,0.0552619,1,0.498209,-33.5147,0.636179,13.8077,0.275023,2.33443,-0.0364232,101.304,-115.577,78.6795,-42.5156,1.6822,-3.8994,-8.3344,0.0251017,0.370334,-0.00733866,-2.39016,0.0472242,2.68134,-0.843326,-0.000426214,0.233481,-0.000414309,0.282611,4.96323e-05,-0.0239178,0.00162227,
1.464,0,0,0,0,0,0,0,0,0,0,0,0,0,0,0,0,-0.0321988,0.999283,0.0194296,0,0.996467,0.0336023,-0.076848,0,-0.0774473,0.0168869,-0.996853,0,0.484998,0.00878952,0.0542728,1,0.644999,-34.0027,0.671885,14.2838,0.26953,2.29323,-0.00346424,104.619,72.5255,28.5104,-82.6524,-11.7009,-15.5383,-21.0973,0.0250633,0.3787,-0.00734359,-2.37946,0.0472215,2.68048,-0.843329,-0.00289459,0.259405,-0.000880293,0.34307,0.000450394,-0.0395483,0.000581499,
1.498,0,0,0,0,0,0,0,0,0,0,0,0,0,0,0,0,-0.0321669,0.999285,0.0194031,0,0.996596,0.0335403,-0.0751859,0,-0.0757844,0.0169189,-0.996981,0,0.48884,0.00882393,0.0532429,1,0.756083,-34.078,0.862314,14.3909,0.232909,2.35548,-0.0171971,-215.803,-219.854,-65.9855,193.137,12.7984,34.1053,46.1203,0.0249897,0.388125,-0.00735662,-2.36692,0.0472339,2.67904,-0.843306,-0.000984371,0.298343,0.000450071,0.386601,-0.000399098,-0.0644623,0.000361313,
1.532,0,0,0,0,0,0,0,0,0,0,0,0,0,0,0,0,-0.0319076,0.999293,0.0194017,0,0.996657,0.0332696,-0.0744843,0,-0.0750786,0.0169606,-0.997033,0,0.492758,0.00873336,0.0521537,1,1.31547,-34.3795,1.31062,13.8791,0.196288,2.14766,-0.0629735,97.7218,145.456,36.3843,-164.662,-3.74778,7.85449,-34.5353,0.0247783,0.398023,-0.0075011,-2.35336,0.0472407,2.67608,-0.843301,-0.00717861,0.298984,-0.00292207,0.423776,0.0028434,-0.0992238,0.00160762,
1.566,0,0,0,0,0,0,0,0,0,0,0,0,0,0,0,0,-0.0317678,0.999296,0.019482,0,0.99674,0.0331182,-0.0734369,0,-0.0740318,0.0170859,-0.99711,0,0.497264,0.00870191,0.0513059,1,1.24009,-35.3158,1.31062,14.1013,0.196288,2.10646,0.0359034,18.2578,35.0454,-33.306,177.348,2.09798,13.6269,14.249,0.0245099,0.408275,-0.0075257,-2.33807,0.0472392,2.67208,-0.843324,-0.00711197,0.321985,-0.000986058,0.4657,-0.000225092,-0.144389,-0.001619,
1.6,0,0,0,0,0,0,0,0,0,0,0,0,0,0,0,0,-0.0318574,0.99929,0.0196519,0,0.996721,0.033224,-0.0736543,0,-0.0742563,0.0172414,-0.99709,0,0.501695,0.0088064,0.0502933,1,1.20439,-35.054,1.19953,13.7363,0.2265,2.07899,0.0496363,164.93,-86.6524,33.5529,-1.75795,-13.758,0.66301,100.168,0.0244528,0.419088,-0.00751959,-2.32195,0.0472326,2.66655,-0.843331,-0.0019936,0.298342,8.28613e-05,0.479869,0.000230708,-0.17903,-0.00161119,
1.634,0,0,0,0,0,0,0,0,0,0,0,0,0,0,0,0,-0.0319922,0.999282,0.0198165,0,0.996756,0.0333612,-0.0731071,0,-0.0737171,0.0174137,-0.997127,0,0.506534,0.00894681,0.0494821,1,1.01792,-35.4666,1.08448,14.4306,0.209105,2.30696,-0.00987293,54.4513,-103.097,-112.652,158.142,-6.53255,35.0607,-85.4967,0.0244454,0.429974,-0.00750965,-2.30495,0.0472378,2.66098,-0.843319,0.00355733,0.317614,0.00253162,0.500419,4.18124e-05,-0.142931,0.00193415,
1.668,0,0,0,0,0,0,0,0,0,0,0,0,0,0,0,0,-0.0320956,0.999275,0.0199824,0,0.996793,0.0334668,-0.072562,0,-0.0731796,0.0175897,-0.997164,0,0.5115,0.0090546,0.0487228,1,1.24009,-35.7681,1.23524,14.9781,0.263121,2.23097,0.0624537,7.8045,22.2174,-85.7873,-49.9601,35.1348,-8.00049,17.577,0.0243937,0.440974,-0.0075293,-2.28744,0.0472318,2.655,-0.843327,-0.00208894,0.334197,0.00158346,0.518851,-0.00037503,-0.207236,-0.00104229,
1.702,0,0,0,0,0,0,0,0,0,0,0,0,0,0,0,0,-0.0322286,0.999266,0.0202424,0,0.996747,0.0336283,-0.0731086,0,-0.0737371,0.0178207,-0.997118,0,0.516198,0.00919973,0.0480226,1,1.0933,-36.3672,1.08448,14.1013,0.263121,2.14125,0.0359034,55.6707,-2.90336,-9.89671,-143.04,-20.844,-36.417,-62.5905,0.0243573,0.451588,-0.00751729,-2.26999,0.0472318,2.64761,-0.843323,-0.0020932,0.326829,0.00588733,0.544411,0.000788784,-0.222252,0.00211047,
1.736,0,0,0,0,0,0,0,0,0,0,0,0,0,0,0,0,-0.0324416,0.999254,0.0204812,0,0.996726,0.0338616,-0.0732834,0,-0.0739237,0.018037,-0.997101,0,0.520947,0.00937758,0.0473202,1,0.942545,-37.2677,1.0091,14.6488,0.299742,2.18977,0.056045,24.2589,-169.363,-45.3753,26.481,1.52807,-9.28735,-93.3288,0.0243797,0.462255,-0.00749676,-2.25251,0.0472263,2.64061,-0.843323,-0.000669151,0.317168,0.00455938,0.493508,-0.000452203,-0.175892,0.00140347,
1.77,0,0,0,0,0,0,0,0,0,0,0,0,0,0,0,0,-0.0326421,0.999244,0.0206489,0,0.99677,0.0340614,-0.0725947,0,-0.0732446,0.0182129,-0.997148,0,0.525779,0.00955325,0.0464869,1,0.795756,-37.5692,0.937693,15.1963,0.323546,2.25844,0.056045,43.3105,-113.028,64.8401,4.25797,21.8656,11.4016,-19.2982,0.0244158,0.473239,-0.00747162,-2.23519,0.047224,2.63495,-0.843298,-0.00381888,0.318111,0.00211052,0.496776,-0.000832698,-0.18033,0.00489261,
1.804,0,0,0,0,0,0,0,0,0,0,0,0,0,0,0,0,-0.0327642,0.999235,0.0208949,0,0.996706,0.0342161,-0.0734019,0,-0.0740621,0.0184214,-0.997083,0,0.530164,0.00968562,0.0456095,1,1.16868,-37.1924,1.27491,14.6488,0.317137,2.05794,0.0496363,107.02,7.1089,-4.95694,-96.3942,10.7335,-47.4749,-54.4721,0.0243882,0.483861,-0.00747782,-2.21822,0.0472258,2.62778,-0.843296,-0.000168105,0.297542,-0.00514117,0.482866,-0.000366682,-0.197075,0.00292202,
1.838,0,0,0,0,0,0,0,0,0,0,0,0,0,0,0,0,-0.0329279,0.999226,0.0210896,0,0.996684,0.0343977,-0.0736055,0,-0.0742754,0.0185964,-0.997064,0,0.534521,0.00982731,0.044676,1,0.942545,-37.6049,1.15986,15.1606,0.335448,2.29323,0.175064,-147.145,28.4615,68.5494,64.4479,-15.6506,38.1036,-1.20156,0.0243944,0.494453,-0.00748033,-2.20166,0.0472237,2.6216,-0.843297,0.00217414,0.304804,-8.76758e-05,0.469139,0.000236853,-0.160257,-0.00176884,
1.872,0,0,0,0,0,0,0,0,0,0,0,0,0,0,0,0,-0.0331131,0.999216,0.0212555,0,0.996716,0.0345849,-0.0730843,0,-0.0737635,0.0187661,-0.997099,0,0.538846,0.00997356,0.0439499,1,1.01792,-37.7914,1.04878,15.3074,0.359251,2.07899,0.162246,-2.04233,-69.6333,-12.1596,-140.127,-16.771,21.2315,0.877972,0.0243988,0.504335,-0.00746297,-2.18577,0.0472163,2.61611,-0.843295,-0.000383459,0.293919,-0.00379727,0.46733,9.53738e-05,-0.162295,0.000750605,
1.906,0,0,0,0,0,0,0,0,0,0,0,0,0,0,0,0,-0.0332886,0.999206,0.0214454,0,0.996707,0.0347746,-0.0731154,0,-0.0738045,0.0189412,-0.997093,0,0.54273,0.0101223,0.043303,1,0.831461,-38.8824,0.973398,15.3431,0.36566,2.10646,0.135696,90.0706,220.139,-117.723,-36.2498,-3.34,-3.23555,-31.4049,0.0244295,0.513341,-0.00745883,-2.17103,0.0472203,2.61034,-0.843289,0.00537466,0.269578,-0.000933995,0.42405,-0.00025117,-0.166945,0.0015594,
1.94,0,0,0,0,0,0,0,0,0,0,0,0,0,0,0,0,-0.0332849,0.999203,0.0216104,0,0.996672,0.0347922,-0.0735893,0,-0.0742839,0.0190895,-0.997054,0,0.546259,0.0101505,0.0427117,1,1.24009,-39.0689,1.34632,15.7795,0.359251,2.25203,0.234573,30.6429,3.5451,-37.0584,-167.583,3.20517,25.3411,32.8641,0.0243458,0.521663,-0.00754287,-2.15723,0.0472211,2.60437,-0.843298,-0.00127497,0.216777,-0.00539219,0.379462,-0.000131859,-0.168626,-0.00214864,
1.974,0,0,0,0,0,0,0,0,0,0,0,0,0,0,0,0,-0.0332027,0.999202,0.0217496,0,0.996638,0.03473,-0.0740825,0,-0.0747802,0.0192171,-0.997015,0,0.549198,0.0101269,0.0421922,1,1.42655,-38.6563,1.46137,15.9659,0.34735,2.20351,0.175064,57.7334,-36.7104,93.3325,12.871,-1.46338,-39.6955,-22.8846,0.0241988,0.528704,-0.00762189,-2.14558,0.0472224,2.59925,-0.843311,-0.00451316,0.1991,0.00748717,0.319559,0.000161292,-0.135473,0.00151542,
2.008,0,0,0,0,0,0,0,0,0,0,0,0,0,0,0,0,-0.0332766,0.999197,0.0219029,0,0.996633,0.0348157,-0.0741074,0,-0.0748118,0.0193635,-0.99701,0,0.551794,0.0101975,0.0419659,1,0.982218,-39.18,1.19953,15.8905,0.36566,2.26576,0.228164,-53.9364,27.4125,80.9392,18.35,12.4483,51.1387,-34.2283,0.0241428,0.534285,-0.00760704,-2.13568,0.0472204,2.59491,-0.843312,-0.00237105,0.143172,-0.000508357,0.262157,-0.000418514,-0.153654,0.000300064,
2.042,0,0,0,0,0,0,0,0,0,0,0,0,0,0,0,0,-0.0331692,0.999197,0.0220377,0,0.996473,0.0347606,-0.076256,0,-0.0769623,0.019431,-0.996845,0,0.553128,0.0101334,0.0417678,1,1.27976,-39.3307,1.49708,16.1484,0.383971,2.35548,0.261123,-97.9875,50.0933,-54.2233,-15.2149,-14.5349,34.0407,13.6885,0.0241005,0.53789,-0.00780093,-2.12888,0.0472137,2.58955,-0.843334,-0.000706608,0.066447,-0.0111918,0.150257,-0.00291821,-0.144246,-0.0036579,
2.076,0,0,0,0,0,0,0,0,0,0,0,0,0,0,0,0,-0.032961,0.999202,0.0221372,0,0.996306,0.0346039,-0.0784673,0,-0.0791722,0.0194694,-0.996671,0,0.553403,0.00996805,0.0419392,1,1.42655,-38.5055,1.46137,16.2555,0.36566,2.43788,0.254714,-56.5247,165.826,-82.605,50.716,3.59895,-53.9016,-12.362,0.0239678,0.538578,-0.00802884,-2.12623,0.0472203,2.58536,-0.843425,-0.00425176,-0.0123996,-0.00899351,0.0325972,7.77851e-05,-0.0899642,-0.00254503,
2.11,0,0,0,0,0,0,0,0,0,0,0,0,0,0,0,0,-0.0327956,0.999205,0.0222441,0,0.996237,0.0344658,-0.0793999,0,-0.0801049,0.0195568,-0.996595,0,0.553235,0.00990707,0.0422486,1,1.42655,-38.8824,1.4217,16.4023,0.335448,2.29964,0.121963,21.9823,-54.1158,-35.699,-40.0995,41.0157,-10.2203,-11.0809,0.0237922,0.537751,-0.00799663,-2.12632,0.0472237,2.58369,-0.843402,-0.00166849,-0.0286033,0.00103714,-0.015741,-0.000433927,-0.0210704,0.00215081,
2.144,0,0,0,0,0,0,0,0,0,0,0,0,0,0,0,0,-0.0328635,0.9992,0.022342,0,0.996223,0.0345443,-0.0795493,0,-0.080259,0.0196437,-0.99658,0,0.552979,0.00997726,0.0423752,1,0.871134,-38.6166,0.937693,16.2198,0.341856,2.12752,0.188797,47.2417,38.7773,-2.52612,62.5985,-14.0358,-18.9781,21.5576,0.0237292,0.536993,-0.00782204,-2.12724,0.0472278,2.58369,-0.843394,0.00677316,-0.0250633,0.00486393,-0.0335949,-0.000168884,0.0105087,-0.001327,
2.178,0,0,0,0,0,0,0,0,0,0,0,0,0,0,0,0,-0.0328677,0.999199,0.022393,0,0.996226,0.0345516,-0.0795046,0,-0.0802162,0.0196957,-0.996583,0,0.552708,0.0101601,0.0423625,1,0.573588,-38.692,0.747263,16.1841,0.341856,2.10005,0.0825953,96.0305,-37.3426,-82.1458,60.5691,16.0675,-11.1451,27.2979,0.0238675,0.536487,-0.0076338,-2.12828,0.0472264,2.58428,-0.84311,0.00483417,-0.00746842,0.00313369,-0.0239265,-5.58803e-05,0.0181079,0.0238227,
2.212,0,0,0,0,0,0,0,0,0,0,0,0,0,0,0,0,-0.0326592,0.999207,0.0223618,0,0.996252,0.0343366,-0.0792673,0,-0.0799737,0.0196895,-0.996602,0,0.552576,0.0102118,0.0423273,1,0.871134,-38.4301,0.89802,16.3309,0.317137,2.10005,0.109146,59.3953,77.1231,-148.323,67.716,-7.43603,-12.748,-51.887,0.0239268,0.536251,-0.00758801,-2.12894,0.0472258,2.58495,-0.84281,0.00041987,-0.00960624,0.000221226,-0.0218442,3.23548e-05,0.0243442,0.000834177,
2.246,0,0,0,0,0,0,0,0,0,0,0,0,0,0,0,0,-0.0327265,0.999204,0.0223683,0,0.996264,0.0344007,-0.0790907,0,-0.0797988,0.0196968,-0.996616,0,0.552412,0.01025,0.042335,1,0.720377,-38.3944,0.937693,16.1841,0.329039,1.98927,0.181472,-185.218,94.9064,98.2775,15.4289,14.7564,23.2585,35.4386,0.0239494,0.535868,-0.00753265,-2.1297,0.0472282,2.58551,-0.842818,0.00106346,-0.00701133,-0.00192042,-0.0208886,-0.000359972,0.0286999,-0.00161702,
2.28,0,0,0,0,0,0,0,0,0,0,0,0,0,0,0,0,-0.0328349,0.9992,0.0223881,0,0.996286,0.034504,-0.0787686,0,-0.0794796,0.019719,-0.996641,0,0.552267,0.0103205,0.0423054,1,0.684672,-38.2794,0.747263,16.1841,0.335448,1.90596,0.181472,128.787,-75.0099,32.138,-62.4034,11.6755,2.40949,39.6354,0.0239711,0.535576,-0.00742079,-2.13048,0.0472273,2.58631,-0.842818,-0.000527939,-0.0120738,0.0067651,-0.0222802,-0.000128773,0.0257228,-0.00176939,
2.314,0,0,0,0,0,0,0,0,0,0,0,0,0,0,0,0,-0.0330268,0.999193,0.0224203,0,0.996297,0.0346934,-0.0785428,0,-0.0792588,0.0197436,-0.996659,0,0.55196,0.0104453,0.0422453,1,0.311747,-38.1286,0.410044,16.4023,0.353758,1.78877,0.195205,1.08548,38.2166,-175.022,234.224,-3.25621,-4.17718,33.4735,0.024058,0.535067,-0.00727097,-2.13177,0.0472249,2.58732,-0.84281,0.00667095,-0.0217993,0.0030434,-0.0479497,-2.50415e-05,0.036505,-0.000743047,
2.348,0,0,0,0,0,0,0,0,0,0,0,0,0,0,0,0,-0.0332617,0.999186,0.0224206,0,0.996348,0.0349129,-0.0777981,0,-0.078519,0.0197514,-0.996717,0,0.55149,0.0106316,0.0422582,1,0.200663,-38.0175,0.223581,16.1484,0.34735,1.69905,0.181472,32.2688,7.17469,-34.8329,-107.299,2.67839,-15.6159,72.3458,0.0242429,0.533938,-0.00708821,-2.13411,0.0472258,2.58929,-0.84273,0.00668411,-0.0407678,0.00588759,-0.0809084,9.20229e-05,0.0617767,0.00191529,
2.382,0,0,0,0,0,0,0,0,0,0,0,0,0,0,0,0,-0.0331331,0.999192,0.02233,0,0.99642,0.0347608,-0.0769431,0,-0.0776586,0.0197011,-0.996785,0,0.550743,0.0107899,0.042133,1,0.16099,-37.5692,0.223581,16.0016,0.293334,1.56721,0.089004,56.1418,197.316,144.736,22.4058,-13.1548,-1.15691,-14.8889,0.0244634,0.532573,-0.00695672,-2.1375,0.0472285,2.59218,-0.842314,0.00440771,-0.0417176,-0.000469002,-0.114146,0.000617502,0.100073,0.0129142,
2.416,0,0,0,0,0,0,0,0,0,0,0,0,0,0,0,0,-0.033071,0.999196,0.0222458,0,0.996529,0.0346649,-0.0755551,0,-0.076267,0.0196703,-0.996893,0,0.549803,0.0108992,0.0418399,1,0.16099,-37.117,0.187876,15.5613,0.239317,1.20833,0.0496363,0.935686,-43.9013,42.9185,146.905,-21.2946,-9.5406,-23.2284,0.0245071,0.531104,-0.00671572,-2.14193,0.047244,2.59655,-0.842076,0.000602256,-0.0479578,0.00480984,-0.140579,9.91679e-05,0.148788,0.0127042,
2.45,0,0,0,0,0,0,0,0,0,0,0,0,0,0,0,0,-0.0329636,0.999202,0.0221028,0,0.99673,0.0344954,-0.0729355,0,-0.0736412,0.0196267,-0.997092,0,0.549012,0.011028,0.0415867,1,0.200663,-36.7798,0.187876,15.2677,0.202696,1.00783,0.0761866,-109.174,52.3163,-40.9922,-83.7142,6.53134,-8.18699,0.0799694,0.0245412,0.529539,-0.00641225,-2.14676,0.0472561,2.60245,-0.841746,0.000220314,-0.0496213,0.00507131,-0.142646,7.41444e-05,0.170915,0.0108991,
2.484,0,0,0,0,0,0,0,0,0,0,0,0,0,0,0,0,-0.0327236,0.999214,0.021952,0,0.996843,0.034217,-0.0715112,0,-0.0722075,0.019543,-0.997198,0,0.547862,0.0110675,0.0413021,1,0.422831,-36.7798,0.410044,15.232,0.2265,0.828383,-0.0364232,100.384,-139.089,-61.2465,19.7023,-19.4343,23.3487,-43.4365,0.0245565,0.527662,-0.00624237,-2.15198,0.0472548,2.60724,-0.841413,-0.00104878,-0.0651306,0.00541102,-0.171927,9.62757e-05,0.129546,0.0124748,
2.518,0,0,0,0,0,0,0,0,0,0,0,0,0,0,0,0,-0.0325956,0.999221,0.0218079,0,0.996865,0.0340743,-0.071273,0,-0.071962,0.0194167,-0.997218,0,0.546069,0.0110152,0.0410677,1,0.458536,-36.7401,0.449717,15.3074,0.196288,0.807326,0.069778,79.0882,1.13956,-45.3979,43.4463,0.978465,3.7542,78.8312,0.0245684,0.524728,-0.00621083,-2.1587,0.047263,2.61128,-0.84134,0.000102538,-0.10493,0.00487558,-0.221634,3.60606e-05,0.134264,-0.00130582,
2.552,0,0,0,0,0,0,0,0,0,0,0,0,0,0,0,0,-0.0324881,0.999228,0.0216303,0,0.99689,0.0339488,-0.070989,0,-0.07167,0.0192571,-0.997242,0,0.543706,0.0109267,0.0409675,1,0.422831,-36.3672,0.525095,15.1963,0.221007,0.973036,0.00294445,40.7627,82.5625,270.17,17.7229,3.78034,-39.1219,-40.7313,0.0245591,0.520385,-0.00618666,-2.16764,0.0472605,2.61616,-0.841326,-0.00164718,-0.148196,-0.00297316,-0.298303,0.000481669,0.148559,0.00195931,
2.586,0,0,0,0,0,0,0,0,0,0,0,0,0,0,0,0,-0.0323424,0.999237,0.021453,0,0.996871,0.033797,-0.0713237,0,-0.0719957,0.0190795,-0.997222,0,0.540573,0.0108063,0.0409212,1,0.498209,-35.9546,0.525095,15.0852,0.178893,1.10487,0.0624537,41.7502,23.9444,-96.1353,-159.834,6.45805,40.1005,41.006,0.024545,0.514616,-0.00618118,-2.17894,0.0472731,2.62137,-0.841334,-0.000998964,-0.195405,0.000808522,-0.371136,-0.0001048,0.14397,-0.00132867,
2.62,0,0,0,0,0,0,0,0,0,0,0,0,0,0,0,0,-0.0320646,0.999249,0.0212911,0,0.996756,0.0335405,-0.0730232,0,-0.0736839,0.0188809,-0.997103,0,0.536384,0.0106219,0.0407302,1,0.871134,-35.8792,0.747263,14.8313,0.123961,0.910781,-0.0767064,-18.0367,-108.05,37.7423,-88.4361,-14.1053,-26.177,-41.4,0.0244682,0.507559,-0.00619133,-2.19295,0.0472904,2.62663,-0.841327,-0.00337225,-0.221652,0.000392485,-0.4516,0.00478449,0.185881,0.00217129,
2.654,0,0,0,0,0,0,0,0,0,0,0,0,0,0,0,0,-0.0318368,0.999261,0.0210827,0,0.996694,0.0333158,-0.0739772,0,-0.0746263,0.0186582,-0.997037,0,0.531837,0.0104475,0.0406861,1,0.684672,-35.5777,0.671885,15.0138,0.142272,1.09755,-0.0831151,30.52,-91.1204,52.7747,-48.6465,-11.4669,-10.8627,-123.856,0.0243973,0.499354,-0.00615539,-2.20882,0.0473022,2.63335,-0.841331,-0.00327931,-0.262676,-0.000568915,-0.486333,-0.000416712,0.1959,0.00238883,
2.688,0,0,0,0,0,0,0,0,0,0,0,0,0,0,0,0,-0.0316194,0.999273,0.0208597,0,0.996604,0.0331061,-0.0752639,0,-0.0759012,0.0184094,-0.996945,0,0.526618,0.0102753,0.0406913,1,0.533915,-35.3912,0.560801,15.0138,0.142272,1.15248,-0.0629735,-80.3385,40.0117,93.153,-86.0331,13.3956,-30.5654,-57.2233,0.0243869,0.489913,-0.00614049,-2.2268,0.0473347,2.6406,-0.841342,0.000149071,-0.277449,-0.000110955,-0.549677,-0.00454816,0.26049,0.000555153,
2.722,0,0,0,0,0,0,0,0,0,0,0,0,0,0,0,0,-0.0314474,0.999283,0.0206037,0,0.996507,0.0329397,-0.0766156,0,-0.0772408,0.0181227,-0.996848,0,0.520874,0.0101082,0.0406488,1,0.533915,-35.054,0.485422,14.5377,0.123961,1.3603,-0.0767064,-20.3497,59.6105,-54.5537,-9.86402,-18.6223,-30.3866,-34.8728,0.024395,0.479715,-0.00610098,-2.24644,0.0473417,2.6487,-0.84135,0.000274801,-0.308218,0.00482875,-0.59745,0.000465495,0.215304,-0.000294152,
2.756,0,0,0,0,0,0,0,0,0,0,0,0,0,0,0,0,-0.0312059,0.999297,0.0203146,0,0.99644,0.0326939,-0.077582,0,-0.0781932,0.0178216,-0.996779,0,0.51491,0.00990167,0.0407963,1,0.498209,-35.0143,0.600474,15.3431,0.112059,1.49123,-0.103257,-1.8315,61.8249,56.6778,143.88,9.51762,13.1632,-94.5963,0.0243776,0.468636,-0.0060909,-2.26711,0.0473632,2.65734,-0.841353,0.000669372,-0.329561,0.000534179,-0.625701,0.000570246,0.268118,0.00141954,
2.79,0,0,0,0,0,0,0,0,0,0,0,0,0,0,0,0,-0.0310734,0.999307,0.0200226,0,0.9964,0.032549,-0.0781593,0,-0.0787583,0.0175222,-0.99674,0,0.508761,0.00972945,0.0410093,1,0.422831,-34.3399,0.449717,14.5377,0.142272,1.28432,-0.0236058,0.888031,153.533,-35.3536,199.379,-8.36745,-24.2282,48.1035,0.024351,0.457056,-0.00599665,-2.28858,0.047365,2.66667,-0.841381,-0.00101503,-0.354004,0.000436815,-0.636493,-0.000737854,0.267289,-0.00193092,
2.824,0,0,0,0,0,0,0,0,0,0,0,0,0,0,0,0,-0.0308661,0.999319,0.0197423,0,0.996305,0.0323425,-0.0794429,0,-0.0800288,0.0172176,-0.996644,0,0.502282,0.00953655,0.0411274,1,0.573588,-33.9669,0.636179,14.4663,0.123961,1.48482,-0.0959325,37.7281,-20.1312,15.5007,-82.5301,29.4508,-31.8464,4.61893,0.0243259,0.445367,-0.00593605,-2.31047,0.0473802,2.67559,-0.841378,0.000638211,-0.357276,0.000183923,-0.64346,-0.000965788,0.266141,-0.00279341,
2.858,0,0,0,0,0,0,0,0,0,0,0,0,0,0,0,0,-0.0306763,0.99933,0.0194625,0,0.996214,0.0321514,-0.0806539,0,-0.0812272,0.0169149,-0.996552,0,0.495706,0.00933707,0.0414494,1,0.609293,-33.7408,0.560801,14.9027,0.0763536,1.78877,-0.0895238,-123.324,13.9238,-159.124,105.324,-0.56228,6.98078,125.58,0.0243141,0.433038,-0.00590129,-2.33269,0.0473958,2.68428,-0.841394,-0.000937565,-0.371045,0.00086726,-0.648819,5.68494e-05,0.2517,-0.00147938,
2.892,0,0,0,0,0,0,0,0,0,0,0,0,0,0,0,0,-0.0303926,0.999344,0.0192077,0,0.996041,0.0318848,-0.0828621,0,-0.0834218,0.0166136,-0.996376,0,0.488829,0.00909822,0.041614,1,0.720377,-32.9156,0.711558,14.1727,0.0461412,1.80983,-0.215867,-65.3754,-29.506,-83.63,-29.4714,1.25269,-57.651,0.0671158,0.0242602,0.420874,-0.00590463,-2.35496,0.0474093,2.69219,-0.841393,4.95131e-06,-0.359091,-0.000583408,-0.648687,-0.000191313,0.261915,0.00100404,
2.926,0,0,0,0,0,0,0,0,0,0,0,0,0,0,0,0,-0.0301183,0.999358,0.0188962,0,0.995994,0.0315965,-0.0835378,0,-0.0840829,0.0163048,-0.996325,0,0.482394,0.00885393,0.0420569,1,0.795756,-32.8402,0.671885,14.137,0.0214219,2.003,-0.235093,173.044,96.3235,24.9055,-133.483,-23.0118,73.0378,-52.8623,0.024194,0.408514,-0.00590862,-2.3768,0.0474264,2.701,-0.841396,-0.00399671,-0.349074,0.00376108,-0.648702,0.000889866,0.25271,0.00243241,
2.96,0,0,0,0,0,0,0,0,0,0,0,0,0,0,0,0,-0.0297896,0.999373,0.0186221,0,0.995861,0.0312729,-0.0852222,0,-0.0857528,0.0160066,-0.996188,0,0.475684,0.00858194,0.0423156,1,0.90684,-33.0664,0.89802,15.3788,-0.00238179,2.45894,-0.175583,158.888,42.4454,162.238,-154.845,-7.62742,74.5286,19.5145,0.0240809,0.396433,-0.0059303,-2.39859,0.0474434,2.70903,-0.841411,-0.00518766,-0.325152,0.000657377,-0.631298,3.96734e-06,0.219681,-0.00193153,
2.994,0,0,0,0,0,0,0,0,0,0,0,0,0,0,0,0,-0.0294083,0.99939,0.0183158,0,0.995818,0.030877,-0.0858731,0,-0.0863879,0.0157141,-0.996138,0,0.469366,0.0082689,0.0426512,1,0.982218,-32.1261,0.89802,13.9902,-0.0261855,2.16231,-0.235093,67.8061,-11.835,-61.2729,303.216,2.6818,-13.3724,30.1664,0.0238422,0.38469,-0.00592376,-2.41967,0.0474567,2.71773,-0.841453,-0.00758308,-0.331879,-0.00290413,-0.596349,-0.000320881,0.269979,-0.00466608,
3.028,0,0,0,0,0,0,0,0,0,0,0,0,0,0,0,0,-0.0293443,0.999397,0.0180519,0,0.99571,0.0308101,-0.0871429,0,-0.0876482,0.0154176,-0.996032,0,0.462942,0.0080091,0.0428246,1,0.982218,-32.2412,1.04878,13.8791,-0.044496,2.16872,-0.314744,-70.1088,44.121,69.3974,-54.4697,17.0265,-5.92349,-13.6496,0.0237061,0.373397,-0.00591859,-2.44043,0.0474669,2.72592,-0.841708,-0.00445245,-0.315793,-0.0015821,-0.599975,-7.26551e-05,0.224832,0.00128293,
3.06,0,0,0,0,0,0,0,0,0,0,0,0,0,0,0,0,-0.0291148,0.999408,0.0177825,0,0.99562,0.0305745,-0.0882436,0,-0.0887368,0.0151357,-0.99594,0,0.457035,0.00775419,0.0428569,1,0.90684,-31.5628,0.937693,13.7363,-0.0563979,2.21724,-0.301926,-26.3499,140.289,-92.489,136.859,3.00055,-44.0258,20.924,0.0235285,0.363427,-0.00589494,-2.45936,0.0474691,2.73379,-0.841798,-0.00613551,-0.326397,0.00225933,-0.586481,2.99123e-05,0.276788,-0.00414887,
3.097,0,0,0,0,0,0,0,0,0,0,0,0,0,0,0,0,-0.029022,0.999418,0.0173932,0,0.995649,0.0304434,-0.0879569,0,-0.0884369,0.0147652,-0.995972,0,0.450854,0.00751399,0.0428848,1,0.871134,-31.1502,0.89802,13.7363,-0.0325942,2.13393,-0.288193,-40.8851,95.1432,-71.0835,-46.3694,-2.14399,-11.4489,45.1491,0.0234391,0.352838,-0.00586325,-2.48001,0.0474706,2.74416,-0.841935,-0.0024559,-0.291389,0.00105471,-0.576442,-1.745e-05,0.265548,-0.00665068,
3.131,0,0,0,0,0,0,0,0,0,0,0,0,0,0,0,0,-0.0288602,0.999428,0.0170563,0,0.995634,0.0302557,-0.0881909,0,-0.0886582,0.0144369,-0.995957,0,0.445279,0.00732271,0.0427372,1,0.90684,-30.3647,1.0091,14.0616,-0.0866103,2.43788,-0.361435,29.8119,12.8027,73.1394,31.0915,-11.8327,60.9135,1.65867,0.0233852,0.343953,-0.00581729,-2.49808,0.0474757,2.75312,-0.841938,-0.000146974,-0.244835,0.00287199,-0.515378,0.000445079,0.283739,0.000783886,
3.165,0,0,0,0,0,0,0,0,0,0,0,0,0,0,0,0,-0.028701,0.999439,0.0166749,0,0.995685,0.0300561,-0.0876846,0,-0.0881383,0.0140866,-0.996009,0,0.440151,0.00711234,0.0425401,1,1.01792,-30.813,1.0091,13.772,-0.093019,2.36922,-0.328476,157.427,105.027,113.847,102.635,5.35275,-22.219,-5.2488,0.0233134,0.33592,-0.00579781,-2.51505,0.0474775,2.76258,-0.84197,-0.00562406,-0.21732,0.000689862,-0.480205,6.79555e-05,0.252566,-0.00263965,
3.199,0,0,0,0,0,0,0,0,0,0,0,0,0,0,0,0,-0.028583,0.999448,0.0163682,0,0.995673,0.0299142,-0.0878735,0,-0.0883163,0.0137859,-0.995997,0,0.435339,0.00694923,0.0422915,1,1.16868,-30.5511,1.15986,13.0381,-0.123231,2.25844,-0.347703,131.617,-40.7535,178.734,-144.534,12.661,-35.7205,55.7845,0.0232765,0.328742,-0.00575741,-2.53042,0.0474852,2.77059,-0.841983,-0.00359213,-0.199443,-0.000758901,-0.438988,-0.000360923,0.238214,-0.00212535,
3.233,0,0,0,0,0,0,0,0,0,0,0,0,0,0,0,0,-0.0284919,0.999456,0.0160124,0,0.995739,0.0297824,-0.0871618,0,-0.0875929,0.0134611,-0.996065,0,0.431127,0.00677974,0.041973,1,1.0933,-29.4244,1.15986,12.8952,-0.128725,2.25203,-0.407212,-60.7756,163.368,61.3657,-47.403,-11.958,17.9908,-84.6188,0.0232336,0.322698,-0.00573197,-2.54431,0.0474827,2.77917,-0.842018,-0.00241068,-0.177722,-0.000164699,-0.393851,-0.000124389,0.25085,0.000239204,
3.267,0,0,0,0,0,0,0,0,0,0,0,0,0,0,0,0,-0.0285715,0.999458,0.0157303,0,0.995774,0.0298314,-0.0867453,0,-0.0871692,0.0131856,-0.996106,0,0.427344,0.00668101,0.0415425,1,1.01792,-29.2379,1.19953,12.8199,-0.123231,2.18245,-0.347703,-152.387,36.7383,61.3567,-187.863,9.71113,42.1322,40.7038,0.0231991,0.317811,-0.00560388,-2.55649,0.0474845,2.78689,-0.842112,-0.00205869,-0.138328,0.00157967,-0.34201,-0.00040044,0.227394,-0.00191265,
3.301,0,0,0,0,0,0,0,0,0,0,0,0,0,0,0,0,-0.0286154,0.999462,0.0154465,0,0.995878,0.0298348,-0.0855377,0,-0.0859541,0.0129354,-0.996215,0,0.42434,0.00661228,0.0412374,1,0.831461,-29.4244,0.937693,12.9667,-0.116823,2.38295,-0.374253,-21.4771,167.824,-16.8774,-106.441,17.0216,6.12003,43.3694,0.0231752,0.31374,-0.00545767,-2.56672,0.0474849,2.79427,-0.842119,0.000662727,-0.106194,0.00583536,-0.279315,-0.000214157,0.214776,-0.000836761,
3.335,0,0,0,0,0,0,0,0,0,0,0,0,0,0,0,0,-0.0286117,0.999466,0.0151886,0,0.995982,0.0297937,-0.0843437,0,-0.0847528,0.0127146,-0.996321,0,0.421943,0.00653883,0.0409113,1,1.16868,-29.4998,1.12416,12.8556,-0.141542,2.25203,-0.394394,149.4,-71.9716,-49.2545,-210.84,2.01582,31.7425,-52.7283,0.0231322,0.310758,-0.00534411,-2.57495,0.0474888,2.80072,-0.842116,-0.0035281,-0.0688858,0.00555199,-0.203956,-4.84017e-05,0.159067,9.9747e-05,
3.369,0,0,0,0,0,0,0,0,0,0,0,0,0,0,0,0,-0.0284407,0.999474,0.0149809,0,0.996032,0.0295991,-0.0838158,0,-0.0842167,0.0125379,-0.996369,0,0.420114,0.00640906,0.0405247,1,1.24009,-28.9364,1.34632,12.3835,-0.201967,2.10646,-0.441086,22.1539,88.7257,74.9255,-176.493,-1.48828,16.577,8.86099,0.0230086,0.308993,-0.00533345,-2.58087,0.0474949,2.80542,-0.842115,-0.00632643,-0.0380112,-0.000900904,-0.151996,0.000498688,0.134253,0.000872071,
3.403,0,0,0,0,0,0,0,0,0,0,0,0,0,0,0,0,-0.0284299,0.999477,0.0147816,0,0.996194,0.0295476,-0.0818892,0,-0.0822847,0.0123975,-0.996532,0,0.419393,0.00635532,0.0402466,1,1.16868,-28.9007,1.15986,11.9788,-0.171754,2.00941,-0.433762,16.3673,49.4545,-112.387,34.1782,2.94031,30.4436,-38.9972,0.0228842,0.308497,-0.00520397,-2.58422,0.047491,2.81022,-0.842126,-0.0018045,0.000630283,0.00642954,-0.059239,-0.000359097,0.132993,0.00205663,
3.437,0,0,0,0,0,0,0,0,0,0,0,0,0,0,0,0,-0.0287414,0.999468,0.0147522,0,0.996272,0.0298423,-0.0808188,0,-0.0812177,0.0123746,-0.99662,0,0.419359,0.00645056,0.0400288,1,0.871134,-29.4998,0.973398,12.1613,-0.116823,2.20351,-0.301926,-47.0013,69.835,-113.094,46.3676,-15.8936,-9.05372,-14.9026,0.0228589,0.309017,-0.00493524,-2.58487,0.0474861,2.81246,-0.842211,-0.00335055,0.0172515,0.00776926,0.00225284,-0.00044647,0.0377092,-0.00726695,
3.471,0,0,0,0,0,0,0,0,0,0,0,0,0,0,0,0,-0.0290353,0.999459,0.0148091,0,0.996279,0.0301375,-0.0806263,0,-0.0810305,0.0124133,-0.996634,0,0.419472,0.00655465,0.039893,1,0.795756,-29.5752,0.862314,12.2367,-0.123231,2.25203,-0.301926,-38.2418,134.971,-57.6084,95.8128,-10.8274,3.26831,44.8341,0.0228328,0.309613,-0.0046928,-2.58453,0.0474904,2.81291,-0.842306,-0.000768614,0.0102156,0.00379512,0.0117411,0.000293395,0.00309276,-0.000980455,
3.505,0,0,0,0,0,0,0,0,0,0,0,0,0,0,0,0,-0.0291832,0.999454,0.0148512,0,0.996281,0.0302874,-0.0805494,0,-0.0809568,0.0124455,-0.99664,0,0.419609,0.00662083,0.039856,1,0.795756,-29.6148,1.0091,12.2367,-0.0994277,2.27949,-0.268052,-175.269,-84.1248,149.876,-16.2346,24.135,-1.55808,59.6614,0.0228212,0.309941,-0.0045524,-2.58411,0.0474876,2.8129,-0.842327,0.000999832,0.0108725,0.00127355,0.0174172,-0.000380017,-0.00182083,-0.00111292,
3.539,0,0,0,0,0,0,0,0,0,0,0,0,0,0,0,0,-0.0291529,0.999455,0.0148664,0,0.996293,0.0302567,-0.0804043,0,-0.0808119,0.0124675,-0.996651,0,0.419707,0.00657725,0.0399105,1,1.01792,-29.1626,1.08448,12.2367,-0.116823,2.32069,-0.242417,6.31703,20.1899,-103.233,-130.746,1.61588,27.9106,144.768,0.0226878,0.309904,-0.0045325,-2.58393,0.0474895,2.81282,-0.84241,-0.00093944,-0.00096325,0.000367988,0.000720964,0.000143839,-0.00243653,-0.0108414,
3.573,0,0,0,0,0,0,0,0,0,0,0,0,0,0,0,0,-0.0292556,0.999451,0.0149035,0,0.996289,0.0303622,-0.0804132,0,-0.0808231,0.0124959,-0.99665,0,0.419713,0.00655481,0.0399101,1,0.90684,-29.4641,0.973398,12.1613,-0.093019,2.29323,-0.294602,75.3774,-69.2455,-114.91,-19.5421,0.520044,1.63034,-33.808,0.0225466,0.309915,-0.00445806,-2.58391,0.047487,2.8128,-0.842581,-0.00228087,0.00286842,0.00606405,0.00383775,-0.000275919,6.25051e-05,-0.000926781,
3.607,0,0,0,0,0,0,0,0,0,0,0,0,0,0,0,0,-0.0293326,0.999448,0.014941,0,0.996289,0.0304416,-0.080387,0,-0.080799,0.0125278,-0.996652,0,0.419729,0.00658005,0.0399159,1,0.942545,-29.3887,1.0091,12.201,-0.104921,2.29964,-0.275376,163.656,73.5038,37.7077,106.119,-18.448,20.6028,-24.2672,0.0224765,0.30992,-0.00434686,-2.58388,0.0474884,2.8128,-0.842623,-0.00170078,-0.00160216,0.00116811,-0.000491343,0.000569735,-0.000284723,-0.000514328,
3.641,0,0,0,0,0,0,0,0,0,0,0,0,0,0,0,0,-0.0293597,0.999447,0.0149727,0,0.996297,0.0304698,-0.0802814,0,-0.0806948,0.0125605,-0.99666,0,0.4198,0.00659356,0.039959,1,1.01792,-29.0872,1.12416,12.201,-0.093019,2.32069,-0.328476,115.583,65.8381,148.552,-20.3884,1.09782,-6.47703,-37.8492,0.0223933,0.309882,-0.0042521,-2.58375,0.047487,2.81273,-0.84264,-0.00502286,-0.00015901,0.00584427,0.00176697,0.000331507,-0.00921477,0.00167298,
3.675,0,0,0,0,0,0,0,0,0,0,0,0,0,0,0,0,-0.0295318,0.999441,0.0150287,0,0.996293,0.0306456,-0.0802563,0,-0.0806735,0.0126031,-0.996661,0,0.419852,0.00666757,0.039981,1,0.831461,-29.2379,0.822641,12.2724,-0.0563979,2.30696,-0.301926,99.7991,59.6657,-106.671,55.6221,1.57042,19.4804,-13.1321,0.0223694,0.309893,-0.0040849,-2.58361,0.0474798,2.81263,-0.842668,-0.0021802,-0.000464347,0.00549271,0.00286462,-0.000181694,-0.00640981,2.29114e-05,
3.708,0,0,0,0,0,0,0,0,0,0,0,0,0,0,0,0,-0.0296852,0.999436,0.0150878,0,0.996293,0.0308025,-0.0801975,0,-0.0806186,0.0126515,-0.996665,0,0.419889,0.00674613,0.0400076,1,0.720377,-29.0118,0.862314,12.1613,-0.044496,2.30696,-0.202134,-69.9295,32.6155,10.0121,57.278,14.3189,-24.6509,19.1067,0.0223328,0.309861,-0.00389535,-2.58354,0.047478,2.81259,-0.842675,7.42004e-05,-0.00103338,0.00540195,0.00332299,7.48299e-05,-0.00110613,-0.00196685,
3.746,0,0,0,0,0,0,0,0,0,0,0,0,0,0,0,0,-0.0297978,0.999432,0.0151381,0,0.996288,0.0309191,-0.0802178,0,-0.0806418,0.0126918,-0.996662,0,0.419896,0.00681065,0.040012,1,0.609293,-29.0515,0.862314,12.2724,-0.044496,2.29323,-0.261643,-129.629,88.4044,244.646,169.231,-1.75681,4.51984,-15.7942,0.0223057,0.309861,-0.00374165,-2.58351,0.0474816,2.81253,-0.842671,0.00139174,0.00149146,0.00189613,-0.000541012,0.000157454,-0.000258497,0.00135291,
3.78,0,0,0,0,0,0,0,0,0,0,0,0,0,0,0,0,-0.0298935,0.999428,0.0151792,0,0.99629,0.0310169,-0.0801503,0,-0.0805769,0.0127272,-0.996667,0,0.419917,0.00685948,0.0400394,1,0.795756,-28.9364,0.786936,12.201,-0.0261855,2.26576,-0.215867,90.9525,0.0659835,-88.081,-51.7147,-2.84247,-20.5643,-19.1196,0.0222615,0.3098,-0.00360499,-2.5835,0.0474793,2.81253,-0.842678,-0.00214161,-0.00247589,0.00834741,0.000547481,3.94208e-05,0.000181538,-0.000361782,
3.814,0,0,0,0,0,0,0,0,0,0,0,0,0,0,0,0,-0.0300234,0.999423,0.0152361,0,0.996293,0.0311501,-0.0800718,0,-0.0805018,0.0127759,-0.996673,0,0.41994,0.00692406,0.0400842,1,0.573588,-28.9007,0.671885,12.2724,0.0159288,2.29323,-0.109665,123.029,28.6977,-82.1313,10.5584,11.9126,8.92466,154.128,0.0221988,0.309685,-0.00342118,-2.5835,0.0474749,2.8125,-0.84269,-0.00247418,-0.00363253,0.00641899,-0.000858015,-0.000657498,-0.000882424,-0.00410939,
3.848,0,0,0,0,0,0,0,0,0,0,0,0,0,0,0,0,-0.0302995,0.999414,0.015321,0,0.996292,0.0314307,-0.0799647,0,-0.0804009,0.0128415,-0.99668,0,0.419969,0.00706154,0.0401508,1,0.236368,-28.8611,0.410044,12.3438,0.0763536,2.2859,-0.155442,-175.403,-38.8256,76.1878,146.266,-23.7891,-5.68843,-16.5923,0.0221956,0.309508,-0.00314051,-2.58352,0.0474645,2.81244,-0.84269,0.00169215,-0.010001,0.0112249,-0.00113235,0.000174858,-0.00358567,0.000405125,
3.882,0,0,0,0,0,0,0,0,0,0,0,0,0,0,0,0,-0.030688,0.9994,0.0154262,0,0.996289,0.031825,-0.079854,0,-0.0802986,0.0129187,-0.996687,0,0.420008,0.00723266,0.0402588,1,0.049906,-28.7143,0.187876,12.3835,0.136778,2.32802,-0.0831151,-102.175,47.0326,24.6387,103.401,-11.4915,6.95775,68.2513,0.0222227,0.309215,-0.00282032,-2.58353,0.0474519,2.81227,-0.842731,0.000928252,-0.0077224,0.00498597,-0.00112499,0.000312237,-0.0031251,-0.00150616,
3.916,0,0,0,0,0,0,0,0,0,0,0,0,0,0,0,0,-0.0310774,0.999386,0.0155436,0,0.996279,0.0322222,-0.0798206,0,-0.080274,0.0130054,-0.996688,0,0.420032,0.00742287,0.0403587,1,-0.136556,-28.7143,-0.0382594,12.3438,0.178893,2.29964,-0.0300145,-108.423,38.8281,45.0002,-88.5841,11.9765,-10.6619,37.0103,0.0222619,0.308934,-0.00247213,-2.58353,0.0474472,2.81202,-0.842742,-0.000165018,-0.00698953,0.0106638,-0.00103337,0.000132033,-0.00746041,-0.00266839,
3.95,0,0,0,0,0,0,0,0,0,0,0,0,0,0,0,0,-0.0313007,0.999378,0.0156343,0,0.996272,0.032452,-0.0798147,0,-0.080274,0.013078,-0.996687,0,0.420038,0.00754495,0.0404361,1,0.049906,-28.6746,0.037119,12.4192,0.178893,2.2859,-0.0895238,51.2342,33.9036,-106.459,91.6952,-10.4705,-16.8402,-22.1805,0.0222341,0.308697,-0.00220374,-2.58356,0.0474473,2.81182,-0.842735,-0.000665877,-0.00696759,0.0105592,-0.000433961,-5.76736e-05,-0.00659084,0.000948432,
3.984,0,0,0,0,0,0,0,0,0,0,0,0,0,0,0,0,-0.0314459,0.999373,0.0156906,0,0.996266,0.0326014,-0.0798226,0,-0.0802856,0.0131222,-0.996686,0,0.420048,0.00762139,0.0404881,1,0.049906,-28.75,0.148203,12.3438,0.178893,2.30696,-0.0428319,6.53547,14.5596,7.63725,-51.8055,-13.5721,-1.3975,57.7768,0.0222261,0.30855,-0.00204479,-2.58355,0.0474476,2.81166,-0.842736,1.38485e-05,-0.00475414,0.00614082,0.000953439,4.9985e-05,-0.0016344,-0.00140338,
4.018,0,0,0,0,0,0,0,0,0,0,0,0,0,0,0,0,-0.0315355,0.999369,0.0157305,0,0.996261,0.0326944,-0.0798528,0,-0.0803183,0.0131538,-0.996682,0,0.420041,0.00766988,0.0404954,1,0.049906,-28.7857,0.187876,12.4549,0.184386,2.27949,-0.00346424,-115.248,-51.2507,-79.5194,114.139,-1.72449,3.07406,16.2777,0.022199,0.308519,-0.00192328,-2.58356,0.0474478,2.81161,-0.842737,-9.52967e-05,0.00040428,0.00166848,-0.000561232,-0.000233552,-0.000257872,-0.00203306,
4.052,0,0,0,0,0,0,0,0,0,0,0,0,0,0,0,0,-0.0315425,0.999369,0.0157444,0,0.996255,0.0327033,-0.0799153,0,-0.0803813,0.0131649,-0.996677,0,0.420023,0.00768392,0.0404919,1,0.16099,-28.6746,0.148203,12.2724,0.166991,2.2383,-0.0959325,189.214,-58.763,-45.875,-10.7346,17.8044,-10.431,-60.7045,0.0221875,0.30851,-0.00188527,-2.58357,0.0474486,2.81155,-0.84272,-0.00181364,0.000767295,0.000165862,-0.000264235,-0.000284217,-0.000311981,0.00249312,
4.086,0,0,0,0,0,0,0,0,0,0,0,0,0,0,0,0,-0.0315058,0.99937,0.0157405,0,0.996256,0.0326664,-0.07992,0,-0.0803854,0.0131639,-0.996677,0,0.420019,0.00766505,0.0404914,1,0.236368,-28.6746,0.29896,12.3835,0.160582,2.2383,-0.00346424,-1.83124,-113.36,140.517,187.038,-9.20249,17.9059,52.8174,0.0221601,0.308505,-0.00190009,-2.58358,0.0474493,2.81155,-0.842726,2.57267e-05,0.00164688,-0.000588002,-0.00182561,-0.00106041,0.0010467,-0.00156524,
4.12,0,0,0,0,0,0,0,0,0,0,0,0,0,0,0,0,-0.0314843,0.999371,0.0157398,0,0.996256,0.032645,-0.0799269,0,-0.0803919,0.0131647,-0.996676,0,0.420017,0.00766007,0.0404895,1,0.276041,-28.7143,0.223581,12.3835,0.154173,2.25844,-0.0767064,98.1157,-95.8483,-125.971,1.27821,0.712393,7.80905,-11.2819,0.0221496,0.308509,-0.00190121,-2.58359,0.04745,2.81155,-0.842716,-0.000831708,0.000851259,0.000500181,-0.000414237,0.0029565,-0.000249383,0.00136185,
4.154,0,0,0,0,0,0,0,0,0,0,0,0,0,0,0,0,-0.0315075,0.99937,0.0157406,0,0.996257,0.0326679,-0.0799073,0,-0.0803727,0.0131642,-0.996678,0,0.420022,0.00766591,0.0404977,1,0.125284,-28.5635,0.187876,12.3438,0.160582,2.2447,0.0230861,-65.7638,-77.4354,-27.8531,39.19,10.0779,-8.90638,42.1665,0.0221612,0.308488,-0.00189941,-2.58359,0.0474493,2.81155,-0.842725,0.0015259,0.000275247,0.00109281,-5.76946e-05,-0.000123473,0.000525017,-0.0023128,
4.188,0,0,0,0,0,0,0,0,0,0,0,0,0,0,0,0,-0.0314985,0.99937,0.0157401,0,0.996259,0.0326587,-0.0798871,0,-0.0803524,0.0131652,-0.99668,0,0.420027,0.00766466,0.0405054,1,0.236368,-28.4485,0.187876,12.3438,0.166991,2.22365,-0.0629735,168.092,161.872,-138.348,6.98029,3.6729,-23.6167,-42.1814,0.0221559,0.30847,-0.00189768,-2.58359,0.0474485,2.81155,-0.842719,-0.00175007,-0.000581927,0.000766321,-0.000522971,-0.00013543,0.000565932,0.00117621,
4.222,0,0,0,0,0,0,0,0,0,0,0,0,0,0,0,0,-0.0315128,0.99937,0.0157411,0,0.996258,0.0326731,-0.0798929,0,-0.0803584,0.0131648,-0.996679,0,0.420025,0.00766737,0.040503,1,0.16099,-28.5238,0.187876,12.3438,0.166991,2.22365,0.00935314,129.65,3.9889,-35.5226,24.2969,15.805,-20.281,43.3954,0.0221611,0.308475,-0.00189653,-2.58359,0.0474484,2.81155,-0.842727,-0.000336701,-0.000123577,-0.000298867,0.000330318,-0.000238283,0.000283936,-0.00242072,
4.256,0,0,0,0,0,0,0,0,0,0,0,0,0,0,0,0,-0.0315288,0.999369,0.0157427,0,0.996259,0.032689,-0.0798811,0,-0.0803469,0.0131655,-0.99668,0,0.420028,0.00767383,0.0405086,1,0.0895788,-28.4485,0.187876,12.3835,0.160582,2.23097,0.0294947,-0.566442,-147.303,22.8981,144.239,-13.2303,-14.9881,19.7079,0.0221715,0.30846,-0.00189231,-2.58359,0.0474493,2.81155,-0.842729,9.81729e-05,0.000583482,-0.000357472,-0.000396838,0.000244257,9.761e-05,-0.00235769,
4.29,0,0,0,0,0,0,0,0,0,0,0,0,0,0,0,0,-0.0315282,0.999369,0.015744,0,0.996259,0.0326884,-0.0798732,0,-0.080339,0.0131671,-0.996681,0,0.42003,0.00767431,0.0405111,1,0.16099,-28.4485,0.112497,12.4192,0.160582,2.23097,0.0230861,65.3215,17.0247,-77.9012,122.193,-4.20033,-11.2209,20.1703,0.0221664,0.308454,-0.00188702,-2.58359,0.0474493,2.81155,-0.842728,0.00545398,0.00117309,0.00160789,-0.000843693,-3.59097e-05,0.000157709,-0.00105222,
4.324,0,0,0,0,0,0,0,0,0,0,0,0,0,0,0,0,-0.0315253,0.999369,0.0157421,0,0.996258,0.0326855,-0.0798863,0,-0.080352,0.013165,-0.99668,0,0.420026,0.00767514,0.0405072,1,0.0142004,-28.5238,0.187876,12.3835,0.166991,2.2383,-0.0364232,-246.723,91.6207,138.675,88.6286,12.6232,5.51976,7.08733,0.0221746,0.308462,-0.00189231,-2.58359,0.0474486,2.81155,-0.842722,0.00235295,-0.00137968,-0.00215959,-0.00096844,-0.000287286,-0.000144291,0.000748799,
4.358,0,0,0,0,0,0,0,0,0,0,0,0,0,0,0,0,-0.0315181,0.99937,0.015743,0,0.99626,0.0326782,-0.0798741,0,-0.0803397,0.0131669,-0.996681,0,0.42003,0.00767222,0.0405122,1,0.16099,-28.4128,0.148203,12.3438,0.160582,2.2447,-0.0300145,-10.4809,-74.3838,-116.141,-61.8675,-11.4828,8.68451,29.0576,0.0221642,0.308451,-0.00188953,-2.58359,0.0474489,2.81155,-0.842723,-8.67125e-05,0.000362249,0.00106119,0.000305286,-4.29074e-05,2.86416e-05,-0.000345147,
4.392,0,0,0,0,0,0,0,0,0,0,0,0,0,0,0,0,-0.0315391,0.999369,0.0157447,0,0.996257,0.0326996,-0.0798957,0,-0.0803617,0.0131662,-0.996679,0,0.420021,0.00768004,0.0405039,1,0.0142004,-28.5992,0.112497,12.4192,0.166991,2.2383,-0.00346424,-95.1625,-141.281,-61.7736,44.6721,19.0843,-23.5127,40.6497,0.0221779,0.308467,-0.00188486,-2.5836,0.0474486,2.81155,-0.842726,0.00175255,0.000970242,0.00101475,-0.000303499,-1.49871e-05,0.000249061,-0.001614,
4.427,0,0,0,0,0,0,0,0,0,0,0,0,0,0,0,0,-0.031509,0.99937,0.0157418,0,0.996259,0.0326693,-0.079887,0,-0.0803525,0.013166,-0.99668,0,0.420025,0.00766951,0.0405082,1,0.200663,-28.4881,0.223581,12.3438,0.166991,2.25203,-0.0629735,11.4317,86.6664,161.87,-70.6362,8.72252,7.01319,-7.67087,0.0221616,0.308457,-0.00189266,-2.5836,0.0474486,2.81155,-0.842719,-0.00030785,-0.000534613,-0.000627592,0.00411714,-3.19776e-05,-0.000253872,0.00137287,
4.461,0,0,0,0,0,0,0,0,0,0,0,0,0,0,0,0,-0.0315253,0.999369,0.0157452,0,0.996258,0.0326859,-0.0798928,0,-0.0803586,0.0131679,-0.996679,0,0.420022,0.00767583,0.0405065,1,0.125284,-28.4881,0.112497,12.3835,0.154173,2.25203,-0.0236058,36.749,81.1774,-79.9001,57.4999,-1.15755,-7.65143,14.8601,0.0221669,0.308459,-0.00188409,-2.5836,0.04745,2.81155,-0.842723,8.79284e-05,-0.000506778,0.00121279,-0.000457685,0.000261578,0.000302561,-0.000274774,
4.495,0,0,0,0,0,0,0,0,0,0,0,0,0,0,0,0,-0.0315304,0.999369,0.0157439,0,0.996257,0.0326909,-0.0798987,0,-0.0803645,0.013166,-0.996679,0,0.420019,0.00767758,0.0405049,1,0.125284,-28.5238,0.187876,12.4549,0.178893,2.25844,-0.0428319,86.376,97.9632,216.069,106.809,21.2742,-32.2313,-30.0165,0.0221732,0.30846,-0.00188592,-2.58361,0.0474472,2.81155,-0.842721,-0.00179431,-0.000670167,-0.00173263,-0.000506278,-0.000416899,0.0003961,0.00109679,
4.529,0,0,0,0,0,0,0,0,0,0,0,0,0,0,0,0,-0.0315249,0.999369,0.0157449,0,0.996256,0.0326857,-0.0799095,0,-0.0803752,0.0131671,-0.996678,0,0.420016,0.00767518,0.0405005,1,0.200663,-28.6389,0.148203,12.4192,0.166991,2.26576,-0.0300145,129.049,-115.304,37.7934,-10.4831,1.77642,15.3725,-24.2122,0.0221648,0.308471,-0.00188346,-2.58361,0.0474475,2.81154,-0.842722,-0.000112458,0.0016734,0.000177231,-0.000344759,-7.58106e-05,1.08065e-05,0.00057874,
4.563,0,0,0,0,0,0,0,0,0,0,0,0,0,0,0,0,-0.0315174,0.99937,0.0157443,0,0.996257,0.0326782,-0.0799081,0,-0.0803738,0.0131671,-0.996678,0,0.420017,0.00767357,0.0405015,1,0.16099,-28.5992,0.148203,12.4192,0.160582,2.27217,-0.0565648,-112.124,-59.7866,-44.3545,75.636,-7.36445,28.7954,-26.4821,0.0221643,0.308468,-0.00188633,-2.58361,0.0474493,2.81154,-0.84272,0.00105962,8.30095e-05,0.000978263,0.0028135,0.000273886,-0.000448279,0.0011525,
4.597,0,0,0,0,0,0,0,0,0,0,0,0,0,0,0,0,-0.0315106,0.99937,0.0157428,0,0.996256,0.0326714,-0.0799184,0,-0.0803839,0.0131658,-0.996677,0,0.420014,0.0076698,0.0404972,1,0.200663,-28.7143,0.187876,12.4192,0.154173,2.27217,-0.0501561,-112.35,49.6563,-120.096,94.4447,-13.4894,-1.47962,32.1602,0.0221615,0.308478,-0.00189148,-2.58361,0.0474489,2.81154,-0.84272,0.000637901,0.000157285,0.000582872,-0.000436976,1.49472e-05,0.000133802,0.00077464,
4.631,0,0,0,0,0,0,0,0,0,0,0,0,0,0,0,0,-0.0314823,0.999371,0.0157388,0,0.996256,0.0326429,-0.0799277,0,-0.0803927,0.0131639,-0.996676,0,0.420013,0.0076548,0.0404912,1,0.276041,-28.8611,0.29896,12.3438,0.154173,2.2447,-0.00346424,-133.736,-18.5145,47.039,-87.7976,-1.22321,2.03995,81.752,0.0221435,0.308496,-0.00190648,-2.5836,0.04745,2.81155,-0.842726,0.00325027,-0.000434275,0.000269375,0.000749616,0.00029994,0.000246649,-0.001398,
4.665,0,0,0,0,0,0,0,0,0,0,0,0,0,0,0,0,-0.0314541,0.999372,0.0157351,0,0.996259,0.0326142,-0.0799024,0,-0.0803669,0.0131633,-0.996678,0,0.420021,0.00764214,0.0405009,1,0.387125,-28.5992,0.29896,12.3438,0.14868,2.23097,-0.0236058,94.2623,23.2695,-46.235,-35.7368,1.43042,-26.2057,17.2041,0.0221228,0.308475,-0.00191502,-2.5836,0.0474474,2.81155,-0.842723,-0.00034898,-0.000810593,0.000958471,0.000811367,-0.0106045,0.000563828,-0.00126335,
4.699,0,0,0,0,0,0,0,0,0,0,0,0,0,0,0,0,-0.0314712,0.999371,0.0157374,0,0.996259,0.0326314,-0.079902,0,-0.0803668,0.0131642,-0.996678,0,0.420019,0.00765048,0.0405021,1,0.236368,-28.5635,0.263254,12.4192,0.154173,2.23097,-0.0171971,-45.1616,14.5733,18.2633,236.86,-9.43737,0.0829945,6.52507,0.0221366,0.308468,-0.00190967,-2.5836,0.04745,2.81155,-0.842724,0.000684074,-0.00015882,0.000385576,-0.00224816,0.000281261,0.00319748,-0.0013745,
4.733,0,0,0,0,0,0,0,0,0,0,0,0,0,0,0,0,-0.0314675,0.999371,0.0157369,0,0.99626,0.0326276,-0.0798919,0,-0.0803566,0.0131643,-0.996679,0,0.420024,0.00765066,0.0405036,1,0.276041,-28.5992,0.334665,12.2724,0.14868,2.20991,-0.0428319,188.32,80.7178,164.246,-120.863,-22.3031,-11.9488,-18.4852,0.022137,0.308471,-0.00190983,-2.58359,0.0474502,2.81155,-0.84272,-0.00112739,-0.000718728,0.000113192,0.00123906,-0.00510955,0.000145932,0.000106802,
4.767,0,0,0,0,0,0,0,0,0,0,0,0,0,0,0,0,-0.0314756,0.999371,0.0157385,0,0.996259,0.0326358,-0.0798925,0,-0.0803574,0.0131652,-0.996679,0,0.420024,0.00765602,0.0405022,1,0.236368,-28.6389,0.223581,12.3438,0.166991,2.20991,-0.0895238,101.751,-76.5239,-39.6053,75.1147,7.30795,-11.9133,-23.7722,0.0221399,0.308474,-0.00190124,-2.5836,0.0474486,2.81156,-0.842716,-0.0012677,0.000146447,1.72426e-05,0.000518324,-0.000176153,9.71801e-05,0.00143686,
4.801,0,0,0,0,0,0,0,0,0,0,0,0,0,0,0,0,-0.0314896,0.99937,0.0157403,0,0.99626,0.0326497,-0.0798827,0,-0.0803479,0.0131662,-0.99668,0,0.420027,0.00765731,0.0405056,1,0.236368,-28.5635,0.148203,12.2724,0.160582,2.20991,0.0166774,-63.8122,-88.3424,-216.802,-58.3183,-8.02333,-3.66546,24.864,0.0221399,0.308468,-0.00189876,-2.58359,0.0474493,2.81156,-0.842728,0.000133422,0.000456687,0.00238787,-0.0013089,2.75178e-06,0.000431704,-0.00200707,
4.835,0,0,0,0,0,0,0,0,0,0,0,0,0,0,0,0,-0.0314739,0.999371,0.0157366,0,0.996259,0.032634,-0.0798958,0,-0.0803606,0.0131634,-0.996679,0,0.420022,0.00765166,0.0405009,1,0.236368,-28.6746,0.334665,12.3438,0.160582,2.20351,0.00294445,28.1691,-33.1202,229.762,9.60873,5.15083,-24.5822,23.2197,0.0221398,0.308476,-0.00191004,-2.5836,0.0474493,2.81156,-0.842723,-0.0056489,0.00121225,-0.00198117,-0.000420067,0.000182709,0.00131496,-0.00155226,
4.869,0,0,0,0,0,0,0,0,0,0,0,0,0,0,0,0,-0.0314786,0.999371,0.0157382,0,0.99626,0.0326387,-0.079887,0,-0.080352,0.0131649,-0.99668,0,0.420025,0.00765599,0.0405038,1,0.236368,-28.5992,0.223581,12.3081,0.160582,2.19618,-0.0629735,-16.2009,53.6687,-43.6722,7.30181,1.75947,-8.90388,11.335,0.0221422,0.308471,-0.00190334,-2.5836,0.0474493,2.81156,-0.842719,-0.000361032,-0.000384967,0.000603453,0.000180399,-2.06096e-06,-3.15077e-05,0.000381142,
4.903,0,0,0,0,0,0,0,0,0,0,0,0,0,0,0,0,-0.0314776,0.999371,0.0157387,0,0.996261,0.0326375,-0.0798743,0,-0.0803393,0.0131659,-0.996681,0,0.420029,0.00765475,0.0405086,1,0.276041,-28.4881,0.223581,12.3081,0.160582,2.18245,-0.0428319,34.144,-48.0663,-44.535,-62.3457,-7.71374,-25.5817,26.1371,0.022137,0.30846,-0.00190154,-2.5836,0.0474493,2.81156,-0.842721,0.000413701,0.000386619,0.00116982,0.00103396,0.00013003,0.000517908,-6.59093e-05,
4.937,0,0,0,0,0,0,0,0,0,0,0,0,0,0,0,0,-0.0314965,0.99937,0.0157397,0,0.996261,0.0326564,-0.07987,0,-0.0803352,0.0131655,-0.996681,0,0.420029,0.00766505,0.0405089,1,0.0895788,-28.4881,0.187876,12.3081,0.160582,2.18245,-0.0831151,-226.011,56.1775,57.8749,15.9953,-15.371,-4.67726,-37.7728,0.0221555,0.30846,-0.00189626,-2.5836,0.0474493,2.81156,-0.842717,0.00289657,-0.000412574,0.000181691,0.00111674,0.000185416,4.41014e-05,0.00213158,
4.971,0,0,0,0,0,0,0,0,0,0,0,0,0,0,0,0,-0.0314859,0.999371,0.0157383,0,0.996261,0.0326457,-0.0798677,0,-0.0803328,0.013165,-0.996681,0,0.42003,0.00765976,0.0405092,1,0.236368,-28.4881,0.223581,12.3438,0.160582,2.16872,-0.0629735,-47.5591,69.4863,33.4522,161.658,-13.0297,-7.007,11.1461,0.0221484,0.30846,-0.00190097,-2.58359,0.0474493,2.81157,-0.842718,-0.000721364,-0.000410045,4.88162e-05,-0.000701923,0.000186216,0.000251086,0.000272085,
5.005,0,0,0,0,0,0,0,0,0,0,0,0,0,0,0,0,-0.0315053,0.99937,0.0157404,0,0.99626,0.0326652,-0.0798715,0,-0.0803369,0.0131655,-0.996681,0,0.420029,0.00766478,0.0405079,1,0.125284,-28.5238,0.187876,12.3438,0.166991,2.17604,-0.00346424,-78.8852,-36.0708,-33.6467,8.49042,12.8814,-11.0802,8.65521,0.022154,0.308462,-0.00189555,-2.5836,0.0474486,2.81156,-0.842726,0.00116522,0.000673211,-0.000981107,-0.000793797,-0.0002391,0.000168045,-0.00147297,
5.039,0,0,0,0,0,0,0,0,0,0,0,0,0,0,0,0,-0.0314744,0.999371,0.0157367,0,0.996262,0.032634,-0.0798584,0,-0.0803233,0.0131646,-0.996682,0,0.420035,0.00765179,0.0405112,1,0.311747,-28.4881,0.29896,12.2367,0.166991,2.15498,-0.0236058,-44.0594,132.012,2.8065,134.089,20.4015,-5.56481,-5.03193,0.0221356,0.30846,-0.0019065,-2.58359,0.0474486,2.81157,-0.842723,0.000507837,-0.00101381,-0.00056985,-4.42837e-05,-0.000274104,0.000218585,-0.00105272,
5.073,0,0,0,0,0,0,0,0,0,0,0,0,0,0,0,0,-0.0314554,0.999372,0.015736,0,0.996266,0.0326146,-0.0798249,0,-0.0802895,0.0131666,-0.996685,0,0.420049,0.00764294,0.0405201,1,0.458536,-28.3731,0.263254,12.201,0.166991,2.13393,-0.00346424,335.552,86.6294,-109.222,8.5124,3.9877,-18.2979,20.6914,0.022115,0.308449,-0.00190731,-2.58357,0.0474489,2.81157,-0.842726,-0.0024532,-0.000705139,0.00127574,4.54354e-05,-3.06516e-05,0.00021916,-0.0009833,
5.107,0,0,0,0,0,0,0,0,0,0,0,0,0,0,0,0,-0.0314949,0.99937,0.015739,0,0.996265,0.032654,-0.0798108,0,-0.0802761,0.0131669,-0.996686,0,0.420053,0.00766292,0.0405238,1,0.125284,-28.3374,0.148203,12.1613,0.160582,2.13393,-0.0501561,111.584,-18.2504,-43.0482,0.928741,4.38214,-7.96054,-68.4144,0.0221484,0.308443,-0.00189521,-2.58357,0.0474493,2.81158,-0.84272,0.000328126,0.000185245,0.000732326,0.00115167,0.00209039,4.12306e-05,0.000575548,
5.141,0,0,0,0,0,0,0,0,0,0,0,0,0,0,0,0,-0.0315032,0.99937,0.0157392,0,0.996269,0.0326617,-0.0797635,0,-0.0802288,0.013168,-0.996689,0,0.420073,0.00766738,0.0405401,1,0.16099,-28.2263,0.187876,12.0145,0.160582,2.12752,-0.0629735,-147.079,34.7914,-77.2369,-146.696,-19.8193,-12.773,2.09624,0.0221547,0.308416,-0.00189235,-2.58355,0.0474493,2.81158,-0.842719,0.000138586,-0.000517142,0.000286982,0.00166503,0.000190429,7.69262e-05,0.000823672,
5.175,0,0,0,0,0,0,0,0,0,0,0,0,0,0,0,0,-0.0314711,0.999371,0.015735,0,0.996271,0.032629,-0.0797465,0,-0.0802113,0.0131669,-0.996691,0,0.420082,0.00765039,0.0405442,1,0.276041,-28.262,0.263254,12.0542,0.14868,2.12019,0.0230861,-124.7,21.5882,-45.7339,136.469,-20.4987,6.25333,75.8847,0.022131,0.308415,-0.0019071,-2.58353,0.0474494,2.81158,-0.842724,0.00178094,-0.00131155,0.000620225,-0.00115717,0.000522742,0.000359821,-0.00282083,
5.209,0,0,0,0,0,0,0,0,0,0,0,0,0,0,0,0,-0.0314867,0.999371,0.0157359,0,0.996272,0.0326445,-0.0797328,0,-0.0801979,0.013167,-0.996692,0,0.420088,0.00765682,0.0405483,1,0.16099,-28.2263,0.223581,11.9788,0.160582,2.11378,0.0230861,-50.6925,-86.6377,-11.399,-60.0755,-7.62926,-23.9839,34.1277,0.0221419,0.30841,-0.00190359,-2.58352,0.0474493,2.81158,-0.842725,-0.00185628,0.00040775,0.000429197,0.000549374,0.000186887,0.000279363,-0.00258002,
5.243,0,0,0,0,0,0,0,0,0,0,0,0,0,0,0,0,-0.0315188,0.99937,0.015739,0,0.996274,0.0326762,-0.0796917,0,-0.0801573,0.0131689,-0.996695,0,0.420102,0.00767137,0.0405647,1,0.0895788,-28.1112,0.187876,11.9074,0.160582,2.12752,0.0230861,9.58302,-6.69344,102.25,-191.554,-14.4508,5.03383,7.1976,0.0221627,0.308376,-0.00189231,-2.58352,0.0474493,2.81158,-0.842725,0.000199203,-0.000876131,-0.0014303,0.00126922,0.000237056,7.7911e-05,-0.00198325,
5.277,0,0,0,0,0,0,0,0,0,0,0,0,0,0,0,0,-0.0315159,0.99937,0.0157406,0,0.996273,0.0326736,-0.0797048,0,-0.0801704,0.0131702,-0.996694,0,0.420098,0.00767108,0.0405597,1,0.200663,-28.262,0.148203,12.0145,0.160582,2.13393,-0.0236058,109.27,3.34941,-81.8987,99.6783,-17.4688,22.2267,34.7117,0.0221552,0.308386,-0.0018863,-2.58352,0.0474482,2.81158,-0.842723,-0.00160494,0.000346153,0.0017503,-0.00236638,0.000297342,-9.0803e-05,-0.00083567,
5.311,0,0,0,0,0,0,0,0,0,0,0,0,0,0,0,0,-0.0315132,0.99937,0.0157404,0,0.996273,0.032671,-0.0797127,0,-0.0801783,0.01317,-0.996694,0,0.420095,0.00766823,0.0405568,1,0.200663,-28.3017,0.187876,12.0145,0.160582,2.13393,0.0166774,112.934,-110.37,-6.42677,46.433,-15.9123,3.28963,18.3639,0.0221518,0.308392,-0.00188912,-2.58352,0.0474493,2.81158,-0.842728,0.00335233,0.0010287,-0.000320613,-0.000913277,0.000209541,-2.72468e-05,-0.00116904,
5.345,0,0,0,0,0,0,0,0,0,0,0,0,0,0,0,0,-0.0315258,0.999369,0.0157414,0,0.996273,0.0326836,-0.0797018,0,-0.0801676,0.0131703,-0.996694,0,0.420101,0.00767462,0.0405608,1,0.0895788,-28.2263,0.112497,11.9431,0.166991,2.15498,-0.00987293,-69.4633,82.8476,-72.2375,-58.1792,21.737,43.743,-8.81001,0.0221605,0.308387,-0.00188383,-2.58351,0.0474475,2.81158,-0.842725,0.0011904,-0.00141076,0.000765658,0.00017547,-0.000100281,-0.000479318,-0.000496487,
5.379,0,0,0,0,0,0,0,0,0,0,0,0,0,0,0,0,-0.0315038,0.99937,0.0157405,0,0.996272,0.0326618,-0.0797237,0,-0.0801892,0.0131705,-0.996693,0,0.420093,0.00766865,0.0405525,1,0.276041,-28.4485,0.148203,12.0145,0.166991,2.15498,-0.0767064,198.49,-116.435,-73.2286,58.094,-11.912,6.04829,-54.8371,0.0221496,0.308404,-0.00188633,-2.58352,0.0474486,2.81158,-0.842717,-0.00201875,0.000888768,0.000966271,-0.00148676,7.64087e-05,-0.000164172,0.00227622,
5.413,0,0,0,0,0,0,0,0,0,0,0,0,0,0,0,0,-0.0315111,0.99937,0.0157399,0,0.996271,0.0326691,-0.0797297,0,-0.0801952,0.0131691,-0.996692,0,0.420091,0.00766921,0.0405512,1,0.16099,-28.4128,0.187876,11.9788,0.172484,2.17604,-0.0364232,3.75321,48.2108,-69.2785,29.6581,27.0545,-1.22306,6.72711,0.0221545,0.308406,-0.00188938,-2.58352,0.0474476,2.81157,-0.842722,0.000834908,-0.00083625,0.00040864,-0.000385558,-0.000186114,-0.000166888,0.000120031,
5.447,0,0,0,0,0,0,0,0,0,0,0,0,0,0,0,0,-0.0315315,0.999369,0.0157425,0,0.99627,0.0326898,-0.0797367,0,-0.0802026,0.0131698,-0.996692,0,0.420088,0.00767666,0.0405504,1,0.049906,-28.4128,0.112497,12.0542,0.166991,2.20351,0.0166774,-71.3104,14.6152,59.6219,10.1044,7.57233,25.2427,64.2137,0.0221657,0.308404,-0.00188372,-2.58352,0.0474486,2.81157,-0.842727,-0.00542567,-0.000891091,0.000614814,0.000239311,-3.85737e-05,-0.000529675,-0.0024278,
5.481,0,0,0,0,0,0,0,0,0,0,0,0,0,0,0,0,-0.0315342,0.999369,0.0157433,0,0.996268,0.0326928,-0.0797561,0,-0.0802221,0.0131697,-0.99669,0,0.42008,0.00767999,0.0405446,1,0.0895788,-28.4881,0.0728246,12.1256,0.172484,2.19618,-0.0565648,9.10701,18.1481,-43.2032,83.8286,0.679387,-3.3119,-42.9769,0.0221661,0.308413,-0.00187711,-2.58353,0.0474448,2.81157,-0.842719,-0.000368371,-2.95957e-05,0.000830518,-0.00178716,4.85218e-05,4.19872e-05,0.00103702,
5.515,0,0,0,0,0,0,0,0,0,0,0,0,0,0,0,0,-0.0315353,0.999369,0.0157446,0,0.996268,0.0326941,-0.0797639,0,-0.0802299,0.0131707,-0.996689,0,0.420076,0.00768227,0.0405429,1,0.049906,-28.4881,0.0728246,12.1256,0.178893,2.20991,-0.0767064,4.07201,30.2321,-73.7904,-80.3466,7.81215,0.945554,-30.9479,0.0221689,0.308413,-0.00187465,-2.58354,0.0474469,2.81157,-0.842717,0.00125602,-0.00112906,0.000858953,0.00068815,-0.000265472,-0.000182319,0.00233121,
5.549,0,0,0,0,0,0,0,0,0,0,0,0,0,0,0,0,-0.031534,0.999369,0.0157449,0,0.996267,0.0326929,-0.07977,0,-0.080236,0.0131709,-0.996689,0,0.420073,0.00767948,0.0405425,1,0.125284,-28.4485,0.112497,12.1613,0.166991,2.2383,-0.0236058,125.909,-62.4089,16.4383,-12.3195,-19.0811,5.91966,-29.7623,0.0221657,0.308409,-0.00187743,-2.58354,0.0474486,2.81156,-0.842724,0.00487647,-0.000344266,0.000282734,5.64756e-05,0.00023934,-0.000381832,0.000166504,
5.583,0,0,0,0,0,0,0,0,0,0,0,0,0,0,0,0,-0.0315211,0.999369,0.0157438,0,0.996266,0.0326804,-0.079798,0,-0.0802638,0.0131699,-0.996687,0,0.420063,0.00767634,0.0405335,1,0.16099,-28.6389,0.112497,12.201,0.178893,2.23097,-0.0831151,12.3506,-66.7719,-19.4049,-64.9502,8.46444,-0.331293,-35.0907,0.022161,0.308426,-0.00187957,-2.58355,0.0474472,2.81156,-0.842717,-0.00220859,0.00128706,-2.62362e-05,-0.00207315,-8.86575e-05,-0.00147784,0.0056541,
5.617,0,0,0,0,0,0,0,0,0,0,0,0,0,0,0,0,-0.0315214,0.999369,0.0157427,0,0.996266,0.0326805,-0.0797955,0,-0.0802613,0.0131689,-0.996687,0,0.420063,0.00767523,0.0405348,1,0.16099,-28.5238,0.112497,12.201,0.172484,2.23097,-0.0629735,49.5937,55.1778,-130.138,-71.957,2.13937,-10.9492,-29.4725,0.0221582,0.308422,-0.00187957,-2.58355,0.0474433,2.81156,-0.842716,-0.000534786,-0.00104394,0.000708058,0.000473279,-9.89976e-07,0.000101105,0.00215592,
5.651,0,0,0,0,0,0,0,0,0,0,0,0,0,0,0,0,-0.0315227,0.999369,0.0157443,0,0.996266,0.0326819,-0.0797965,0,-0.0802623,0.0131704,-0.996687,0,0.420061,0.00767456,0.0405354,1,0.16099,-28.4881,0.112497,12.3081,0.166991,2.22365,-0.0236058,-1.60239,-4.50108,-51.6601,157.816,-8.5307,-53.4042,-31.5046,0.0221582,0.308416,-0.00188062,-2.58356,0.0474486,2.81156,-0.842723,0.00193405,-3.29783e-05,0.000196461,-0.00113337,0.000112073,0.000667235,-0.00020154,
5.685,0,0,0,0,0,0,0,0,0,0,0,0,0,0,0,0,-0.0315302,0.999369,0.0157439,0,0.996266,0.0326893,-0.079794,0,-0.0802598,0.0131694,-0.996687,0,0.420063,0.0076771,0.0405352,1,0.0895788,-28.5238,0.112497,12.201,0.172484,2.22365,-0.0236058,9.12037,-52.8404,19.8427,-44.3282,9.30266,10.9988,-12.7779,0.0221639,0.308421,-0.00188052,-2.58355,0.0474469,2.81156,-0.842723,-1.50243e-05,0.00331348,0.000326593,0.00306147,-9.2997e-05,-0.000152807,-0.000169636,
5.719,0,0,0,0,0,0,0,0,0,0,0,0,0,0,0,0,-0.031511,0.99937,0.0157409,0,0.996267,0.0326699,-0.079789,0,-0.0802545,0.0131681,-0.996687,0,0.420064,0.00766974,0.0405372,1,0.236368,-28.4881,0.187876,12.201,0.178893,2.20991,-0.0767064,38.2961,-80.7377,50.2081,-6.0705,3.28869,-1.29919,-38.6189,0.0221526,0.308415,-0.00188591,-2.58356,0.0474437,2.81156,-0.842717,8.29923e-05,0.000236471,-0.000912295,0.000366381,-0.000166983,-0.00515045,0.00283765,
5.753,0,0,0,0,0,0,0,0,0,0,0,0,0,0,0,0,-0.0315198,0.999369,0.0157441,0,0.996265,0.0326791,-0.0798013,0,-0.0802671,0.0131702,-0.996686,0,0.420057,0.00767494,0.0405345,1,0.16099,-28.4485,0.112497,12.3438,0.172484,2.21724,-0.0629735,211.049,29.1355,51.1488,59.2715,19.8251,28.1335,-43.1569,0.022158,0.308413,-0.00187958,-2.58357,0.0474478,2.81156,-0.842719,-0.000979305,-0.000171232,0.000753732,-0.00109793,-5.02158e-06,-0.000110533,-0.00039958,
5.787,0,0,0,0,0,0,0,0,0,0,0,0,0,0,0,0,-0.0315083,0.99937,0.0157419,0,0.996267,0.0326672,-0.0797805,0,-0.0802461,0.0131697,-0.996688,0,0.420066,0.00766883,0.0405411,1,0.236368,-28.3374,0.187876,12.201,0.166991,2.20351,-0.0501561,37.5528,75.6798,46.2525,-107.35,-15.9029,2.28508,-42.2483,0.0221505,0.308404,-0.00188591,-2.58356,0.0474474,2.81156,-0.84272,-0.000755577,-0.000559238,0.000918504,0.00176558,1.25034e-05,0.000176895,0.00111225,
5.821,0,0,0,0,0,0,0,0,0,0,0,0,0,0,0,0,-0.0315091,0.99937,0.0157421,0,0.996265,0.0326683,-0.0798037,0,-0.0802692,0.013169,-0.996686,0,0.420056,0.00766798,0.0405328,1,0.200663,-28.5238,0.187876,12.3081,0.172484,2.19618,-0.0171971,-16.1153,-76.0923,-50.8188,110.355,2.65053,5.56574,-45.111,0.0221498,0.308418,-0.00188664,-2.58357,0.0474476,2.81156,-0.842723,-0.00129411,0.00123547,-0.000671643,0.00435433,-0.000255178,0.000313604,0.00058949,
5.855,0,0,0,0,0,0,0,0,0,0,0,0,0,0,0,0,-0.0315043,0.99937,0.0157408,0,0.996267,0.0326633,-0.0797893,0,-0.0802548,0.0131686,-0.996687,0,0.420061,0.00766798,0.0405389,1,0.200663,-28.3374,0.223581,12.2724,0.178893,2.20991,-0.0767064,-21.5982,-1.34626,137.52,34.1787,14.8906,13.6046,-64.2481,0.0221519,0.308404,-0.00188874,-2.58357,0.0474471,2.81156,-0.842717,-0.000468322,-0.000251484,-0.00108331,-8.37806e-06,-0.00034924,-0.000250702,0.00244784,
5.889,0,0,0,0,0,0,0,0,0,0,0,0,0,0,0,0,-0.0315202,0.999369,0.015743,0,0.996266,0.0326793,-0.0797923,0,-0.080258,0.0131694,-0.996687,0,0.42006,0.00767508,0.0405368,1,0.0895788,-28.4128,0.148203,12.2724,0.166991,2.19618,-0.0629735,-43.249,76.0105,-58.2201,-62.7775,-0.272075,7.31353,-39.0122,0.0221622,0.30841,-0.00188289,-2.58357,0.0474486,2.81156,-0.842719,0.000681995,-0.000779136,0.000857287,-0.000349681,0.00036722,0.00026414,0.00146963,
5.923,0,0,0,0,0,0,0,0,0,0,0,0,0,0,0,0,-0.0315107,0.99937,0.0157421,0,0.996267,0.0326696,-0.0797783,0,-0.0802439,0.0131697,-0.996688,0,0.420065,0.00766727,0.0405406,1,0.276041,-28.3374,0.187876,12.201,0.166991,2.18977,0.00294445,175.998,34.8173,-23.4641,-244.623,-1.14973,-5.92082,27.2192,0.022147,0.308404,-0.001886,-2.58356,0.0474474,2.81157,-0.842726,-0.00163685,-0.00113557,-0.000650124,0.00217874,9.17994e-05,-6.03734e-05,-0.000942588,
5.957,0,0,0,0,0,0,0,0,0,0,0,0,0,0,0,0,-0.0315154,0.99937,0.0157437,0,0.996267,0.0326744,-0.0797849,0,-0.0802506,0.0131708,-0.996688,0,0.420062,0.00767049,0.0405402,1,0.236368,-28.3374,0.112497,12.2724,0.172484,2.20351,-0.00987293,180.705,69.9343,-128.129,-44.9247,4.18995,29.9796,7.12386,0.0221494,0.308402,-0.00188145,-2.58357,0.047448,2.81156,-0.842725,-0.00080309,-0.000914444,0.000811825,-0.00119924,-8.16067e-05,-0.000777174,-0.00149471,
5.991,0,0,0,0,0,0,0,0,0,0,0,0,0,0,0,0,-0.0315276,0.999369,0.015744,0,0.996266,0.0326866,-0.0797844,0,-0.0802502,0.0131701,-0.996688,0,0.420063,0.00767513,0.0405397,1,0.16099,-28.3374,0.148203,12.201,0.160582,2.18977,0.00294445,171.674,113.998,15.3633,-181.054,-0.776603,4.29915,13.159,0.02216,0.308404,-0.00188108,-2.58356,0.0474482,2.81156,-0.842726,-0.0011464,-0.00233018,-0.00339247,0.00168682,0.000232616,-3.38914e-05,-0.000685722,
6.025,0,0,0,0,0,0,0,0,0,0,0,0,0,0,0,0,-0.0315039,0.99937,0.0157422,0,0.996267,0.0326628,-0.0797819,0,-0.0802474,0.0131702,-0.996688,0,0.420063,0.00766813,0.0405398,1,0.276041,-28.3374,0.148203,12.2724,0.172484,2.18977,-0.0693822,86.484,11.7169,-144.775,75.8404,7.92066,6.86786,-32.3375,0.022147,0.308403,-0.00188408,-2.58357,0.047448,2.81157,-0.842718,-0.0011212,-0.00076799,0.000855936,-0.00189681,-0.000108692,-0.000101796,0.00195581,
6.059,0,0,0,0,0,0,0,0,0,0,0,0,0,0,0,0,-0.0314667,0.999371,0.0157365,0,0.996268,0.0326254,-0.0797919,0,-0.0802567,0.0131672,-0.996687,0,0.420059,0.00765079,0.0405364,1,0.347452,-28.4128,0.29896,12.3438,0.172484,2.18977,-0.0693822,-2.95175,16.4257,51.4402,179.738,16.6868,12.1976,-43.1232,0.0221281,0.30841,-0.00190322,-2.58357,0.047448,2.81157,-0.842718,-0.000414702,0.000124128,-0.000387139,-0.00113784,-0.00036268,-0.000228322,0.00198171,
6.093,0,0,0,0,0,0,0,0,0,0,0,0,0,0,0,0,-0.0315202,0.999369,0.0157428,0,0.996266,0.0326793,-0.0797922,0,-0.0802579,0.0131692,-0.996687,0,0.420058,0.00767461,0.0405362,1,0.049906,-28.4128,0.112497,12.3081,0.160582,2.18977,-0.0501561,-30.8402,74.4223,36.5535,93.0254,-11.1513,6.66536,-25.3594,0.0221625,0.308409,-0.00188395,-2.58357,0.0474493,2.81157,-0.84272,0.00122086,-3.81305e-05,0.000493006,-0.000543896,0.000412171,-9.73841e-05,0.000996922,
