0.001,0,0,0,0,0,0,0,0,0,0,0,0,0,0,0,0,-0.0293833,0.999427,0.0161991,0,0.997691,0.0303146,-0.0606098,0,-0.0610673,0.0143811,-0.99803,0,0.486499,0.00535467,0.060362,1,-0.319052,-33.7408,-0.788076,15.7438,0.286925,2.58345,0.102737,-5.80602,90.5227,-10.9207,-9.52024,7.6646,-6.86671,133.588,0.0588378,0.362162,-0.0438509,-2.38869,0.0708253,2.68868,-0.862574,0.000230149,-0.000530763,0.000878022,-0.000558732,-9.12608e-05,-0.00012533,-0.00243791,
0.035,0,0,0,0,0,0,0,0,0,0,0,0,0,0,0,0,-0.0293741,0.999428,0.0161995,0,0.997692,0.0303055,-0.0606122,0,-0.0610696,0.014382,-0.99803,0,0.486497,0.00535242,0.0603615,1,-0.283346,-33.7408,-0.712698,15.7438,0.281432,2.60451,0.089004,49.8323,-9.40389,72.5815,-18.7327,-12.6395,28.7645,72.9539,0.0588364,0.362162,-0.0438538,-2.38869,0.0708291,2.68868,-0.862572,0.00587681,-0.000349921,-0.000423143,0.000817082,0.0001747,-0.000605187,-0.00182849,
0.069,0,0,0,0,0,0,0,0,0,0,0,0,0,0,0,0,-0.0293706,0.999428,0.0161988,0,0.997691,0.0303022,-0.0606209,0,-0.0610783,0.0143812,-0.998029,0,0.486496,0.0053506,0.0603555,1,-0.283346,-33.9273,-0.712698,15.7438,0.281432,2.59077,0.089004,-137.837,-171.852,-42.0591,-42.15,-20.6579,3.66853,18.438,0.0588331,0.362176,-0.0438538,-2.38869,0.0708291,2.68868,-0.862572,-0.000579219,0.00156224,-3.82895e-05,9.24954e-05,0.00959508,-0.000334207,-0.00279142,
0.103,0,0,0,0,0,0,0,0,0,0,0,0,0,0,0,0,-0.0293291,0.999429,0.0161932,0,0.997694,0.03026,-0.0605995,0,-0.0610561,0.0143788,-0.998031,0,0.486503,0.00533109,0.0603632,1,-0.0968836,-33.7765,-0.637319,15.6723,0.281432,2.56972,0.0496363,87.1404,-174.872,18.9326,-84.8995,-11.7012,5.32303,-20.1267,0.0588094,0.362165,-0.0438687,-2.38868,0.0708291,2.68869,-0.862568,-0.00112984,0.00070533,-0.000152219,0.000516316,7.14203e-05,-0.000186045,-0.000117104,
0.137,0,0,0,0,0,0,0,0,0,0,0,0,0,0,0,0,-0.029335,0.999429,0.0161933,0,0.997694,0.0302659,-0.0605983,0,-0.061055,0.0143786,-0.998031,0,0.486503,0.00533068,0.0603631,1,-0.0968836,-33.8162,-0.676992,15.6723,0.281432,2.55598,0.109146,144.962,-65.7705,-95.7661,-119.411,9.9337,-12.4516,46.1385,0.0588091,0.362165,-0.0438691,-2.38869,0.0708291,2.68869,-0.862574,-0.00131854,0.000623846,0.00169831,0.000273846,3.3612e-05,0.000298476,-0.00253883,
0.171,0,0,0,0,0,0,0,0,0,0,0,0,0,0,0,0,-0.0293365,0.999429,0.0161916,0,0.997693,0.0302674,-0.0606043,0,-0.061061,0.0143767,-0.99803,0,0.486501,0.00533193,0.0603609,1,-0.207968,-33.8162,-0.637319,15.708,0.293334,2.55598,0.0825953,-101.958,36.4622,-56.852,27.15,17.4762,-0.669343,60.4332,0.0588151,0.362168,-0.0438719,-2.38869,0.0708277,2.68869,-0.862571,0.0015834,-0.00137485,-0.00017854,0.000128616,-0.000168798,-9.15985e-05,-0.000938279,
0.205,0,0,0,0,0,0,0,0,0,0,0,0,0,0,0,0,-0.0293359,0.999429,0.0161921,0,0.997694,0.0302667,-0.0605903,0,-0.0610469,0.0143776,-0.998031,0,0.486506,0.00533499,0.0603656,1,-0.207968,-33.7408,-0.676992,15.6723,0.293334,2.54225,0.0230861,25.8567,-115.701,41.824,181.187,14.8051,25.7072,1.66294,0.0588179,0.362162,-0.0438691,-2.38868,0.0708277,2.68869,-0.862565,-7.4429e-05,0.00111907,0.000727795,-0.00121306,-0.000351758,-0.000261991,0.000533294,
0.239,0,0,0,0,0,0,0,0,0,0,0,0,0,0,0,0,-0.0293393,0.999429,0.0161927,0,0.997694,0.03027,-0.060587,0,-0.0610437,0.0143781,-0.998032,0,0.486507,0.00533467,0.0603662,1,-0.207968,-33.7765,-0.637319,15.6366,0.263121,2.56239,0.0825953,-49.8592,-55.7105,51.3498,-100.366,-38.5792,37.3642,32.9139,0.0588203,0.362162,-0.0438719,-2.38868,0.0708311,2.68869,-0.862572,0.00048684,0.000811717,-0.000153879,0.00300123,0.00212898,-0.00034639,-0.00172541,
0.273,0,0,0,0,0,0,0,0,0,0,0,0,0,0,0,0,-0.0293412,0.999429,0.0161931,0,0.997695,0.0302719,-0.0605798,0,-0.0610365,0.0143785,-0.998032,0,0.486508,0.00533865,0.0603689,1,-0.207968,-33.6654,-0.712698,15.708,0.286925,2.52119,0.0166774,22.3991,85.8813,-12.0812,133.46,-1.96476,-35.5841,-9.05193,0.0588225,0.362155,-0.0438666,-2.38869,0.0708284,2.6887,-0.862564,0.00248021,-0.00501319,0.000780525,0.000288102,-0.000117059,0.000719163,0.0010069,
0.307,0,0,0,0,0,0,0,0,0,0,0,0,0,0,0,0,-0.0293544,0.999428,0.0161949,0,0.997693,0.0302853,-0.0605915,0,-0.0610485,0.0143792,-0.998031,0,0.486504,0.00534182,0.0603664,1,-0.24764,-33.7011,-0.712698,15.7438,0.286925,2.55598,0.0825953,-23.197,-9.56756,-117.177,135.788,3.44111,23.3261,16.8956,0.0588263,0.362157,-0.0438641,-2.38869,0.0708284,2.68869,-0.862571,-0.000709154,0.000196926,0.000997036,-0.00130462,-0.000214456,-0.000421736,-0.00113288,
0.341,0,0,0,0,0,0,0,0,0,0,0,0,0,0,0,0,-0.0293483,0.999428,0.0161941,0,0.997693,0.0302792,-0.0605987,0,-0.0610556,0.0143785,-0.998031,0,0.486503,0.00533798,0.0603639,1,-0.207968,-33.7765,-0.712698,15.708,0.293334,2.57612,0.089004,0.411041,120.468,-162.25,-6.70924,3.70054,-10.2294,36.8766,0.0588204,0.362163,-0.0438659,-2.38869,0.0708277,2.68869,-0.862572,-0.00110435,-0.000105956,0.000582262,0.00044301,-0.000590632,9.05291e-06,-0.00125633,
0.375,0,0,0,0,0,0,0,0,0,0,0,0,0,0,0,0,-0.0293391,0.999429,0.0161914,0,0.997694,0.0302698,-0.060595,0,-0.0610517,0.0143765,-0.998031,0,0.486505,0.00533327,0.0603645,1,-0.207968,-33.7765,-0.601614,15.6366,0.281432,2.57612,0.089004,-37.2334,3.46828,129.017,-43.9097,-5.22648,-16.5321,62.7042,0.0588204,0.362165,-0.0438745,-2.38868,0.0708291,2.68869,-0.862572,0.000373997,-0.000493217,0.000112016,-0.000936452,0.000192851,-4.07354e-05,-0.00151136,
0.409,0,0,0,0,0,0,0,0,0,0,0,0,0,0,0,0,-0.0293599,0.999428,0.0161968,0,0.997693,0.030291,-0.0605981,0,-0.0610553,0.0143805,-0.998031,0,0.486503,0.00534372,0.0603652,1,-0.24764,-33.7408,-0.748403,15.708,0.281432,2.59718,0.0761866,-16.3036,-5.57726,-115.135,-121.133,-19.4323,22.4545,43.1426,0.0588264,0.36216,-0.0438609,-2.38869,0.0708291,2.68868,-0.862574,-0.000417409,-0.00135053,0.00112897,0.00284731,0.0112489,-0.00099627,-0.00172904,
0.443,0,0,0,0,0,0,0,0,0,0,0,0,0,0,0,0,-0.0293235,0.999429,0.0161921,0,0.997693,0.0302547,-0.0606213,0,-0.0610778,0.0143774,-0.998029,0,0.486495,0.005328,0.0603563,1,-0.061178,-33.9273,-0.637319,15.7795,0.286925,2.61824,0.0166774,122.471,-194.138,-52.6172,60.4387,7.13505,20.1684,-68.8198,0.058807,0.362174,-0.0438718,-2.38869,0.0708284,2.68868,-0.862567,-0.00173777,0.00215042,-0.000120179,-0.00108769,-0.000104584,-4.29349e-05,0.0012013,
0.477,0,0,0,0,0,0,0,0,0,0,0,0,0,0,0,0,-0.0293033,0.99943,0.0161858,0,0.997693,0.0302341,-0.060623,0,-0.061079,0.0143723,-0.998029,0,0.486494,0.00531386,0.0603554,1,-0.0968836,-33.8916,-0.486563,15.8191,0.281432,2.59718,0.0954127,-198.545,-94.3307,66.0239,99.3914,14.6713,16.2046,34.4435,0.0587999,0.362173,-0.043891,-2.3887,0.0708291,2.68868,-0.862573,0.0018575,0.000301913,-0.00105061,-0.00143251,-0.000135406,-0.000273474,-0.00217194,
0.511,0,0,0,0,0,0,0,0,0,0,0,0,0,0,0,0,-0.0292886,0.99943,0.0161856,0,0.997694,0.0302192,-0.060608,0,-0.0610637,0.0143735,-0.99803,0,0.486499,0.00531178,0.06036,1,-0.061178,-33.8162,-0.561941,15.7438,0.275023,2.56972,0.00935314,-88.6896,32.705,-39.0489,13.0473,-14.8112,13.7766,-40.8097,0.0587941,0.362168,-0.0438899,-2.38869,0.0708298,2.68869,-0.862563,0.00311629,0.000121847,0.00131884,-0.000399152,0.000652685,-0.00106429,0.00165492,
0.545,0,0,0,0,0,0,0,0,0,0,0,0,0,0,0,0,-0.0292842,0.99943,0.0161855,0,0.997694,0.0302149,-0.0606121,0,-0.0610678,0.0143735,-0.99803,0,0.486499,0.00530651,0.0603589,1,0.0142004,-33.8519,-0.526235,15.7438,0.281432,2.58345,0.0761866,106.299,-53.6565,-17.8302,14.109,10.896,-18.6308,8.63135,0.0587885,0.362171,-0.0438946,-2.38869,0.0708322,2.68869,-0.862571,-0.00142348,0.000843882,0.000866786,-0.000930828,4.99327e-05,-0.000236527,-0.00173091,
0.579,0,0,0,0,0,0,0,0,0,0,0,0,0,0,0,0,-0.0292823,0.999431,0.0161834,0,0.997694,0.0302129,-0.0606173,0,-0.0610729,0.0143713,-0.99803,0,0.486497,0.00530711,0.0603572,1,-0.061178,-33.8916,-0.486563,15.7438,0.286925,2.59718,0.0166774,6.09122,-88.259,63.9174,-13.7036,11.2397,8.31689,-59.3663,0.0587909,0.362174,-0.0438955,-2.38869,0.0708284,2.68868,-0.862564,-0.000430425,0.00484363,-0.000798719,0.000344839,-0.000120826,0.000663038,0.00180354,
0.613,0,0,0,0,0,0,0,0,0,0,0,0,0,0,0,0,-0.0292949,0.99943,0.0161845,0,0.997693,0.0302256,-0.0606225,0,-0.0610783,0.0143715,-0.99803,0,0.486495,0.00530992,0.0603544,1,-0.0968836,-33.9669,-0.486563,15.7438,0.26953,2.59077,0.0954127,-166.359,-15.0644,65.7957,-2.81006,-14.3265,-3.75868,59.1741,0.0587966,0.362179,-0.0438952,-2.38869,0.0708304,2.68868,-0.862573,0.000762098,0.000692095,3.15214e-05,0.000498858,0.000201005,-0.000220083,-0.00134841,
0.647,0,0,0,0,0,0,0,0,0,0,0,0,0,0,0,0,-0.0292861,0.99943,0.0161835,0,0.997694,0.0302167,-0.0606165,0,-0.0610722,0.0143712,-0.99803,0,0.486497,0.00530999,0.060357,1,-0.0968836,-33.8916,-0.486563,15.7438,0.281432,2.58345,-0.00987293,40.7657,-16.5103,136.003,23.1086,0.736368,-5.61543,-60.3531,0.0587966,0.362174,-0.0438952,-2.38869,0.0708291,2.68869,-0.862563,0.00027897,0.000520927,-0.00129319,-0.00433714,-2.25755e-05,-0.000397943,0.00263611,
0.681,0,0,0,0,0,0,0,0,0,0,0,0,0,0,0,0,-0.0293234,0.999429,0.0161883,0,0.997693,0.0302543,-0.0606147,0,-0.0610711,0.0143738,-0.99803,0,0.486497,0.00532889,0.0603584,1,-0.24764,-33.8519,-0.601614,15.7438,0.293334,2.59718,-0.00346424,-5.28175,91.9541,96.2104,-37.7105,21.4369,19.7911,-16.9774,0.058819,0.362171,-0.0438808,-2.38869,0.0708277,2.68868,-0.862563,0.00141727,-0.00108106,-0.00130889,-0.000783331,7.39529e-05,-0.00250717,0.00155906,
0.715,0,0,0,0,0,0,0,0,0,0,0,0,0,0,0,0,-0.0293023,0.99943,0.0161868,0,0.997691,0.0302337,-0.0606555,0,-0.0611115,0.0143724,-0.998027,0,0.486486,0.00531617,0.0603382,1,-0.061178,-34.1891,-0.561941,15.7438,0.275023,2.59077,0.056045,-35.659,-22.8,-66.1215,17.532,-6.06638,-9.89544,26.5063,0.0587984,0.362213,-0.0438845,-2.38869,0.0708298,2.68868,-0.862568,-0.000460884,0.000994139,0.000300937,-0.00192109,-4.30508e-05,-7.53567e-05,-0.00178923,
0.749,0,0,0,0,0,0,0,0,0,0,0,0,0,0,0,0,-0.029289,0.99943,0.0161839,0,0.997688,0.030221,-0.0607077,0,-0.0611634,0.0143687,-0.998024,0,0.486474,0.00531344,0.0603125,1,-0.0968836,-34.3042,-0.561941,15.6723,0.275023,2.60451,0.00294445,11.078,2.49509,25.3056,-130.405,3.7104,-16.9839,-36.9231,0.058797,0.362268,-0.0438867,-2.38869,0.0708298,2.68868,-0.862559,0.000288682,0.00342462,0.00615306,0.000602105,-5.20443e-05,-2.24012e-06,0.00040753,
0.783,0,0,0,0,0,0,0,0,0,0,0,0,0,0,0,0,-0.0293136,0.999429,0.0161991,0,0.997673,0.0302499,-0.0609499,0,-0.0614063,0.014375,-0.998009,0,0.48641,0.0053304,0.060227,1,-0.0968836,-33.4393,-0.450857,14.5734,0.275023,2.20351,-0.0236058,-57.747,-39.1672,-19.5142,72.678,-9.06891,18.2731,-34.0752,0.0587961,0.362429,-0.0438521,-2.38869,0.0708342,2.68861,-0.86256,0.000502368,0.00884551,0.00331681,0.00512679,0.000227339,-0.00635795,0.0073314,
0.817,0,0,0,0,0,0,0,0,0,0,0,0,0,0,0,0,-0.0295063,0.999422,0.0162902,0,0.997634,0.0304555,-0.0614757,0,-0.0619375,0.014438,-0.997976,0,0.486249,0.00545473,0.0600712,1,-0.207968,-33.8162,-0.676992,14.7956,0.275023,2.2447,0.0432277,108.449,-99.3389,-154.771,77.2314,-4.59822,-16.1079,12.2354,0.0588019,0.362652,-0.0436267,-2.38879,0.0708392,2.68841,-0.862548,8.84848e-05,0.0163612,0.00704753,-0.00100055,6.03435e-06,8.23657e-05,-0.00113628,
0.851,0,0,0,0,0,0,0,0,0,0,0,0,0,0,0,0,-0.0295874,0.999419,0.01636,0,0.997607,0.0305466,-0.0618765,0,-0.0623415,0.0144904,-0.99795,0,0.486143,0.00558983,0.0598677,1,-0.24764,-33.7765,-0.486563,14.6845,0.239317,2.23097,-0.00346424,-144.616,-56.6781,-3.29633,73.6277,-0.252786,17.6164,41.897,0.0588105,0.363082,-0.0433773,-2.38877,0.0708497,2.68842,-0.862403,-0.00508511,0.01612,0.0031964,-0.000377729,-0.000276604,0.000751901,0.00626003,
0.885,0,0,0,0,0,0,0,0,0,0,0,0,0,0,0,0,-0.0293296,0.999427,0.0163316,0,0.997586,0.030294,-0.0623241,0,-0.0627843,0.0144645,-0.997922,0,0.486078,0.00552442,0.0596007,1,0.347452,-33.8162,-0.073965,14.4663,0.202696,2.2383,0.00294445,75.8341,142.171,-88.2361,-23.1195,-6.34446,12.7822,49.0852,0.0586893,0.363767,-0.0433744,-2.38856,0.070857,2.68844,-0.862275,-0.0044617,0.0248615,0.000431013,0.012839,0.000194396,-0.000104463,-0.00225396,
0.919,0,0,0,0,0,0,0,0,0,0,0,0,0,0,0,0,-0.0289461,0.999439,0.0162701,0,0.997574,0.029913,-0.0627098,0,-0.0631626,0.0144157,-0.997899,0,0.486128,0.00531271,0.0592627,1,0.573588,-33.7408,0.223581,14.6488,0.184386,2.20991,0.00294445,-16.4453,160.276,133.027,-74.391,6.4772,10.048,15.6791,0.0583336,0.364841,-0.0434273,-2.38796,0.0708601,2.68853,-0.862297,-0.0102061,0.0343126,-0.00275755,0.0233937,5.33442e-05,0.00267781,-0.000934631,
0.953,0,0,0,0,0,0,0,0,0,0,0,0,0,0,0,0,-0.0287201,0.999446,0.0162097,0,0.997576,0.0296845,-0.0627758,0,-0.0632235,0.0143678,-0.997896,0,0.486299,0.00509713,0.0589238,1,0.644999,-33.8916,0.334665,14.6131,0.172484,2.25203,-0.0565648,24.026,50.9702,61.6267,62.6522,1.02744,4.80798,-13.7987,0.0579098,0.366079,-0.0434213,-2.38717,0.0708603,2.68891,-0.862483,-0.0102442,0.0323987,0.000502538,0.0253557,0.0012182,0.00611981,-0.00771196,
0.987,0,0,0,0,0,0,0,0,0,0,0,0,0,0,0,0,-0.0285361,0.999452,0.0161758,0,0.997579,0.0294993,-0.0628176,0,-0.0632616,0.0143444,-0.997894,0,0.486601,0.00497199,0.0586837,1,0.458536,-34.0027,0.29896,14.6131,0.172484,2.32069,-0.0767064,6.22864,-193.849,216.916,90.4717,0.48246,9.99523,3.43052,0.057625,0.367287,-0.0433922,-2.386,0.0708603,2.6889,-0.862539,-0.00843111,0.0339966,-0.00197158,0.0383277,0.000124698,-0.00083207,0.00115329,
1.021,0,0,0,0,0,0,0,0,0,0,0,0,0,0,0,0,-0.0282997,0.99946,0.0161384,0,0.997595,0.0292589,-0.0626776,0,-0.0631171,0.0143261,-0.997903,0,0.487027,0.00483622,0.058544,1,0.609293,-33.8916,0.29896,14.6131,0.184386,2.35548,-0.0959325,69.073,23.1335,-8.9459,72.5534,6.93448,-4.30871,-28.7993,0.0573418,0.368416,-0.0433946,-2.38458,0.070859,2.68875,-0.862561,-0.0101396,0.0355341,0.00268113,0.0430903,-0.00322234,-0.0126577,0.000897442,
1.055,0,0,0,0,0,0,0,0,0,0,0,0,0,0,0,0,-0.0282952,0.99946,0.0161357,0,0.997598,0.0292537,-0.0626336,0,-0.063073,0.014325,-0.997906,0,0.487534,0.00472025,0.0584179,1,0.756083,-33.8519,0.525095,14.7956,0.166991,2.33443,-0.116074,-83.6911,25.4783,-131.677,-99.7614,20.0496,-12.2787,5.79762,0.0570716,0.369678,-0.0433835,-2.38282,0.0708605,2.68829,-0.862784,-0.00552548,0.0397865,0.00380757,0.0539955,-0.000134748,-0.00694528,-0.00333483,
1.089,0,0,0,0,0,0,0,0,0,0,0,0,0,0,0,0,-0.0281305,0.999465,0.016101,0,0.997614,0.0290846,-0.0624587,0,-0.0628948,0.0143059,-0.997918,0,0.488126,0.0045937,0.0582639,1,0.795756,-33.8162,0.485422,14.6845,0.160582,2.36189,-0.0767064,106.799,-79.7391,18.9827,3.59432,-9.99578,17.5302,-29.8452,0.0567921,0.371145,-0.0433796,-2.38084,0.0708574,2.68795,-0.862855,-0.0112914,0.0463485,-0.00145915,0.0635109,0.000350987,-0.0168219,-0.00204269,
1.123,0,0,0,0,0,0,0,0,0,0,0,0,0,0,0,0,-0.0281385,0.999465,0.01607,0,0.997617,0.0290898,-0.0624059,0,-0.0628413,0.014276,-0.997921,0,0.48874,0.00451958,0.0580306,1,0.720377,-33.8162,0.449717,14.6845,0.184386,2.32802,-0.0300145,69.9387,-13.7886,-12.4926,75.9223,5.17959,-3.91918,22.4157,0.0566033,0.372891,-0.0433588,-2.37866,0.0708543,2.68757,-0.86299,-0.00922048,0.0506079,0.00192387,0.0663167,-0.000191439,-0.007159,-0.00175271,
1.157,0,0,0,0,0,0,0,0,0,0,0,0,0,0,0,0,-0.0281269,0.999467,0.0159984,0,0.99763,0.029071,-0.0622108,0,-0.0626439,0.014211,-0.997935,0,0.489439,0.00448887,0.0577132,1,0.795756,-34.0027,0.560801,14.3909,0.184386,2.27949,-0.142624,-166.664,71.4682,-59.7396,-138.631,-4.30235,-6.91263,-72.4862,0.0565176,0.374988,-0.0433408,-2.37625,0.0708543,2.68745,-0.863005,0.000539946,0.0602895,0.000316125,0.0760559,-0.000117226,0.000219419,0.00298651,
1.191,0,0,0,0,0,0,0,0,0,0,0,0,0,0,0,0,-0.0281597,0.999467,0.0159195,0,0.997643,0.0290958,-0.0619964,0,-0.0624278,0.0141364,-0.997949,0,0.490166,0.00447533,0.0573425,1,0.573588,-34.1891,0.374338,14.5734,0.196288,2.29964,-0.0501561,-172.273,-47.7974,-17.4804,-135.984,4.48287,-2.16458,-12.6155,0.0564531,0.377274,-0.0433061,-2.37372,0.0708544,2.68742,-0.863026,0.00268289,0.0716224,0.00100467,0.0805551,0.000233864,-0.00176671,0.000223572,
1.225,0,0,0,0,0,0,0,0,0,0,0,0,0,0,0,0,-0.0281491,0.999469,0.0158255,0,0.997659,0.0290758,-0.0617435,0,-0.062172,0.0140507,-0.997967,0,0.490947,0.00444789,0.0569754,1,0.795756,-34.3399,0.560801,14.6488,0.196288,2.32069,-0.116074,1.58799,22.4725,-22.0272,5.36948,9.77191,18.0371,-53.1656,0.0563959,0.379641,-0.043305,-2.37104,0.0708541,2.68736,-0.863024,-0.00157041,0.0730799,0.000744553,0.0817411,0.000293543,-0.0115827,0.00146478,
1.259,0,0,0,0,0,0,0,0,0,0,0,0,0,0,0,0,-0.0281618,0.99947,0.0157356,0,0.99768,0.0290781,-0.0614049,0,-0.0618311,0.0139701,-0.997989,0,0.491839,0.00442359,0.0566246,1,0.90684,-34.1137,0.600474,14.7202,0.190794,2.25844,-0.103257,153.329,-42.8844,6.97033,44.1441,-5.51278,4.84469,-36.0503,0.0563274,0.38215,-0.043294,-2.36804,0.070854,2.68721,-0.863039,-0.0015759,0.0764922,0.000806852,0.0918841,0.000246835,-0.00297146,0.00181451,
1.293,0,0,0,0,0,0,0,0,0,0,0,0,0,0,0,0,-0.0281615,0.999471,0.0156583,0,0.997693,0.0290701,-0.0611981,0,-0.0616221,0.013899,-0.998003,0,0.49277,0.00439552,0.0562636,1,0.871134,-34.3795,0.600474,14.5377,0.196288,2.29323,-0.0300145,89.564,49.0205,-88.0523,-170.219,-1.96704,19.666,30.0262,0.0562422,0.384782,-0.0432823,-2.3648,0.0708529,2.68681,-0.863052,-0.00328564,0.0836638,0.00334757,0.098075,0.000317216,-0.0125717,-0.00118112,
1.327,0,0,0,0,0,0,0,0,0,0,0,0,0,0,0,0,-0.0282184,0.999471,0.0155743,0,0.9977,0.0291198,-0.0610509,0,-0.0614733,0.013816,-0.998013,0,0.493745,0.00439697,0.0558444,1,0.871134,-34.3042,0.671885,14.4663,0.209105,2.22365,-0.0693822,12.6173,73.5401,64.7228,-68.3232,2.55636,-8.76642,9.58977,0.0562178,0.38766,-0.0432711,-2.36134,0.0708519,2.68637,-0.863059,-0.00202043,0.0947659,-0.0015178,0.108186,0.00010366,-0.0124763,-0.000712207,
1.361,0,0,0,0,0,0,0,0,0,0,0,0,0,0,0,0,-0.0282968,0.99947,0.015487,0,0.997719,0.0291878,-0.0607018,0,-0.0611228,0.0137343,-0.998036,0,0.494849,0.00440509,0.0554441,1,0.720377,-34.6771,0.449717,14.5377,0.232909,2.23097,0.00294445,55.6159,-46.7609,-0.0855585,-14.8161,-13.9771,2.69977,51.2202,0.0561849,0.390682,-0.0432429,-2.35757,0.0708536,2.68598,-0.863074,0.00571195,0.0935504,0.000671018,0.12159,0.000199919,-0.0180321,-0.00236093,
1.395,0,0,0,0,0,0,0,0,0,0,0,0,0,0,0,0,-0.0284345,0.999466,0.0154596,0,0.997723,0.0293219,-0.0605835,0,-0.0610057,0.013702,-0.998043,0,0.496006,0.00445759,0.055158,1,0.720377,-34.7525,0.525095,14.6131,0.244811,2.34175,-0.0171971,-114.016,-69.3242,-122.057,-0.753509,-2.73979,5.5171,48.686,0.0561853,0.393543,-0.0431911,-2.35352,0.0708476,2.68489,-0.863078,0.00388183,0.077933,0.000231771,0.120857,0.000208881,-0.0371002,-0.00189066,
1.429,0,0,0,0,0,0,0,0,0,0,0,0,0,0,0,0,-0.0285021,0.999465,0.0154351,0,0.997729,0.029386,-0.0604429,0,-0.0608653,0.0136776,-0.998052,0,0.497222,0.00447917,0.0549552,1,0.795756,-34.4906,0.636179,14.5377,0.263121,2.32069,-0.00346424,-159.591,-52.5486,-4.23537,60.7973,16.1441,13.7266,54.4613,0.0561656,0.396287,-0.0431888,-2.34931,0.0708455,2.68357,-0.863075,-0.00245189,0.0819289,0.000396364,0.130579,-0.000360542,-0.0419274,-0.00235497,
1.463,0,0,0,0,0,0,0,0,0,0,0,0,0,0,0,0,-0.0284846,0.999466,0.0154041,0,0.99775,0.0293622,-0.0601151,0,-0.0605365,0.0136574,-0.998073,0,0.498611,0.00445527,0.0547878,1,1.0933,-34.5263,0.747263,14.5377,0.251219,2.31428,0.00935314,177.261,83.2902,-26.8465,-32.3398,-7.31765,-4.41899,23.52,0.0560561,0.399218,-0.0431955,-2.34465,0.0708468,2.68216,-0.863076,-0.00532216,0.0880356,-0.00213178,0.145872,-0.000172429,-0.0415637,-0.00174781,
1.497,0,0,0,0,0,0,0,0,0,0,0,0,0,0,0,0,-0.0285701,0.999464,0.0153936,0,0.997761,0.0294438,-0.059882,0,-0.0603043,0.0136486,-0.998087,0,0.500126,0.00448818,0.0546034,1,0.90684,-35.0897,0.671885,14.5377,0.275023,2.29964,0.00294445,218.343,121.503,-14.4113,41.1427,3.58594,-21.4029,25.9354,0.0560129,0.402446,-0.0431713,-2.33947,0.0708442,2.68044,-0.863071,-0.00156611,0.0959369,0.00016001,0.155572,-6.2259e-05,-0.0519767,-0.00196767,
1.531,0,0,0,0,0,0,0,0,0,0,0,0,0,0,0,0,-0.0287151,0.99946,0.0153629,0,0.997773,0.0295832,-0.059628,0,-0.0600515,0.0136167,-0.998102,0,0.501781,0.00454305,0.0543095,1,0.795756,-35.1651,0.600474,14.6131,0.275023,2.31428,0.0166774,113.862,-21.5847,-21.5555,-110.931,4.30922,-38.635,18.4034,0.0560101,0.406218,-0.0431424,-2.33374,0.0708434,2.67874,-0.863072,-0.00154179,0.111048,0.00749483,0.178629,-0.00685899,-0.0402172,-0.00132718,
1.565,0,0,0,0,0,0,0,0,0,0,0,0,0,0,0,0,-0.0288599,0.999457,0.0152961,0,0.99781,0.0297144,-0.0589369,0,-0.0593606,0.0135619,-0.998144,0,0.503751,0.00460529,0.0539802,1,0.982218,-34.9389,0.711558,14.5377,0.286925,2.27949,-0.0171971,-13.2882,-8.39566,-80.6742,86.3871,-11.807,-64.5552,5.03678,0.0559999,0.410576,-0.0430948,-2.32721,0.070843,2.67724,-0.863045,0.000264568,0.146516,0.00326208,0.211717,-2.42654e-05,-0.0511069,-0.00104839,
1.599,0,0,0,0,0,0,0,0,0,0,0,0,0,0,0,0,-0.0289621,0.999454,0.0152528,0,0.997826,0.0298095,-0.0586156,0,-0.0590394,0.0135222,-0.998164,0,0.505973,0.00464721,0.053626,1,1.01792,-35.4666,0.747263,14.6131,0.299742,2.16231,-0.0501561,-26.0624,113.686,33.6086,-35.6275,-3.18335,-23.51,-40.3117,0.0559694,0.415539,-0.0430966,-2.3195,0.0708451,2.67481,-0.863017,-0.00204849,0.153958,-0.000468314,0.234113,0.000222586,-0.0768931,0.000865393,
1.633,0,0,0,0,0,0,0,0,0,0,0,0,0,0,0,0,-0.0290283,0.999453,0.0152253,0,0.997838,0.0298707,-0.0583784,0,-0.0588024,0.013498,-0.998178,0,0.508347,0.0046647,0.0533052,1,1.05363,-35.7681,0.822641,14.3552,0.311644,2.25844,-0.0171971,17.6202,-151.489,-62.9948,-97.5604,-1.79224,0.730482,-3.37194,0.0558856,0.420719,-0.0431125,-2.31119,0.0708417,2.67191,-0.862998,-0.00139617,0.151957,0.00433281,0.248228,-0.000213844,-0.0972004,-0.00139688,
1.667,0,0,0,0,0,0,0,0,0,0,0,0,0,0,0,0,-0.029166,0.999449,0.0152291,0,0.997842,0.0300066,-0.0582438,0,-0.0586698,0.0134978,-0.998186,0,0.511043,0.00472225,0.0529599,1,0.942545,-35.5023,0.747263,14.7956,0.323546,2.22365,-0.0629735,-117.864,-55.2738,-35.2418,-75.9327,-2.66696,-28.1419,-99.5046,0.0558189,0.426585,-0.0431,-2.30164,0.0708435,2.66835,-0.862984,0.000365479,0.183649,0.0032716,0.3003,2.20358e-05,-0.118721,0.00528883,
1.701,0,0,0,0,0,0,0,0,0,0,0,0,0,0,0,0,-0.0293529,0.999443,0.0152354,0,0.99787,0.0301857,-0.0576611,0,-0.05809,0.0135107,-0.99822,0,0.514286,0.00482493,0.0527515,1,0.942545,-36.3275,0.786936,15.1606,0.317137,2.32802,0.00935314,-106.64,53.9934,-132.122,161.005,-16.6115,30.7649,4.52097,0.0558045,0.433035,-0.043091,-2.29051,0.0708443,2.66425,-0.862925,-0.00141218,0.205499,-0.000882155,0.343341,0.000134276,-0.120849,0.00351118,
1.735,0,0,0,0,0,0,0,0,0,0,0,0,0,0,0,0,-0.0294484,0.999441,0.0152045,0,0.997896,0.0302725,-0.0571672,0,-0.0575967,0.0134892,-0.998249,0,0.517645,0.00489913,0.0523563,1,0.90684,-36.5179,0.711558,14.502,0.335448,2.14125,-0.0236058,20.9973,-128.028,20.9057,21.682,5.98009,-36.3822,-52.4671,0.0557514,0.440212,-0.0430941,-2.27877,0.0708438,2.66017,-0.862811,-0.000169584,0.239487,9.61543e-05,0.360674,-3.34471e-05,-0.109462,0.00440702,
1.769,0,0,0,0,0,0,0,0,0,0,0,0,0,0,0,0,-0.0296448,0.999436,0.0151599,0,0.99793,0.0304566,-0.0564617,0,-0.0568927,0.013455,-0.99829,0,0.52132,0.00499575,0.0518864,1,1.01792,-36.6687,0.711558,14.6845,0.329039,2.17604,0.0294947,48.6623,72.8429,-120.915,-37.8887,-27.5122,-29.4423,-41.0189,0.0557176,0.448141,-0.0430874,-2.26596,0.0708525,2.65598,-0.86275,-0.00109263,0.22768,0.0018368,0.385607,-0.00884689,-0.139449,0.00193474,
1.803,0,0,0,0,0,0,0,0,0,0,0,0,0,0,0,0,-0.0297197,0.999433,0.0151727,0,0.997899,0.0305389,-0.0569684,0,-0.0574006,0.013448,-0.998261,0,0.524815,0.00503321,0.0512719,1,1.05363,-37.3431,0.862314,15.1963,0.34735,2.27217,0.102737,81.1858,-67.4889,143.39,73.3409,-6.94382,6.51846,25.9894,0.0556176,0.456367,-0.04315,-2.25277,0.0708604,2.6505,-0.862689,-0.0101529,0.236695,0.00298485,0.377377,0.00212152,-0.158739,-0.00143938,
1.837,0,0,0,0,0,0,0,0,0,0,0,0,0,0,0,0,-0.0298506,0.999429,0.0151995,0,0.997872,0.0306767,-0.0573769,0,-0.0578115,0.0134547,-0.998237,0,0.528412,0.00506851,0.0505516,1,1.24009,-37.0416,0.89802,15.4541,0.359251,2.27949,0.0954127,233.251,-98.9765,-100.04,-54.3741,10.3748,-32.5194,-20.781,0.0554148,0.465046,-0.0431231,-2.23916,0.0708625,2.64514,-0.862688,-0.00320718,0.261585,0.00112424,0.405598,-0.000144936,-0.149419,-0.00070581,
1.871,0,0,0,0,0,0,0,0,0,0,0,0,0,0,0,0,-0.0299555,0.999427,0.0151441,0,0.997883,0.0307748,-0.0571202,0,-0.0575546,0.0134013,-0.998252,0,0.531956,0.00510147,0.0498029,1,1.42655,-37.6407,1.23524,15.3431,0.341856,2.25844,0.0166774,43.7104,50.8086,122.01,127.037,-7.94439,-18.2916,-31.2179,0.0552797,0.473561,-0.043131,-2.22615,0.0708829,2.64089,-0.86265,-0.00459965,0.246451,-0.00284138,0.370135,0.00511882,-0.113697,0.0029137,
1.905,0,0,0,0,0,0,0,0,0,0,0,0,0,0,0,0,-0.0301413,0.999422,0.0150868,0,0.99791,0.0309493,-0.0565508,0,-0.0569862,0.013351,-0.998286,0,0.535438,0.00516231,0.049127,1,1.16868,-37.9818,0.937693,15.1963,0.377562,2.13393,0.056045,-106.102,-51.4119,79.6428,25.3039,-4.96254,-3.72868,-25.7981,0.0551798,0.481721,-0.0431174,-2.21356,0.0709046,2.63702,-0.862644,-0.00140114,0.231353,-0.00175704,0.362841,0.00220751,-0.113281,0.001688,
1.939,0,0,0,0,0,0,0,0,0,0,0,0,0,0,0,0,-0.0303106,0.999417,0.0150607,0,0.997878,0.0311233,-0.0570261,0,-0.0574627,0.0133005,-0.998259,0,0.538434,0.00526641,0.0481679,1,1.0933,-37.9422,0.89802,15.3788,0.395873,2.21724,0.109146,-106.611,-21.6284,73.3922,-57.465,7.11639,-9.33714,40.2016,0.055172,0.489895,-0.0431011,-2.20175,0.0709351,2.6329,-0.86256,-5.70744e-05,0.234737,-0.00162529,0.334447,0.000385968,-0.118566,0.00842904,
1.973,0,0,0,0,0,0,0,0,0,0,0,0,0,0,0,0,-0.0303623,0.999416,0.01506,0,0.997839,0.0311835,-0.0576738,0,-0.0581108,0.0132766,-0.998222,0,0.541142,0.00531229,0.0473462,1,1.24009,-38.3548,1.04878,15.3074,0.402281,2.22365,0.089004,-67.2769,-152.925,71.6358,135.975,-34.4325,-10.8123,25.8618,0.0551177,0.497227,-0.0431415,-2.19089,0.0709912,2.6287,-0.862495,-0.00274808,0.199291,-0.00218381,0.304785,0.00163918,-0.128507,0.000400906,
2.007,0,0,0,0,0,0,0,0,0,0,0,0,0,0,0,0,-0.0302427,0.999418,0.0151448,0,0.997805,0.0310775,-0.058312,0,-0.0587499,0.0133484,-0.998183,0,0.543511,0.00531115,0.0466604,1,1.61302,-37.7914,1.31062,15.6366,0.437987,2.32802,0.0954127,51.3117,19.9152,148.816,-203.045,-23.287,-19.625,16.4338,0.0549743,0.503585,-0.0431742,-2.1813,0.0711855,2.62482,-0.862492,-0.00897935,0.164945,-0.00677837,0.257541,0.000403089,-0.0970734,0.000284519,
2.041,0,0,0,0,0,0,0,0,0,0,0,0,0,0,0,0,-0.0303116,0.999416,0.0151353,0,0.997804,0.0311456,-0.0582984,0,-0.0587369,0.0133352,-0.998184,0,0.545433,0.00531435,0.0461274,1,1.20439,-38.204,0.937693,15.708,0.449889,2.16231,0.181472,-119.999,-94.7738,133.382,-114.758,17.1081,-0.904633,32.9161,0.054815,0.508564,-0.0431311,-2.17392,0.0711938,2.62243,-0.86251,-0.00292644,0.135306,0.00171556,0.188335,-0.000666476,-0.0590319,-0.00204107,
2.075,0,0,0,0,0,0,0,0,0,0,0,0,0,0,0,0,-0.0304186,0.999413,0.0151184,0,0.997795,0.0312527,-0.0583928,0,-0.0588322,0.0133091,-0.998179,0,0.546762,0.00536178,0.0456699,1,1.16868,-38.6563,0.937693,15.708,0.468199,2.15498,0.135696,-147.7,-175.124,108.546,28.6097,-12.5417,4.6329,-34.6055,0.054806,0.512252,-0.043116,-2.16866,0.071211,2.62076,-0.862502,-0.000542398,0.0877977,-0.000214321,0.125881,-1.84911e-05,-0.0464522,0.000684748,
2.109,0,0,0,0,0,0,0,0,0,0,0,0,0,0,0,0,-0.0303758,0.999415,0.0151115,0,0.997766,0.0312163,-0.0589002,0,-0.0593386,0.0132889,-0.998149,0,0.547384,0.00532567,0.0453603,1,1.35118,-38.1286,1.19953,15.7795,0.462706,2.17604,0.0954127,-210.066,104.442,-80.6929,-95.6112,25.5638,4.48143,-35.5355,0.0547412,0.514317,-0.0431609,-2.1658,0.0712164,2.61945,-0.862501,-0.00205957,0.0330771,-0.00174005,0.0534293,9.73705e-06,-0.0328319,0.00168485,
2.143,0,0,0,0,0,0,0,0,0,0,0,0,0,0,0,0,-0.0301655,0.99942,0.0151488,0,0.997747,0.0310142,-0.0593235,0,-0.0597601,0.0133254,-0.998124,0,0.547405,0.00521667,0.0453163,1,1.53764,-37.9065,1.15986,15.8905,0.407774,2.14766,0.121963,-78.0859,159.024,-172.808,149.454,-18.4754,8.04202,57.2753,0.0545341,0.514559,-0.0431695,-2.16538,0.0712303,2.61884,-0.862509,-0.00376675,-0.00505594,0.0034599,-0.00709291,0.00487984,-0.0030425,-0.000915356,
2.177,0,0,0,0,0,0,0,0,0,0,0,0,0,0,0,0,-0.0300905,0.999422,0.0152028,0,0.997748,0.030943,-0.0593529,0,-0.0597902,0.0133828,-0.998121,0,0.547359,0.00518953,0.0453999,1,1.24009,-37.6049,0.937693,15.8905,0.426085,2.16231,0.155838,-160.945,-109.095,120.418,223.199,7.41335,6.70889,44.1859,0.0544025,0.514274,-0.0431013,-2.16558,0.0712338,2.61873,-0.862512,-0.00288228,-0.00921366,0.000143354,-0.0107134,0.000115712,-0.00419916,-0.00220983,
2.211,0,0,0,0,0,0,0,0,0,0,0,0,0,0,0,0,-0.0301976,0.999418,0.0152564,0,0.99774,0.031054,-0.0594189,0,-0.0598593,0.0134279,-0.998117,0,0.547278,0.00527562,0.0454301,1,0.756083,-37.5296,0.485422,15.7795,0.456297,2.11378,0.0954127,-80.685,42.7063,-100.407,-126.191,21.3126,-2.25478,16.173,0.0544601,0.51406,-0.0430121,-2.16584,0.0712363,2.61871,-0.862493,0.00361908,-0.00798117,0.00339188,-0.00513228,-0.000366199,-0.000230929,-0.000154436,
2.245,0,0,0,0,0,0,0,0,0,0,0,0,0,0,0,0,-0.0302052,0.999417,0.0152778,0,0.997741,0.0310625,-0.0593954,0,-0.0598365,0.0134495,-0.998118,0,0.547256,0.00532366,0.0454636,1,1.05363,-37.5692,0.89802,15.8191,0.432494,2.09273,0.0761866,-86.3592,-4.89341,144.981,8.79167,7.26056,8.94349,-15.4657,0.054507,0.513933,-0.0429764,-2.16596,0.0712448,2.61872,-0.862432,-4.81485e-05,-3.60561e-05,-0.00151762,-0.00387291,-9.56255e-05,-0.000201093,0.00456522,
2.279,0,0,0,0,0,0,0,0,0,0,0,0,0,0,0,0,-0.0301538,0.999419,0.0152975,0,0.997738,0.0310134,-0.059474,0,-0.059915,0.0134698,-0.998113,0,0.547174,0.00531364,0.0454631,1,1.20439,-37.4939,0.822641,15.8548,0.407774,2.01674,0.102737,104.282,-41.9662,19.3131,-25.8318,1.2081,5.41968,16.0764,0.0544714,0.513793,-0.0429586,-2.1662,0.0712607,2.61875,-0.862422,-0.000676124,-0.00534776,-0.000738676,-0.0132077,0.00257461,0.00054995,-0.000160873,
2.313,0,0,0,0,0,0,0,0,0,0,0,0,0,0,0,0,-0.0300869,0.99942,0.0153373,0,0.997741,0.0309489,-0.0594605,0,-0.0599018,0.013514,-0.998113,0,0.546989,0.00534386,0.045515,1,1.16868,-37.4939,0.822641,15.8191,0.383971,1.97554,0.0825953,75.0803,-18.951,-61.0173,84.7074,15.7038,-8.41271,-13.5004,0.0544764,0.513307,-0.0429053,-2.16693,0.0712965,2.61901,-0.862353,0.00157942,-0.0159286,0.00155184,-0.0283951,-0.000239711,0.0118312,0.00202378,
2.347,0,0,0,0,0,0,0,0,0,0,0,0,0,0,0,0,-0.0301309,0.999418,0.0154049,0,0.997736,0.0309977,-0.0595286,0,-0.0599726,0.0135767,-0.998108,0,0.546684,0.00544357,0.0455685,1,0.756083,-37.5296,0.485422,16.1087,0.414183,1.96181,0.148513,-59.5487,85.3638,47.7789,234.054,-1.98192,-12.0008,12.7793,0.0545233,0.512606,-0.0427691,-2.16803,0.0712985,2.61934,-0.862261,0.00222908,-0.02038,0.00586175,-0.0457611,-9.07334e-05,0.0105552,-0.000897432,
2.381,0,0,0,0,0,0,0,0,0,0,0,0,0,0,0,0,-0.0303723,0.999408,0.0155244,0,0.997734,0.0312445,-0.0594286,0,-0.0598797,0.0136845,-0.998112,0,0.546221,0.00563584,0.0456146,1,0.573588,-37.4939,0.334665,15.9659,0.444396,1.79518,0.0825953,25.2903,70.7722,90.978,-148.798,45.9009,-27.5244,-4.70717,0.0545917,0.511577,-0.0424824,-2.16984,0.0712999,2.62023,-0.862232,0.00415322,-0.0405757,0.0083704,-0.0665224,-0.00064298,0.033874,0.0014557,
2.415,0,0,0,0,0,0,0,0,0,0,0,0,0,0,0,0,-0.0305846,0.999401,0.0155996,0,0.99774,0.0314581,-0.0592198,0,-0.0596762,0.0137534,-0.998123,0,0.545516,0.00581513,0.0456317,1,0.498209,-37.2677,0.223581,16.073,0.437987,1.69905,0.089004,107.456,59.1593,114.19,-47.4519,5.39383,-29.0789,5.4724,0.0546999,0.51013,-0.0422261,-2.17261,0.0713006,2.62177,-0.862184,0.00201721,-0.046271,0.00623209,-0.0896391,-0.000260273,0.0612599,0.00178293,
2.449,0,0,0,0,0,0,0,0,0,0,0,0,0,0,0,0,-0.0307047,0.999397,0.0156034,0,0.997784,0.031567,-0.0584046,0,-0.0588631,0.0137758,-0.998171,0,0.544737,0.00598035,0.0455626,1,0.387125,-36.9305,0.0728246,15.4541,0.432494,1.47749,0.0761866,90.4511,57.1509,26.3731,-42.1639,5.08018,3.60641,-1.31725,0.0547845,0.508612,-0.0419341,-2.17606,0.0713009,2.62453,-0.862053,0.000579178,-0.0444372,0.0113566,-0.117651,3.36484e-05,0.100153,0.00262404,
2.483,0,0,0,0,0,0,0,0,0,0,0,0,0,0,0,0,-0.0305464,0.999403,0.0155385,0,0.997854,0.0313898,-0.0572895,0,-0.0577441,0.0137554,-0.998237,0,0.543732,0.00609247,0.045361,1,0.347452,-36.7044,0.0728246,15.1963,0.383971,1.23579,0.0496363,25.8464,-92.4211,-53.1246,17.4224,-11.3564,20.3793,24.9874,0.0547967,0.506917,-0.0416234,-2.18049,0.0713066,2.62841,-0.861731,-0.000467311,-0.055409,0.00467651,-0.137308,0.000184737,0.121686,0.0027158,
2.517,0,0,0,0,0,0,0,0,0,0,0,0,0,0,0,0,-0.0304981,0.999406,0.0154104,0,0.997943,0.0313134,-0.0557733,0,-0.0562238,0.0136779,-0.998324,0,0.54262,0.00618861,0.0450844,1,0.276041,-35.9903,0.0728246,15.3431,0.359251,1.04262,0.0166774,-172.192,-17.3504,-85.6677,-8.4661,-24.8441,14.1921,17.9662,0.0548299,0.50512,-0.0413261,-2.18557,0.0713094,2.63322,-0.861524,0.00410016,-0.0520763,0.00426404,-0.154458,0.000386428,0.148004,0.0134818,
2.551,0,0,0,0,0,0,0,0,0,0,0,0,0,0,0,0,-0.0302732,0.999416,0.015245,0,0.998033,0.0310593,-0.0542792,0,-0.054722,0.013572,-0.998409,0,0.541287,0.00624304,0.0446785,1,0.498209,-35.9546,0.187876,14.9781,0.335448,1.07649,0.0496363,128.554,43.5236,131.525,15.4751,2.71701,6.64413,31.1792,0.0548111,0.50324,-0.0410234,-2.19135,0.0713167,2.63864,-0.861211,-0.000285497,-0.0574413,0.00209033,-0.195184,-0.00343695,0.184341,0.00787022,
2.585,0,0,0,0,0,0,0,0,0,0,0,0,0,0,0,0,-0.0301876,0.999422,0.0150198,0,0.998128,0.0309387,-0.0525814,0,-0.0530167,0.0134046,-0.998504,0,0.53979,0.0062508,0.0442028,1,0.311747,-35.7681,-0.00255384,14.6131,0.323546,0.703871,0.0432277,-10.423,6.4188,-20.3848,-119.385,-8.52822,-30.1999,55.5998,0.0547974,0.501196,-0.0407741,-2.19782,0.0713229,2.64479,-0.861095,-0.00116258,-0.0636828,0.0045065,-0.189097,5.69278e-05,0.174156,0.00436186,
2.619,0,0,0,0,0,0,0,0,0,0,0,0,0,0,0,0,-0.030108,0.999426,0.0148821,0,0.998186,0.0308377,-0.0515123,0,-0.0519427,0.0133045,-0.998561,0,0.538132,0.00632651,0.0438053,1,0.16099,-35.7681,-0.149343,14.502,0.323546,0.74507,-0.0428319,-59.0239,-52.2236,39.6459,115.095,2.30645,-24.0206,-19.8288,0.0548374,0.498817,-0.0404796,-2.20444,0.0713277,2.65012,-0.860892,-0.00474003,-0.0770991,0.00611872,-0.207215,0.000118999,0.153649,0.00415462,
2.653,0,0,0,0,0,0,0,0,0,0,0,0,0,0,0,0,-0.0300121,0.99943,0.014818,0,0.998203,0.030735,-0.0512454,0,-0.0516727,0.0132537,-0.998576,0,0.53609,0.00637906,0.0434845,1,0.200663,-35.4269,-0.00255384,14.9027,0.335448,0.828383,0.0359034,11.2383,-27.7135,110.466,-69.8827,32.2319,86.9133,27.9572,0.054835,0.495719,-0.0401932,-2.21188,0.0713264,2.65475,-0.860735,4.64007e-05,-0.103135,0.00883392,-0.231253,-0.000687661,0.132205,0.00307985,
2.687,0,0,0,0,0,0,0,0,0,0,0,0,0,0,0,0,-0.029849,0.999437,0.0147046,0,0.998195,0.0305698,-0.0515133,0,-0.0519348,0.0131407,-0.998564,0,0.533567,0.0063241,0.0431137,1,0.311747,-35.1294,0.148203,14.2481,0.275023,0.855849,-0.0300145,54.7391,-91.2305,50.1098,-104.253,-15.443,20.5102,-25.0815,0.0548389,0.491984,-0.0400688,-2.22061,0.0713333,2.6595,-0.860686,0.000415745,-0.110071,0.000748121,-0.269007,0.00058218,0.152534,0.00166747,
2.721,0,0,0,0,0,0,0,0,0,0,0,0,0,0,0,0,-0.0296172,0.999445,0.0146353,0,0.998142,0.0303496,-0.0526535,0,-0.0530694,0.0130489,-0.998506,0,0.530524,0.00621763,0.0427574,1,0.684672,-35.3912,0.334665,14.5734,0.256712,0.883315,-0.122483,81.9549,46.9663,60.6276,-28.7675,-12.0675,-45.4424,-43.2111,0.0548002,0.487456,-0.0399885,-2.23057,0.0713352,2.6638,-0.860674,-0.0032148,-0.148263,0.00242711,-0.318689,0.000119346,0.132437,0.00187635,
2.755,0,0,0,0,0,0,0,0,0,0,0,0,0,0,0,0,-0.0293576,0.999454,0.0145068,0,0.998112,0.0300927,-0.0533633,0,-0.0537718,0.012913,-0.99847,0,0.527241,0.00608588,0.0424437,1,0.533915,-34.8675,0.374338,14.5377,0.232909,0.966628,-0.155442,-70.1244,124.052,129.271,73.8806,-31.4083,26.1871,-98.9709,0.0547869,0.482325,-0.0399418,-2.24168,0.0713474,2.66908,-0.86067,-0.00243122,-0.161496,-0.00314008,-0.348812,-0.000120089,0.160588,0.00286929,
2.789,0,0,0,0,0,0,0,0,0,0,0,0,0,0,0,0,-0.029053,0.999465,0.014385,0,0.998067,0.0297948,-0.0543617,0,-0.0547623,0.0127781,-0.998418,0,0.523616,0.0059267,0.0421542,1,0.795756,-34.7168,0.525095,14.867,0.214598,1.33284,-0.136216,-39.01,-74.01,-55.4916,-267.019,0.65861,-39.007,14.296,0.0547532,0.476602,-0.0399128,-2.25376,0.0713546,2.67445,-0.860673,0.000378398,-0.172647,0.00163767,-0.359522,6.70382e-05,0.142784,-0.000175129,
2.823,0,0,0,0,0,0,0,0,0,0,0,0,0,0,0,0,-0.02871,0.999476,0.0142786,0,0.998016,0.0294606,-0.055477,0,-0.0558697,0.0126578,-0.998358,0,0.519544,0.00574764,0.041955,1,0.795756,-34.7921,0.485422,14.3909,0.172484,1.13875,-0.0895238,40.5082,-45.8649,2.5469,-54.5874,-11.3655,-27.7117,29.3179,0.0546881,0.469899,-0.0398714,-2.26735,0.0713633,2.68023,-0.860688,-0.00231316,-0.195279,-0.000441113,-0.411747,0.000129872,0.185429,-0.00188054,
2.857,0,0,0,0,0,0,0,0,0,0,0,0,0,0,0,0,-0.0283853,0.999487,0.0141417,0,0.997971,0.0291408,-0.0564389,0,-0.0568231,0.0125112,-0.998306,0,0.51522,0.00556574,0.0417726,1,0.795756,-34.4906,0.485422,14.3195,0.178893,1.12501,-0.103257,52.1144,-98.8524,47.5165,-25.8379,10.503,-7.04502,-21.5121,0.0546449,0.462719,-0.0398344,-2.28186,0.071363,2.68662,-0.86071,-0.00395745,-0.222209,0.00199928,-0.429797,-0.000372962,0.17481,-0.000716489,
2.891,0,0,0,0,0,0,0,0,0,0,0,0,0,0,0,0,-0.0280884,0.999497,0.014039,0,0.997889,0.028858,-0.0580104,0,-0.0583875,0.0123802,-0.998217,0,0.510392,0.00540503,0.0415343,1,0.831461,-34.1534,0.449717,13.9902,0.123961,1.17354,-0.222275,170.3,-21.636,-59.8369,-31.9366,8.14287,26.5453,-50.8541,0.0546396,0.454948,-0.0397815,-2.2976,0.0713691,2.69303,-0.860738,0.00333299,-0.237725,0.00615656,-0.484213,0.00230581,0.225228,0.00248528,
2.925,0,0,0,0,0,0,0,0,0,0,0,0,0,0,0,0,-0.0278605,0.999507,0.013823,0,0.997894,0.0286183,-0.0580465,0,-0.0584146,0.0121769,-0.998218,0,0.505664,0.00525239,0.0414049,1,0.644999,-33.6654,0.449717,14.3552,0.142272,1.34657,-0.0959325,-66.2862,-113.026,-106.256,140.146,-4.06,2.12788,71.9608,0.0546464,0.44685,-0.0396832,-2.31403,0.071367,2.70136,-0.860777,0.000246217,-0.249777,0.00011628,-0.489572,-9.80976e-05,0.237333,-0.00654947,
2.959,0,0,0,0,0,0,0,0,0,0,0,0,0,0,0,0,-0.0275575,0.999517,0.013678,0,0.997856,0.028317,-0.0588484,0,-0.0592084,0.0120272,-0.998173,0,0.500528,0.00509556,0.041328,1,0.831461,-33.5544,0.600474,14.3909,0.106566,1.33925,-0.248826,162.763,-33.1765,174.88,88.9249,12.0565,50.3989,-31.2654,0.054627,0.438098,-0.0395808,-2.33127,0.071371,2.70906,-0.86078,-0.000742946,-0.254925,-0.000349082,-0.502593,-0.000244153,0.238187,0.00109187,
2.993,0,0,0,0,0,0,0,0,0,0,0,0,0,0,0,0,-0.0274312,0.999523,0.0135243,0,0.997819,0.0281897,-0.0595175,0,-0.0598715,0.0118624,-0.998136,0,0.495188,0.00493783,0.0413031,1,0.871134,-33.2885,0.600474,13.9188,0.118468,1.63679,-0.248826,141.938,-123.765,-0.859575,-201.643,13.449,-7.82212,-24.9565,0.0546268,0.428891,-0.0394862,-2.34923,0.0713696,2.71717,-0.860948,-0.00477495,-0.266273,0.00314329,-0.553568,-0.000538814,0.237725,-0.00256704,
3.027,0,0,0,0,0,0,0,0,0,0,0,0,0,0,0,0,-0.0271685,0.999532,0.0133537,0,0.99779,0.0279246,-0.0601366,0,-0.0604825,0.0116906,-0.998101,0,0.489674,0.00474962,0.0413523,1,0.871134,-33.0267,0.711558,14.1727,0.0699449,1.47108,-0.308335,0.603172,-180.553,-32.7195,49.5564,-3.28766,53.1437,-11.1445,0.0546137,0.419242,-0.0394325,-2.36774,0.071374,2.72543,-0.861036,-0.00273007,-0.300982,0.00285175,-0.550993,-0.00010203,0.223688,0.00150784,
3.061,0,0,0,0,0,0,0,0,0,0,0,0,0,0,0,0,-0.0269095,0.99954,0.0132642,0,0.997708,0.0276775,-0.0615884,0,-0.0619284,0.0115767,-0.998013,0,0.483905,0.00455537,0.0414566,1,0.90684,-32.4276,0.671885,13.9902,0.0635362,1.53334,-0.321152,50.6166,99.191,-115.066,-20.4622,7.0545,-50.4933,-7.23202,0.0545717,0.409205,-0.039395,-2.38646,0.0713706,2.73268,-0.86116,0.00219676,-0.297419,0.000490581,-0.544162,-0.000234514,0.23779,-0.00105264,
3.095,0,0,0,0,0,0,0,0,0,0,0,0,0,0,0,0,-0.0266041,0.99955,0.0131174,0,0.997662,0.0273736,-0.0624649,0,-0.0627971,0.0114251,-0.997961,0,0.47803,0.00438323,0.0415424,1,0.982218,-31.7532,0.747263,13.5141,0.0278306,1.77504,-0.261643,-47.6567,-13.0776,-28.7281,62.3867,-27.76,-4.42894,82.1989,0.0545583,0.399007,-0.039316,-2.4058,0.0713748,2.74097,-0.86118,-0.000188986,-0.305473,0.00321106,-0.567068,0.000146782,0.243366,-0.00317452,
3.129,0,0,0,0,0,0,0,0,0,0,0,0,0,0,0,0,-0.0262094,0.999562,0.0130024,0,0.997581,0.0269889,-0.0639128,0,-0.064237,0.011296,-0.997871,0,0.472017,0.0041753,0.0416669,1,0.831461,-32.4633,0.711558,13.8791,0.00952007,1.93342,-0.361435,-85.2574,132.378,158.044,-149.917,5.17127,-45.7342,-17.9018,0.0545231,0.388622,-0.0393105,-2.42511,0.0713722,2.74847,-0.861185,-0.00245525,-0.304978,0.00126836,-0.577255,-0.000488984,0.213827,-0.000707601,
3.163,0,0,0,0,0,0,0,0,0,0,0,0,0,0,0,0,-0.025884,0.999573,0.0128584,0,0.997519,0.026667,-0.0649983,0,-0.0653147,0.0111443,-0.997802,0,0.466069,0.00399285,0.0417598,1,1.01792,-31.6778,0.862314,13.5141,-0.0325942,1.92702,-0.480454,50.2921,182.07,54.9519,-19.6903,7.16769,7.1885,-40.3509,0.0545137,0.378443,-0.0392744,-2.4443,0.0713721,2.75642,-0.861195,0.000164426,-0.307389,0.0030024,-0.578202,7.91783e-05,0.251434,0.000489838,
3.197,0,0,0,0,0,0,0,0,0,0,0,0,0,0,0,0,-0.0255121,0.999585,0.0126477,0,0.997454,0.0262946,-0.0661417,0,-0.0664481,0.0109283,-0.99773,0,0.459948,0.00376443,0.0415973,1,1.16868,-31.4517,1.0091,14.1013,-0.0509047,1.98927,-0.460312,136.178,-40.5871,24.3825,-57.9335,16.2894,-40.5399,-60.9245,0.0544411,0.368792,-0.0392382,-2.46374,0.0713741,2.76509,-0.861224,-0.00196191,-0.288905,0.000633167,-0.569405,-0.000418027,0.242527,-0.00255801,
3.231,0,0,0,0,0,0,0,0,0,0,0,0,0,0,0,0,-0.0252251,0.999595,0.0124259,0,0.997396,0.026004,-0.0671263,0,-0.0674235,0.0107005,-0.997667,0,0.453852,0.00356399,0.0414374,1,1.12901,-30.4757,0.937693,13.1491,-0.0994277,1.95448,-0.453904,17.786,87.3662,-58.8334,33.7674,-3.86907,10.4287,23.6399,0.0544105,0.359236,-0.0391882,-2.48308,0.0713747,2.77392,-0.86127,0.00199052,-0.266472,0.00319599,-0.570299,0.00019235,0.296889,-0.000605664,
3.265,0,0,0,0,0,0,0,0,0,0,0,0,0,0,0,0,-0.0251634,0.999601,0.0120777,0,0.997434,0.0259134,-0.0665901,0,-0.0668778,0.0103713,-0.997707,0,0.448149,0.00339219,0.041201,1,1.16868,-30.7376,0.89802,14.0259,-0.0994277,1.88582,-0.466721,26.8989,241.454,-27.9003,-24.3786,-4.7912,1.38051,-9.62727,0.0543872,0.350438,-0.0390434,-2.50197,0.0713743,2.78457,-0.861421,-0.00162437,-0.242189,0.00508245,-0.558734,0.000198027,0.299982,-0.00431212,
3.299,0,0,0,0,0,0,0,0,0,0,0,0,0,0,0,0,-0.0250443,0.999608,0.0116786,0,0.997476,0.0257622,-0.066017,0,-0.0662933,0.00999593,-0.99775,0,0.442512,0.00324203,0.0408135,1,0.982218,-29.9521,0.937693,12.6731,-0.104921,2.0442,-0.474045,-183.186,9.29053,42.2561,-5.42358,5.51839,28.5919,47.4872,0.0544099,0.342301,-0.0388818,-2.52044,0.0713753,2.79552,-0.861441,0.00295772,-0.23209,0.00681346,-0.52791,-0.00407864,0.329469,-0.00166894,
3.333,0,0,0,0,0,0,0,0,0,0,0,0,0,0,0,0,-0.0249067,0.999616,0.0112886,0,0.997504,0.0255956,-0.0656614,0,-0.0659264,0.00962524,-0.997778,0,0.437021,0.00306034,0.0404128,1,1.16868,-29.6862,1.0091,12.8952,-0.116823,1.71919,-0.433762,-29.4913,111.263,-67.6652,307.862,0.522666,-26.2819,20.0936,0.0543859,0.33458,-0.0387613,-2.53818,0.0713756,2.80593,-0.861505,-0.000263098,-0.216555,0.00414868,-0.493519,4.32843e-05,0.304411,-0.00228808,
3.367,0,0,0,0,0,0,0,0,0,0,0,0,0,0,0,0,-0.0250501,0.999617,0.0109082,0,0.997544,0.0257075,-0.0650041,0,-0.0652609,0.00925326,-0.997825,0,0.432116,0.00289685,0.0400294,1,0.982218,-29.6862,0.937693,13.1134,-0.0866103,2.01674,-0.500596,-238.399,263.498,-114.424,-129.777,-10.4479,-35.8362,-16.8928,0.0543682,0.327814,-0.038641,-2.55414,0.0713685,2.8158,-0.8618,0.00231723,-0.18874,0.00484552,-0.454991,-5.41403e-05,0.285034,-0.000467627,
3.401,0,0,0,0,0,0,0,0,0,0,0,0,0,0,0,0,-0.0250655,0.999621,0.0105346,0,0.997608,0.0256898,-0.064027,0,-0.0642746,0.00890465,-0.997893,0,0.42792,0.002762,0.0396969,1,1.20439,-28.8253,1.0091,11.9788,-0.104921,1.89223,-0.466721,6.09849,115.061,-54.6507,-207.407,-5.86288,25.0169,20.4937,0.0543441,0.322068,-0.0384998,-2.56798,0.0713647,2.82491,-0.861914,-0.00655183,-0.155964,0.00186865,-0.356796,-0.0032709,0.22088,0.000294815,
3.435,0,0,0,0,0,0,0,0,0,0,0,0,0,0,0,0,-0.0251469,0.999621,0.0102848,0,0.997653,0.0257486,-0.0632915,0,-0.0635336,0.00866921,-0.997942,0,0.424736,0.00269301,0.0395362,1,1.16868,-28.9761,0.973398,12.4192,-0.104921,2.06526,-0.486863,13.4355,150.751,-98.9819,60.7337,-41.4213,13.7672,-57.4432,0.0543408,0.317463,-0.0383517,-2.5785,0.0713514,2.83158,-0.862002,-0.0017612,-0.115233,0.00464367,-0.271522,0.00101162,0.166655,-0.00487293,
3.469,0,0,0,0,0,0,0,0,0,0,0,0,0,0,0,0,-0.0253612,0.999617,0.0101447,0,0.997693,0.0259475,-0.0625847,0,-0.0628252,0.00853421,-0.997988,0,0.422566,0.00271058,0.0394964,1,0.90684,-29.0118,0.822641,11.7249,-0.044496,1.94807,-0.400803,-46.8337,-2.93365,55.3284,-6.85063,18.5196,-1.99831,17.3402,0.0543669,0.3141,-0.0381437,-2.58583,0.0713398,2.83627,-0.862086,0.000697496,-0.0912712,0.00836854,-0.180912,-0.000229678,0.111771,-0.000786538,
3.503,0,0,0,0,0,0,0,0,0,0,0,0,0,0,0,0,-0.0256044,0.999611,0.0101449,0,0.997714,0.0261864,-0.0621375,0,-0.0623802,0.00853087,-0.998016,0,0.421421,0.00282072,0.0395546,1,0.871134,-28.7143,0.711558,12.0899,-0.044496,2.05794,-0.387986,25.2042,248.976,45.9853,75.7186,-10.9479,16.3625,50.9805,0.0543738,0.312067,-0.0378298,-2.58979,0.0713363,2.83865,-0.862075,5.27317e-05,-0.0420284,0.0113396,-0.0717167,-0.000110863,0.043928,-0.00237598,
3.537,0,0,0,0,0,0,0,0,0,0,0,0,0,0,0,0,-0.0257223,0.999608,0.0101957,0,0.997727,0.026305,-0.0618778,0,-0.0621229,0.0085811,-0.998032,0,0.421272,0.00290354,0.0396675,1,0.942545,-28.8253,0.786936,12.1256,-0.0628066,2.25844,-0.480454,118.803,82.1282,-74.2702,-38.7382,-14.2398,17.6193,9.60839,0.0543679,0.311441,-0.0376486,-2.5905,0.0713418,2.839,-0.862039,-0.000760407,-0.00434108,0.000653026,0.00904152,0.000653598,-0.000629541,0.0013885,
3.571,0,0,0,0,0,0,0,0,0,0,0,0,0,0,0,0,-0.025704,0.999608,0.0102061,0,0.997733,0.0262868,-0.061801,0,-0.0620462,0.00859458,-0.998036,0,0.421431,0.00289649,0.0396937,1,1.12901,-29.6862,1.08448,12.1613,-0.0692153,2.30696,-0.480454,-68.1797,-14.6451,226.606,-73.6488,-2.0017,-5.93474,-12.4866,0.0543274,0.311598,-0.0376398,-2.59006,0.0713394,2.8388,-0.862044,-0.000528992,0.0109338,-0.00217845,0.0132622,0.000131445,-0.0135166,0.0012464,
3.605,0,0,0,0,0,0,0,0,0,0,0,0,0,0,0,0,-0.0255931,0.999611,0.0101995,0,0.997725,0.0261772,-0.0619711,0,-0.0622152,0.00859047,-0.998026,0,0.421529,0.00284442,0.0395835,1,1.20439,-29.5752,1.08448,12.3835,-0.0747084,2.25844,-0.466721,-34.412,6.78601,-58.3466,196.399,5.69534,6.75576,-53.6117,0.054204,0.312125,-0.0376395,-2.58957,0.071342,2.83866,-0.862054,-0.00689827,0.0151697,0.000330241,0.0119169,-8.51984e-05,-1.92284e-05,0.00244304,
3.639,0,0,0,0,0,0,0,0,0,0,0,0,0,0,0,0,-0.0254686,0.999614,0.0101912,0,0.997722,0.0260532,-0.0620738,0,-0.0623166,0.00858717,-0.998019,0,0.421526,0.00277441,0.039518,1,1.27976,-29.3133,1.15986,12.4906,-0.116823,2.20991,-0.427353,-124.012,-226.267,97.3653,-86.3894,-22.247,-1.96558,15.9167,0.0540532,0.312341,-0.0376479,-2.58947,0.071342,2.83867,-0.862088,-0.00249114,-0.00284608,-0.000267267,0.000254203,0.00235816,-0.000302886,-0.000494242,
3.673,0,0,0,0,0,0,0,0,0,0,0,0,0,0,0,0,-0.0254742,0.999614,0.0102053,0,0.997726,0.0260591,-0.061999,0,-0.0622422,0.00860289,-0.998024,0,0.421551,0.00274383,0.0395524,1,1.24009,-28.8253,1.0091,12.3081,-0.0811171,2.27217,-0.387986,112.114,126.2,-112.878,72.4994,28.7683,-17.5185,10.0909,0.0539525,0.312262,-0.037627,-2.58946,0.0713391,2.83866,-0.862171,-0.00481786,-0.00147451,-0.000396569,0.00353846,-0.000598132,-0.000937145,-0.00906794,
3.707,0,0,0,0,0,0,0,0,0,0,0,0,0,0,0,0,-0.0256738,0.999608,0.0102275,0,0.997719,0.0262599,-0.0620302,0,-0.0622757,0.00861179,-0.998022,0,0.421544,0.00278314,0.0395376,1,0.982218,-29.2737,0.89802,12.3438,-0.0692153,2.27217,-0.321152,-24.1592,109.077,120.969,-34.3322,-7.88381,-3.2453,33.7466,0.0539846,0.312302,-0.0375736,-2.58945,0.0713378,2.83866,-0.862287,0.00363962,-0.000462225,0.00245309,0.00057906,5.26496e-05,0.000344971,-0.00481199,
3.741,0,0,0,0,0,0,0,0,0,0,0,0,0,0,0,0,-0.0260228,0.999599,0.0102772,0,0.997713,0.0266109,-0.0619733,0,-0.0622231,0.00864118,-0.998025,0,0.421561,0.00285626,0.0395621,1,0.756083,-28.6746,0.711558,12.3081,0.0040269,2.27949,-0.294602,-151.875,238.411,160.727,-48.7793,33.1183,-14.1974,43.5403,0.0540133,0.312242,-0.0374519,-2.58945,0.0713297,2.83865,-0.862483,0.00366797,-0.00516087,0.00123585,0.00075994,-0.000689653,-9.99944e-05,-0.00739719,
3.775,0,0,0,0,0,0,0,0,0,0,0,0,0,0,0,0,-0.0263599,0.999589,0.0103618,0,0.997706,0.0269524,-0.0619497,0,-0.0622047,0.00870521,-0.998025,0,0.421566,0.00299459,0.0395989,1,0.684672,-28.9761,0.560801,12.4192,0.0461412,2.27217,-0.275376,6.50363,-29.6335,21.6638,31.2134,12.0844,-28.49,92.8745,0.0540527,0.312128,-0.0372093,-2.58946,0.0713202,2.83858,-0.862541,0.000888267,-0.000799571,0.00885973,0.000410193,6.89488e-05,-0.00100929,-0.00153584,
3.809,0,0,0,0,0,0,0,0,0,0,0,0,0,0,0,0,-0.0266541,0.99958,0.0104523,0,0.997699,0.0272514,-0.0619181,0,-0.0621782,0.00877807,-0.998026,0,0.421581,0.003145,0.0396484,1,0.533915,-28.9007,0.449717,12.4192,0.058043,2.29323,-0.301926,-43.2944,10.3905,26.28,-63.874,-18.725,-7.10595,-23.9486,0.0541052,0.311985,-0.0369549,-2.58947,0.0713221,2.83848,-0.862541,0.000319379,-0.00337761,0.00608498,0.000378736,0.000202815,-0.00407717,0.00129829,
3.843,0,0,0,0,0,0,0,0,0,0,0,0,0,0,0,0,-0.0268707,0.999574,0.0105314,0,0.997693,0.0274725,-0.0619169,0,-0.062181,0.00884357,-0.998026,0,0.421593,0.00325501,0.0397033,1,0.609293,-28.9761,0.485422,12.4192,0.0763536,2.34816,-0.248826,-5.6945,-155.544,73.7609,-73.4233,-6.83161,-38.0863,-36.4776,0.0541196,0.311825,-0.0367522,-2.58947,0.0713211,2.83832,-0.862549,0.000595308,-0.00355916,0.00460306,-0.00300211,-0.000234478,-0.00189007,-0.000222037,
3.877,0,0,0,0,0,0,0,0,0,0,0,0,0,0,0,0,-0.0270193,0.999569,0.0105906,0,0.997685,0.0276252,-0.0619866,0,-0.0622537,0.00889146,-0.998021,0,0.421588,0.00333213,0.0397482,1,0.458536,-28.8611,0.263254,12.4549,0.112059,2.32069,-0.242417,67.0129,79.731,-78.4113,13.2562,-0.0852208,-4.06506,29.2944,0.0541413,0.311677,-0.0366236,-2.58947,0.0713177,2.8381,-0.86255,-0.00041705,-0.005319,0.00287837,-0.000720338,-0.000101105,-0.000581055,-0.000412657,
3.911,0,0,0,0,0,0,0,0,0,0,0,0,0,0,0,0,-0.0271666,0.999565,0.0106368,0,0.997685,0.0277745,-0.0619243,0,-0.062194,0.00893012,-0.998024,0,0.421612,0.00340666,0.0398059,1,0.498209,-28.7857,0.29896,12.4192,0.118468,2.31428,-0.248826,98.7493,3.36985,50.0747,30.9758,6.70684,-17.0688,-39.8495,0.0541713,0.311522,-0.0365049,-2.58947,0.0713122,2.83801,-0.862548,-7.27712e-05,-0.00487602,0.00327764,-0.000161913,6.27344e-05,-5.61574e-05,0.00206049,
3.945,0,0,0,0,0,0,0,0,0,0,0,0,0,0,0,0,-0.0272739,0.999561,0.0106875,0,0.997687,0.0278839,-0.0618315,0,-0.0621036,0.00897653,-0.998029,0,0.421654,0.00346317,0.0399055,1,0.458536,-28.75,0.334665,12.3835,0.118468,2.34816,-0.162766,117.204,-36.3208,153.067,-17.3832,-20.4492,-1.80161,61.5632,0.0541788,0.311255,-0.0364091,-2.58946,0.0713122,2.83783,-0.862554,-0.00190576,-0.00574389,-0.0014772,0.00142101,0.000492339,-0.00461711,-0.00272569,
3.979,0,0,0,0,0,0,0,0,0,0,0,0,0,0,0,0,-0.0273153,0.99956,0.0107264,0,0.997687,0.0279274,-0.0618142,0,-0.0620878,0.00901328,-0.99803,0,0.421675,0.00349197,0.039996,1,0.458536,-28.8611,0.334665,12.4192,0.13037,2.42415,-0.195725,-22.526,-127.636,-46.2653,-66.2449,3.14553,24.0224,-3.15269,0.0541774,0.310994,-0.0363629,-2.58947,0.0713108,2.83759,-0.86255,-0.000111471,-0.00693576,0.000109068,0.00121938,-6.88287e-05,-0.00704272,9.73451e-05,
4.013,0,0,0,0,0,0,0,0,0,0,0,0,0,0,0,0,-0.0271296,0.999565,0.010712,0,0.997691,0.0277414,-0.0618421,0,-0.0621136,0.00900964,-0.998028,0,0.421671,0.00343494,0.0400144,1,0.533915,-28.5992,0.223581,12.4549,0.166991,2.39027,-0.136216,266.29,44.766,-51.5314,57.159,1.06636,5.09289,-5.06654,0.0541101,0.310931,-0.0364248,-2.58948,0.0713116,2.83751,-0.862491,-0.00204352,-0.000175894,-0.002776,-0.00133072,-0.000289132,0.000129822,2.24327e-05,
4.047,0,0,0,0,0,0,0,0,0,0,0,0,0,0,0,0,-0.0270199,0.999568,0.0106953,0,0.997692,0.0276311,-0.0618633,0,-0.0621333,0.00899923,-0.998027,0,0.421665,0.00338907,0.0400028,1,0.684672,-28.9364,0.410044,12.3438,0.154173,2.36189,-0.181992,-10.1191,5.22297,-85.2665,-51.5029,-0.136058,-22.5349,-9.67098,0.0540597,0.310962,-0.0364738,-2.58948,0.071313,2.83752,-0.86248,-0.0016385,0.000792798,-0.00352387,0.00100787,9.67157e-05,0.000209106,0.000695037,
4.081,0,0,0,0,0,0,0,0,0,0,0,0,0,0,0,0,-0.0270512,0.999567,0.0106961,0,0.997692,0.0276624,-0.0618579,0,-0.0621282,0.00899823,-0.998028,0,0.421666,0.00339893,0.0400059,1,0.458536,-28.7857,0.374338,12.3835,0.160582,2.37654,-0.109665,-205.331,-34.2083,49.4825,21.8036,-7.14907,-20.6868,3.60551,0.0540821,0.310952,-0.0364732,-2.58948,0.0713123,2.83752,-0.862488,0.00418209,0.000705874,0.000850703,-0.00747532,0.000158094,0.000609614,-0.000858014,
4.115,0,0,0,0,0,0,0,0,0,0,0,0,0,0,0,0,-0.0270524,0.999567,0.0106994,0,0.99769,0.027664,-0.0618824,0,-0.0621528,0.00900082,-0.998026,0,0.421655,0.00340289,0.0400027,1,0.498209,-28.7143,0.334665,12.4906,0.154173,2.43788,-0.189316,44.3963,49.414,-5.71363,37.543,-10.5933,-11.104,-61.1917,0.0540826,0.310947,-0.0364655,-2.5895,0.071313,2.83751,-0.862482,-0.000652925,-0.00130799,-0.000511841,-0.00116219,0.000187978,-1.09332e-05,0.00226387,
4.149,0,0,0,0,0,0,0,0,0,0,0,0,0,0,0,0,-0.0270646,0.999567,0.0107012,0,0.997686,0.0276768,-0.0619412,0,-0.0622118,0.0090002,-0.998022,0,0.421622,0.00340706,0.0399867,1,0.533915,-28.8253,0.29896,12.566,0.172484,2.42415,-0.155442,121.366,-13.5278,4.68271,5.51977,15.6755,-18.5363,4.07499,0.0540865,0.310954,-0.0364587,-2.58955,0.0713109,2.83751,-0.862483,0.00354155,0.000659356,5.20981e-05,0.000313326,-0.000282587,0.000434113,-0.000116122,
4.183,0,0,0,0,0,0,0,0,0,0,0,0,0,0,0,0,-0.0270346,0.999568,0.0106971,0,0.997688,0.0276465,-0.0619276,0,-0.0621978,0.00899838,-0.998023,0,0.421629,0.00339127,0.039989,1,0.644999,-28.8253,0.449717,12.4906,0.154173,2.37654,-0.0959325,-62.0101,-22.0744,140.829,-117.575,-1.57756,30.0296,39.4529,0.0540659,0.310955,-0.0364732,-2.58955,0.071313,2.83751,-0.862489,-0.000415128,0.000741988,-0.000714902,0.00103749,0.00014347,-0.000163039,-0.00167272,
4.217,0,0,0,0,0,0,0,0,0,0,0,0,0,0,0,0,-0.0270695,0.999567,0.0106994,0,0.997689,0.0276812,-0.0618941,0,-0.0621647,0.00899942,-0.998025,0,0.421638,0.00340728,0.0400003,1,0.387125,-28.5238,0.334665,12.4906,0.166991,2.34816,-0.142624,-174.078,44.6806,120.267,-40.3937,11.845,9.88568,43.3161,0.0540928,0.310929,-0.0364644,-2.58955,0.0713116,2.83752,-0.862487,0.00186052,-0.00146481,-0.000961369,-0.000112488,-0.00100439,-0.00014137,-0.00014433,
4.251,0,0,0,0,0,0,0,0,0,0,0,0,0,0,0,0,-0.0270715,0.999567,0.0107025,0,0.997693,0.0276828,-0.0618295,0,-0.0621002,0.00900417,-0.998029,0,0.421661,0.00341287,0.0400177,1,0.533915,-28.4128,0.263254,12.3438,0.154173,2.27217,-0.175583,173.367,-1.63972,35.7139,-32.4981,-10.373,20.1837,-45.5273,0.0540897,0.310904,-0.0364513,-2.58952,0.071313,2.83754,-0.86248,-0.00184437,-0.000173735,-0.000372884,0.00138141,6.78333e-05,-5.66757e-05,0.00105775,
4.285,0,0,0,0,0,0,0,0,0,0,0,0,0,0,0,0,-0.0270752,0.999566,0.0107015,0,0.997697,0.0276857,-0.0617577,0,-0.0620284,0.00900491,-0.998034,0,0.421695,0.00341311,0.0400347,1,0.498209,-28.4485,0.223581,12.2367,0.160582,2.2447,-0.149033,-41.3704,-62.5851,-74.2721,-39.4158,0.282449,12.7073,45.1224,0.0540882,0.310895,-0.0364509,-2.58947,0.0713123,2.83755,-0.862483,0.00094754,0.00136377,0.00248005,0.00174111,-3.54705e-05,0.00222004,-0.000318434,
4.319,0,0,0,0,0,0,0,0,0,0,0,0,0,0,0,0,-0.0270806,0.999566,0.0107013,0,0.997698,0.027691,-0.0617529,0,-0.0620236,0.00900449,-0.998034,0,0.421696,0.00341696,0.0400348,1,0.458536,-28.4485,0.223581,12.2724,0.166991,2.23097,-0.195725,25.6665,19.3471,-36.3284,68.1599,11.8557,-8.40105,-15.2084,0.054095,0.310895,-0.0364488,-2.58947,0.0713116,2.83756,-0.862479,-0.000346957,-9.39807e-05,0.000637411,5.41607e-05,-0.00401714,0.000223322,0.00153716,
4.353,0,0,0,0,0,0,0,0,0,0,0,0,0,0,0,0,-0.027078,0.999566,0.0107002,0,0.997698,0.0276885,-0.0617548,0,-0.0620254,0.00900353,-0.998034,0,0.421694,0.00341114,0.0400359,1,0.498209,-28.3731,0.334665,12.3081,0.166991,2.25844,-0.0959325,26.9279,83.6922,107.242,-55.7025,22.3692,-16.5029,-7.98989,0.054089,0.31089,-0.0364556,-2.58948,0.0713116,2.83756,-0.862489,-0.00105858,-0.000555045,-0.00150885,-0.000277754,-0.000349857,0.000153136,-0.00129164,
4.387,0,0,0,0,0,0,0,0,0,0,0,0,0,0,0,0,-0.0270892,0.999566,0.010704,0,0.997697,0.0276998,-0.0617523,0,-0.0620232,0.00900672,-0.998034,0,0.421695,0.00341745,0.0400397,1,0.458536,-28.3731,0.223581,12.3081,0.166991,2.27217,-0.109665,65.9224,-117.934,-103.408,23.6817,-4.67644,29.4211,20.9833,0.0540918,0.310877,-0.0364456,-2.58948,0.0713116,2.83755,-0.862488,0.00017526,0.000506185,0.000928979,-0.00356428,-0.00223697,-0.000341134,-3.74377e-05,
4.421,0,0,0,0,0,0,0,0,0,0,0,0,0,0,0,0,-0.0270941,0.999566,0.0107041,0,0.997698,0.0277047,-0.0617457,0,-0.0620166,0.00900671,-0.998034,0,0.421698,0.0034191,0.0400394,1,0.458536,-28.4485,0.223581,12.2367,0.154173,2.25203,-0.0895238,28.0561,103.571,31.1985,-104.903,-7.83707,8.89557,40.0259,0.054095,0.310883,-0.0364448,-2.58948,0.071313,2.83756,-0.86249,0.00388695,0.000128123,0.000475897,0.00562239,0.000164625,-0.000133693,-0.00212267,
4.455,0,0,0,0,0,0,0,0,0,0,0,0,0,0,0,0,-0.0270877,0.999566,0.0107028,0,0.997697,0.0276983,-0.0617538,0,-0.0620246,0.00900556,-0.998034,0,0.421693,0.00341921,0.0400383,1,0.422831,-28.4128,0.263254,12.3438,0.166991,2.2447,-0.162766,-40.1258,-22.5659,58.867,111.045,-1.03808,4.38154,-1.57955,0.0540982,0.31088,-0.0364473,-2.58948,0.0713116,2.83755,-0.862482,0.00126143,0.000259257,-0.000519025,-0.00157956,-0.000238627,8.1179e-05,0.00113964,
4.489,0,0,0,0,0,0,0,0,0,0,0,0,0,0,0,0,-0.0270884,0.999566,0.0107037,0,0.997698,0.027699,-0.0617498,0,-0.0620207,0.00900652,-0.998034,0,0.421695,0.00341676,0.0400405,1,0.498209,-28.3731,0.263254,12.3438,0.160582,2.25844,-0.0959325,46.9983,-19.7522,64.8107,76.5073,-10.5936,11.897,1.24166,0.0540922,0.310874,-0.0364473,-2.58948,0.0713123,2.83755,-0.862489,-0.00138931,0.001039,0.00126916,-0.00312638,4.51187e-05,-9.58125e-05,-0.00109141,
4.523,0,0,0,0,0,0,0,0,0,0,0,0,0,0,0,0,-0.0270911,0.999566,0.0107051,0,0.997697,0.027702,-0.0617644,0,-0.0620354,0.00900734,-0.998033,0,0.421691,0.00342254,0.0400361,1,0.422831,-28.4881,0.187876,12.3081,0.154173,2.31428,-0.189316,105.355,85.8575,-23.9296,-16.5844,-29.9449,3.20341,-6.94653,0.0540999,0.310885,-0.036442,-2.58948,0.071313,2.83755,-0.86248,-0.000376731,0.000674706,0.00159025,-0.000724645,0.000490548,-0.000288444,0.00262492,
4.557,0,0,0,0,0,0,0,0,0,0,0,0,0,0,0,0,-0.0270979,0.999566,0.0107044,0,0.997696,0.0277088,-0.0617765,0,-0.0620474,0.00900585,-0.998033,0,0.421687,0.00342145,0.0400309,1,0.458536,-28.5992,0.263254,12.3438,0.160582,2.29964,-0.109665,206.505,2.25041,228.555,14.9519,4.53034,-8.13587,36.6525,0.0541003,0.310896,-0.0364441,-2.58948,0.0713123,2.83755,-0.862488,-0.000970857,-0.000184195,-0.00593408,-0.000993256,-7.9874e-05,-9.98297e-05,-0.0024098,
4.591,0,0,0,0,0,0,0,0,0,0,0,0,0,0,0,0,-0.0270937,0.999566,0.0107058,0,0.997697,0.0277045,-0.0617601,0,-0.0620311,0.00900797,-0.998034,0,0.421692,0.0034217,0.0400387,1,0.458536,-28.3731,0.223581,12.3438,0.154173,2.31428,-0.136216,-0.562965,40.2216,11.1066,-40.273,-11.5776,-11.9748,-23.9238,0.0540975,0.310877,-0.0364418,-2.58948,0.071313,2.83754,-0.862485,8.43106e-05,-0.00052413,0.00024008,-0.00107111,0.000139189,0.000328671,0.000487131,
4.625,0,0,0,0,0,0,0,0,0,0,0,0,0,0,0,0,-0.0271054,0.999566,0.0107072,0,0.997695,0.0277165,-0.0617786,0,-0.0620497,0.00900814,-0.998032,0,0.421686,0.00342699,0.0400307,1,0.387125,-28.6389,0.148203,12.3081,0.154173,2.31428,-0.136216,90.1272,-126.85,7.19688,-52.1458,-22.6468,5.16813,-26.4077,0.0541032,0.310896,-0.0364354,-2.58949,0.071313,2.83754,-0.862485,-8.31393e-05,0.00191485,0.00113634,0.000625804,0.000400378,-6.47244e-05,-0.000829879,
4.659,0,0,0,0,0,0,0,0,0,0,0,0,0,0,0,0,-0.0270954,0.999566,0.0107053,0,0.997696,0.0277063,-0.0617691,0,-0.06204,0.00900713,-0.998033,0,0.421689,0.00342365,0.0400341,1,0.422831,-28.4881,0.223581,12.3438,0.160582,2.29964,-0.169175,-74.5099,73.9348,59.146,33.2832,-13.4633,-12.1574,-4.61958,0.054101,0.310889,-0.0364405,-2.58948,0.0713123,2.83755,-0.862481,-0.000396923,-0.000535376,0.00019635,-0.000783033,0.000307408,0.00020348,0.00128104,
4.693,0,0,0,0,0,0,0,0,0,0,0,0,0,0,0,0,-0.0271012,0.999566,0.0107059,0,0.997697,0.0277121,-0.0617608,0,-0.0620318,0.00900765,-0.998034,0,0.421693,0.00342212,0.0400375,1,0.422831,-28.4485,0.223581,12.2724,0.160582,2.32069,-0.0831151,-124.323,66.9712,44.0959,-28.0619,5.69675,26.555,33.1084,0.0540978,0.310883,-0.0364413,-2.58948,0.0713123,2.83754,-0.862491,0.000428017,8.7131e-05,-0.000454302,0.00130071,0.00025647,-0.000331388,-0.00226002,
4.727,0,0,0,0,0,0,0,0,0,0,0,0,0,0,0,0,-0.0271151,0.999565,0.0107076,0,0.997696,0.027726,-0.0617634,0,-0.0620346,0.00900833,-0.998033,0,0.421692,0.00343205,0.0400365,1,0.311747,-28.4485,0.148203,12.2724,0.172484,2.32069,-0.169175,-182.966,169.319,-1.56416,-60.458,8.7455,38.7815,7.45024,0.0541117,0.310885,-0.0364329,-2.58948,0.0713109,2.83754,-0.862481,0.00174328,-0.000817539,0.000362434,0.00044501,-0.00024345,-0.000479454,-0.00442925,
4.761,0,0,0,0,0,0,0,0,0,0,0,0,0,0,0,0,-0.0271102,0.999565,0.0107083,0,0.997696,0.0277212,-0.0617635,0,-0.0620347,0.00900939,-0.998033,0,0.421691,0.0034299,0.0400358,1,0.458536,-28.4881,0.112497,12.3081,0.166991,2.29323,-0.155442,110.74,33.3458,-135.291,-25.7197,5.23237,-20.8436,-41.6981,0.0541039,0.310885,-0.0364304,-2.58948,0.0713116,2.83755,-0.862483,-0.00116292,-0.000764767,0.00139994,0.000261678,0.00476871,0.000349865,0.000933349,
4.795,0,0,0,0,0,0,0,0,0,0,0,0,0,0,0,0,-0.0271075,0.999566,0.0107063,0,0.997696,0.0277185,-0.0617721,0,-0.0620432,0.0090073,-0.998033,0,0.421688,0.00342426,0.0400334,1,0.422831,-28.5238,0.223581,12.3438,0.166991,2.30696,-0.0767064,-115.499,-49.1247,21.4019,62.1793,6.62288,18.8528,19.2486,0.0541007,0.310889,-0.0364389,-2.58949,0.0713116,2.83755,-0.862491,0.000839963,0.000407189,-0.000772917,-0.000328507,3.51592e-05,1.15637e-05,-0.00191463,
4.829,0,0,0,0,0,0,0,0,0,0,0,0,0,0,0,0,-0.027114,0.999565,0.010707,0,0.997696,0.0277249,-0.061764,0,-0.0620352,0.00900787,-0.998033,0,0.421691,0.0034307,0.0400365,1,0.311747,-28.4485,0.187876,12.3438,0.160582,2.30696,-0.149033,-63.907,-42.9337,10.8478,-28.6857,-10.1484,-13.8512,5.88519,0.0541119,0.310883,-0.0364357,-2.58948,0.0713119,2.83755,-0.862484,0.0060741,-0.000920053,-0.00285886,-0.000343428,0.000192078,8.67501e-05,-0.000131384,
4.863,0,0,0,0,0,0,0,0,0,0,0,0,0,0,0,0,-0.0271187,0.999565,0.010709,0,0.997695,0.0277298,-0.0617771,0,-0.0620484,0.00900922,-0.998032,0,0.421684,0.00343007,0.040032,1,0.422831,-28.5238,0.112497,12.4192,0.166991,2.29964,-0.0831151,21.7602,45.6452,-175.263,162.987,17.4016,0.432116,34.5198,0.0541039,0.310889,-0.0364297,-2.58949,0.0713116,2.83755,-0.862491,-0.000777148,0.000219753,0.00199839,-0.00276033,-8.7822e-06,-8.41551e-05,-0.00166378,
4.897,0,0,0,0,0,0,0,0,0,0,0,0,0,0,0,0,-0.0271152,0.999565,0.0107082,0,0.997696,0.0277262,-0.0617703,0,-0.0620415,0.00900874,-0.998033,0,0.421688,0.00343054,0.0400346,1,0.347452,-28.4881,0.148203,12.3835,0.160582,2.31428,-0.122483,-224.22,-36.1872,-128.52,95.3924,7.06907,6.23773,-45.9556,0.0541084,0.310885,-0.0364329,-2.58949,0.0713123,2.83754,-0.862486,0.00144078,0.000777028,-0.00263193,-0.00147286,0.000169769,-0.000585764,0.000441892,
4.931,0,0,0,0,0,0,0,0,0,0,0,0,0,0,0,0,-0.0271101,0.999565,0.0107063,0,0.997696,0.027721,-0.0617692,0,-0.0620403,0.00900725,-0.998033,0,0.421689,0.00342929,0.0400348,1,0.387125,-28.4881,0.187876,12.3438,0.184386,2.30696,-0.169175,-55.2552,-21.045,51.1418,30.4165,26.18,3.7277,7.44257,0.0541085,0.310885,-0.0364356,-2.58949,0.0713096,2.83755,-0.862481,0.00459708,0.000669804,-3.62223e-05,-0.000129416,-0.000598976,-0.000262608,0.00136542,
4.965,0,0,0,0,0,0,0,0,0,0,0,0,0,0,0,0,-0.0271102,0.999565,0.0107077,0,0.997696,0.0277211,-0.0617636,0,-0.0620348,0.00900882,-0.998033,0,0.421691,0.00342626,0.0400364,1,0.458536,-28.4485,0.187876,12.3438,0.154173,2.29964,-0.0767064,5.62598,86.8089,19.8968,1.10321,-24.4814,-1.97164,84.5106,0.0541014,0.310883,-0.0364356,-2.58949,0.071313,2.83755,-0.862491,-0.00215835,-0.00157409,3.05548e-05,-0.000370789,0.000256166,5.6839e-05,-0.00265305,
4.999,0,0,0,0,0,0,0,0,0,0,0,0,0,0,0,0,-0.0271046,0.999566,0.0107075,0,0.997696,0.0277155,-0.0617665,0,-0.0620376,0.00900881,-0.998033,0,0.42169,0.00342812,0.0400354,1,0.347452,-28.4881,0.187876,12.3438,0.142272,2.30696,-0.155442,-176.062,-34.4385,-59.2043,7.53109,-51.4851,23.957,-24.0356,0.054106,0.310885,-0.0364357,-2.58948,0.0713143,2.83755,-0.862483,0.00143014,0.000522632,-6.10202e-05,-0.000486196,0.00154206,-0.000219647,0.00114226,
5.033,0,0,0,0,0,0,0,0,0,0,0,0,0,0,0,0,-0.0271219,0.999565,0.0107082,0,0.997695,0.0277328,-0.0617686,0,-0.0620399,0.00900843,-0.998033,0,0.421689,0.0034322,0.0400342,1,0.311747,-28.5238,0.148203,12.3081,0.166991,2.29964,-0.0959325,-22.4092,-9.01532,-31.3276,-37.8016,14.4238,2.72205,29.3585,0.0541124,0.310888,-0.0364329,-2.58949,0.0713126,2.83755,-0.862489,-0.000161915,0.00078308,-0.000378488,-3.40135e-06,0.0065941,-4.59782e-05,-0.00207908,
5.067,0,0,0,0,0,0,0,0,0,0,0,0,0,0,0,0,-0.0271075,0.999566,0.0107084,0,0.997696,0.0277185,-0.0617612,0,-0.0620324,0.00900973,-0.998033,0,0.421692,0.00342833,0.0400371,1,0.458536,-28.4485,0.148203,12.3081,0.154173,2.30696,-0.136216,55.5229,40.8547,-55.5538,15.2592,-21.105,13.9723,-44.4456,0.0541021,0.310883,-0.0364322,-2.58948,0.071313,2.83755,-0.862485,-0.000472371,-0.000245435,0.000256312,0.000493111,0.000186837,-0.000258911,0.000134669,
5.101,0,0,0,0,0,0,0,0,0,0,0,0,0,0,0,0,-0.0271114,0.999565,0.0107066,0,0.997695,0.0277224,-0.0617801,0,-0.0620513,0.00900711,-0.998032,0,0.421685,0.00342772,0.0400299,1,0.347452,-28.5992,0.187876,12.3835,0.166991,2.29964,-0.122483,-220.39,-86.1314,-36.9181,182.52,5.65739,1.48906,34.2597,0.0541062,0.310896,-0.0364364,-2.58949,0.0713116,2.83755,-0.862487,0.00234902,0.00174675,4.33074e-07,-0.00157016,-2.94089e-05,0.00392291,-0.000441566,
5.135,0,0,0,0,0,0,0,0,0,0,0,0,0,0,0,0,-0.0271154,0.999565,0.0107075,0,0.997696,0.0277263,-0.0617596,0,-0.0620309,0.00900833,-0.998034,0,0.421693,0.00343213,0.0400373,1,0.347452,-28.4485,0.187876,12.3081,0.166991,2.29323,-0.189316,-32.3472,6.66084,102.782,40.9246,4.41058,1.33586,-47.5358,0.0541123,0.310883,-0.0364332,-2.58948,0.0713116,2.83755,-0.862482,-0.000170065,-0.00036395,-0.000506073,0.000273691,-0.000254379,0.000157171,0.00316652,
5.169,0,0,0,0,0,0,0,0,0,0,0,0,0,0,0,0,-0.0271163,0.999565,0.0107085,0,0.997695,0.0277273,-0.0617715,0,-0.0620428,0.00900899,-0.998033,0,0.421688,0.00343021,0.040033,1,0.422831,-28.5635,0.148203,12.3438,0.166991,2.29964,-0.109665,-137.133,-124.178,-67.8358,-2.95066,1.05522,-0.216738,-19.0408,0.0541049,0.310891,-0.0364305,-2.58949,0.0713116,2.83755,-0.862488,0.00103433,0.0024812,0.00101323,-0.000908657,0.000115889,-0.00106948,7.73835e-06,
5.203,0,0,0,0,0,0,0,0,0,0,0,0,0,0,0,0,-0.027098,0.999566,0.0107061,0,0.997696,0.0277089,-0.0617651,0,-0.0620361,0.00900794,-0.998033,0,0.42169,0.00342469,0.0400355,1,0.422831,-28.4881,0.223581,12.3438,0.160582,2.29323,-0.162766,38.8106,-59.3007,76.314,119.3,0.998535,-10.6915,2.30584,0.0541004,0.310885,-0.0364379,-2.58948,0.0713123,2.83755,-0.862482,0.000595024,-0.000114407,-0.000969579,-0.000670499,0.000141882,9.2778e-05,0.00104123,
5.237,0,0,0,0,0,0,0,0,0,0,0,0,0,0,0,0,-0.0271231,0.999565,0.0107088,0,0.997696,0.0277341,-0.0617641,0,-0.0620354,0.00900905,-0.998033,0,0.42169,0.00343315,0.0400355,1,0.311747,-28.4881,0.148203,12.3438,0.160582,2.2859,-0.103257,-253.85,-91.8353,-107.607,128.55,-12.6059,-19.1455,-0.867111,0.0541117,0.310885,-0.0364304,-2.58948,0.0713123,2.83755,-0.862488,0.0017318,0.0012418,0.00082644,-0.000319767,0.000266074,0.000466855,-0.000463235,
5.271,0,0,0,0,0,0,0,0,0,0,0,0,0,0,0,0,-0.027117,0.999565,0.0107081,0,0.997696,0.027728,-0.0617659,0,-0.0620372,0.00900874,-0.998033,0,0.421691,0.00343175,0.040035,1,0.311747,-28.5238,0.187876,12.3081,0.14868,2.29323,-0.122483,-193.999,-24.142,10.0518,20.4702,-31.7578,9.76977,29.9686,0.0541117,0.310888,-0.0364332,-2.58948,0.0713136,2.83755,-0.862486,-0.000962816,0.000828122,0.000587966,0.000210344,0.000582913,-4.67261e-06,-0.000609301,
5.305,0,0,0,0,0,0,0,0,0,0,0,0,0,0,0,0,-0.0271106,0.999565,0.0107083,0,0.997696,0.0277215,-0.0617597,0,-0.0620309,0.00900946,-0.998034,0,0.421693,0.00343074,0.0400373,1,0.387125,-28.4485,0.187876,12.3081,0.166991,2.29323,-0.169175,-184.724,-38.5226,14.8569,-53.6388,12.4773,3.6784,-22.7992,0.0541056,0.310883,-0.0364303,-2.58948,0.0713116,2.83755,-0.862481,0.000720389,-3.78103e-05,0.00609829,0.00024641,-0.000260594,4.57168e-05,0.00162751,
5.339,0,0,0,0,0,0,0,0,0,0,0,0,0,0,0,0,-0.0271062,0.999566,0.0107063,0,0.997697,0.027717,-0.0617584,0,-0.0620296,0.00900778,-0.998034,0,0.421693,0.00342812,0.0400373,1,0.387125,-28.4485,0.223581,12.3081,0.172484,2.27949,-0.169175,-131.652,4.13908,186.044,19.3989,18.3495,-28.3874,-26.2071,0.0541061,0.310883,-0.036436,-2.58948,0.0713109,2.83755,-0.862481,0.00224246,-0.000918673,-0.00154907,0.000889418,-0.000213503,0.000625734,0.0020388,
5.373,0,0,0,0,0,0,0,0,0,0,0,0,0,0,0,0,-0.0271256,0.999565,0.0107111,0,0.997696,0.0277367,-0.0617625,0,-0.0620339,0.00901129,-0.998033,0,0.421692,0.00343653,0.040036,1,0.387125,-28.4881,0.0728246,12.3081,0.160582,2.29323,-0.136216,176.254,-43.4082,-125.205,-28.8075,15.879,-2.50151,-2.75939,0.0541099,0.310885,-0.0364221,-2.58948,0.0713123,2.83755,-0.862485,-0.00159762,0.00134465,0.00203452,0.000741485,-4.00715e-05,0.000199784,0.000157855,
5.407,0,0,0,0,0,0,0,0,0,0,0,0,0,0,0,0,-0.0271097,0.999565,0.0107068,0,0.997696,0.0277206,-0.061762,0,-0.0620332,0.00900792,-0.998033,0,0.421691,0.00342971,0.0400368,1,0.387125,-28.4128,0.223581,12.3438,0.172484,2.29323,-0.169175,9.54459,104.074,106.878,-15.521,19.9749,2.76614,-23.3102,0.0541086,0.310882,-0.036435,-2.58948,0.0713109,2.83755,-0.862481,0.000653981,-0.00101592,-0.00132072,-0.000425697,-0.000326481,0.00387885,0.00102241,
5.441,0,0,0,0,0,0,0,0,0,0,0,0,0,0,0,0,-0.027115,0.999565,0.0107084,0,0.997696,0.0277259,-0.061759,0,-0.0620303,0.00900933,-0.998034,0,0.421692,0.00343295,0.0400374,1,0.347452,-28.4485,0.148203,12.3081,0.166991,2.2859,-0.175583,-80.5198,42.9758,8.00282,-22.7346,-8.65791,-16.4308,-27.7791,0.0541101,0.310882,-0.0364297,-2.58948,0.0713116,2.83755,-0.86248,0.000844336,-0.00047731,-5.14011e-05,0.000104437,-4.47446e-05,5.35826e-05,0.00230195,
5.475,0,0,0,0,0,0,0,0,0,0,0,0,0,0,0,0,-0.0271206,0.999565,0.0107085,0,0.997696,0.0277315,-0.0617564,0,-0.0620277,0.00900911,-0.998034,0,0.421694,0.00343083,0.0400379,1,0.422831,-28.4485,0.187876,12.2724,0.166991,2.2859,-0.0831151,118.8,-39.9362,7.53715,-222.824,-22.4238,-10.2474,92.8716,0.0541071,0.310883,-0.0364314,-2.58948,0.0713116,2.83755,-0.862491,-0.000545429,0.00148311,0.00146392,0.000796527,-0.00137169,-0.000210126,-0.00252003,
5.509,0,0,0,0,0,0,0,0,0,0,0,0,0,0,0,0,-0.0271191,0.999565,0.0107082,0,0.997696,0.02773,-0.0617638,0,-0.0620351,0.0090087,-0.998033,0,0.421691,0.00343039,0.0400355,1,0.422831,-28.4881,0.187876,12.3081,0.166991,2.29323,-0.0895238,113.154,-18.336,11.7805,11.6596,-3.10396,17.3873,-4.74543,0.0541071,0.310887,-0.0364321,-2.58948,0.0713116,2.83755,-0.86249,-0.00135884,0.00604445,-0.00110104,0.000159335,-4.91875e-06,-0.000191064,-0.000965989,
5.543,0,0,0,0,0,0,0,0,0,0,0,0,0,0,0,0,-0.0271152,0.999565,0.0107081,0,0.997696,0.0277261,-0.0617573,0,-0.0620286,0.00900907,-0.998034,0,0.421693,0.00343265,0.0400374,1,0.347452,-28.4485,0.187876,12.3081,0.166991,2.27217,-0.169175,-146.883,69.929,111.009,-19.5357,12.9445,-6.67133,-30.2505,0.0541102,0.310883,-0.0364303,-2.58948,0.0713116,2.83755,-0.862481,0.00149125,0.00039409,0.00146787,-0.000320131,-0.00413596,0.000128951,0.00213955,
5.577,0,0,0,0,0,0,0,0,0,0,0,0,0,0,0,0,-0.0271169,0.999565,0.0107076,0,0.997696,0.0277278,-0.0617626,0,-0.0620339,0.00900826,-0.998033,0,0.42169,0.00343268,0.0400363,1,0.347452,-28.4485,0.223581,12.3438,0.172484,2.27949,-0.162766,-81.1515,32.0999,177.308,50.6769,16.0844,-11.1119,17.2392,0.0541125,0.310882,-0.0364321,-2.58949,0.0713109,2.83755,-0.862482,0.000989578,3.62855e-05,-0.00261719,0.000255443,-0.0002589,-5.73585e-05,0.000856379,
5.611,0,0,0,0,0,0,0,0,0,0,0,0,0,0,0,0,-0.0271118,0.999565,0.0107078,0,0.997696,0.0277228,-0.0617649,0,-0.0620361,0.00900879,-0.998033,0,0.42169,0.00343035,0.0400354,1,0.387125,-28.4881,0.187876,12.3081,0.160582,2.2859,-0.149033,-18.3193,-103.1,21.224,-80.3555,-11.9629,31.1063,32.78,0.0541074,0.310885,-0.0364324,-2.58949,0.0713123,2.83755,-0.862483,0.000379074,0.000240039,-0.00113175,-0.000416393,0.000291648,-0.000129944,0.000341148,
5.645,0,0,0,0,0,0,0,0,0,0,0,0,0,0,0,0,-0.027124,0.999565,0.0107075,0,0.997696,0.0277348,-0.061752,0,-0.0620233,0.00900803,-0.998034,0,0.421696,0.00343245,0.0400395,1,0.311747,-28.4128,0.223581,12.2367,0.160582,2.2859,-0.0895238,-208.315,8.31326,201.603,-150.316,6.964,21.2556,89.5045,0.0541149,0.31088,-0.0364349,-2.58948,0.0713119,2.83755,-0.86249,-0.00444694,-0.000519741,-0.00144777,0.00211318,-0.00531087,0.000153008,-0.00233099,
5.679,0,0,0,0,0,0,0,0,0,0,0,0,0,0,0,0,-0.0271171,0.999565,0.0107083,0,0.997696,0.0277281,-0.0617637,0,-0.062035,0.00900893,-0.998033,0,0.42169,0.0034338,0.0400355,1,0.347452,-28.4881,0.148203,12.3438,0.166991,2.27949,-0.175583,-81.4553,-82.3869,-47.0021,121.502,7.3377,-1.61557,-7.42324,0.0541124,0.310885,-0.0364297,-2.58948,0.0713116,2.83755,-0.86248,-0.000207502,0.000372663,0.00370523,0.000220174,0.000103608,5.88054e-06,0.00155148,
5.713,0,0,0,0,0,0,0,0,0,0,0,0,0,0,0,0,-0.0271211,0.999565,0.0107088,0,0.997697,0.027732,-0.0617495,0,-0.0620208,0.00900964,-0.998034,0,0.421695,0.00343273,0.0400399,1,0.387125,-28.3731,0.148203,12.3081,0.160582,2.27949,-0.109665,-9.79007,58.486,16.1596,-50.2965,-5.53771,-4.06233,-3.34389,0.0541095,0.310877,-0.0364297,-2.58948,0.0713123,2.83755,-0.862488,-0.00326028,-0.00450104,0.000272145,-0.00180232,-0.00240653,0.00061157,-0.000663814,
5.747,0,0,0,0,0,0,0,0,0,0,0,0,0,0,0,0,-0.0271248,0.999565,0.0107092,0,0.997696,0.0277357,-0.0617553,0,-0.0620267,0.00900964,-0.998034,0,0.421694,0.00343314,0.0400385,1,0.387125,-28.4128,0.148203,12.2724,0.166991,2.27949,-0.0895238,-56.3113,92.4178,-82.9142,-84.7058,2.27035,-8.31608,31.8431,0.0541096,0.31088,-0.0364289,-2.58948,0.0713116,2.83755,-0.86249,6.04579e-05,-0.000206726,0.000422499,0.000159415,-0.0041036,0.000216008,-0.00217951,
5.781,0,0,0,0,0,0,0,0,0,0,0,0,0,0,0,0,-0.0271234,0.999565,0.0107094,0,0.997696,0.0277344,-0.0617623,0,-0.0620337,0.00900965,-0.998033,0,0.421691,0.00343418,0.0400357,1,0.387125,-28.4881,0.148203,12.3438,0.172484,2.29964,-0.155442,47.3712,-95.2545,61.6761,88.8604,-2.68865,16.1231,6.81606,0.0541096,0.310885,-0.0364265,-2.58948,0.0713109,2.83755,-0.862486,0.000159414,0.00109006,6.80297e-05,-0.000718828,0.000709195,0.00872218,0.000619665,
5.815,0,0,0,0,0,0,0,0,0,0,0,0,0,0,0,0,-0.0271045,0.999566,0.010708,0,0.997696,0.0277155,-0.0617604,0,-0.0620315,0.00900948,-0.998034,0,0.421691,0.00342884,0.0400374,1,0.458536,-28.4128,0.187876,12.3438,0.154173,2.27949,-0.175583,36.9029,13.6973,-27.1422,71.5576,-30.5526,7.50161,-107.564,0.0541038,0.310879,-0.0364324,-2.58949,0.071313,2.83755,-0.86248,-0.00159122,-0.000397253,-0.00072664,-0.00106953,0.000177805,-0.000335045,0.00253183,
5.849,0,0,0,0,0,0,0,0,0,0,0,0,0,0,0,0,-0.0271267,0.999565,0.010709,0,0.997696,0.0277377,-0.0617591,0,-0.0620305,0.00900919,-0.998034,0,0.421692,0.00343495,0.0400371,1,0.311747,-28.4485,0.148203,12.3081,0.160582,2.27949,-0.109665,-123.584,69.4148,137.921,64.1497,-5.77826,-10.9875,-3.1802,0.0541149,0.310883,-0.0364296,-2.58948,0.0713123,2.83755,-0.862488,-0.000436806,-0.00016948,0.000171734,0.000197483,-0.000135103,0.000916605,-0.00109745,
5.883,0,0,0,0,0,0,0,0,0,0,0,0,0,0,0,0,-0.0271208,0.999565,0.0107098,0,0.997696,0.0277317,-0.0617566,0,-0.0620279,0.00901038,-0.998034,0,0.421693,0.00343205,0.0400389,1,0.422831,-28.3731,0.148203,12.3081,0.154173,2.29323,-0.0895238,103.701,93.4386,-21.8737,-23.9577,5.2626,30.301,30.2294,0.0541071,0.310877,-0.0364289,-2.58948,0.071313,2.83755,-0.86249,-0.000941954,-0.00119245,-2.17665e-05,0.000487544,7.47312e-05,-0.000439438,0.000560035,
5.917,0,0,0,0,0,0,0,0,0,0,0,0,0,0,0,0,-0.0271029,0.999566,0.0107086,0,0.997697,0.0277138,-0.0617589,0,-0.06203,0.00901027,-0.998034,0,0.421692,0.00342842,0.0400378,1,0.498209,-28.4128,0.148203,12.3438,0.160582,2.2859,-0.181992,220.394,79.8762,9.09153,135.403,16.0736,29.0654,-75.414,0.0540994,0.31088,-0.0364297,-2.58948,0.0713123,2.83755,-0.86248,-0.00147532,0.000480941,0.000295593,-0.000437459,-1.47478e-05,0.00270929,0.00228298,
5.951,0,0,0,0,0,0,0,0,0,0,0,0,0,0,0,0,-0.0271209,0.999565,0.0107092,0,0.997696,0.0277319,-0.061759,0,-0.0620303,0.00900976,-0.998034,0,0.421692,0.00343548,0.0400377,1,0.311747,-28.4128,0.148203,12.3438,0.172484,2.2859,-0.175583,-124.688,115.536,-1.67977,-68.38,15.8359,26.2438,-19.6266,0.0541127,0.31088,-0.0364268,-2.58948,0.0713109,2.83755,-0.86248,0.00220073,-0.00117041,0.000396031,-0.000811411,-0.000462609,-0.000153552,0.00131566,
5.985,0,0,0,0,0,0,0,0,0,0,0,0,0,0,0,0,-0.0271236,0.999565,0.0107102,0,0.997696,0.0277346,-0.0617619,0,-0.0620333,0.00901047,-0.998033,0,0.421691,0.00343658,0.0400357,1,0.347452,-28.4881,0.112497,12.3438,0.160582,2.26576,-0.189316,-12.4637,-154.302,-110.442,129.359,2.19954,-26.0419,-112.383,0.0541124,0.310885,-0.036424,-2.58948,0.0713123,2.83755,-0.862482,0.000483508,0.00148746,0.00190005,-0.000480373,-3.47525e-05,0.00073135,0.0026706,
6.019,0,0,0,0,0,0,0,0,0,0,0,0,0,0,0,0,-0.0271293,0.999565,0.0107086,0,0.997696,0.0277403,-0.0617626,0,-0.062034,0.00900848,-0.998033,0,0.42169,0.00343278,0.0400361,1,0.347452,-28.4485,0.187876,12.3438,0.166991,2.27217,-0.0767064,-106.163,34.4768,89.6703,27.1975,-6.2438,-18.2364,38.7831,0.0541124,0.310883,-0.0364317,-2.58949,0.0713116,2.83755,-0.862495,0.00144949,0.00355112,-0.000599044,-0.000448396,-5.99051e-05,0.000246426,-0.00163706,
6.053,0,0,0,0,0,0,0,0,0,0,0,0,0,0,0,0,-0.0271234,0.999565,0.0107082,0,0.997696,0.0277343,-0.061758,0,-0.0620293,0.00900864,-0.998034,0,0.421694,0.00343271,0.0400369,1,0.347452,-28.4881,0.223581,12.2724,0.160582,2.27217,-0.103257,-49.0966,-181.253,179.378,-112.763,-20.8963,-23.1315,35.1674,0.0541124,0.310885,-0.036432,-2.58948,0.0713123,2.83755,-0.862489,0.00134323,0.00144071,-0.00170558,0.00133039,-0.000388948,-0.00514181,-0.00196265,
6.087,0,0,0,0,0,0,0,0,0,0,0,0,0,0,0,0,-0.0271175,0.999565,0.010709,0,0.997696,0.0277286,-0.0617683,0,-0.0620396,0.00900946,-0.998033,0,0.421688,0.00343306,0.0400343,1,0.387125,-28.4881,0.148203,12.4192,0.160582,2.2859,-0.149033,-1.47043,-100.412,2.86706,242.099,-16.7766,-4.50966,20.2155,0.0541096,0.310885,-0.0364286,-2.58949,0.0713123,2.83755,-0.862483,-0.000499843,0.000960058,0.000552643,-0.00225844,0.00010196,-0.000709808,0.000304512,
