0.001,0,0,0,0,0,0,0,0,0,0,0,0,0,0,0,0,0.0167064,0.999671,0.0189713,0,0.997052,-0.015238,-0.0750658,0,-0.0747534,0.0201699,-0.996998,0,0.452426,-0.0102569,0.0389937,1,0.311747,-31.7532,0.485422,12.4192,0.123961,1.54707,0.215347,53.9287,-78.7391,29.7046,-174.974,-3.09682,-11.5498,73.0431,-0.0395251,0.36505,0.0148427,-2.48092,0.0357424,2.77039,-0.82866,-1.96974e-05,0.00133692,0.000804307,0.00171764,-0.000168305,0.000234207,-0.00276126,
0.035,0,0,0,0,0,0,0,0,0,0,0,0,0,0,0,0,0.0166814,0.999671,0.0189776,0,0.997053,-0.0152127,-0.0750669,0,-0.0747549,0.0201742,-0.996998,0,0.452426,-0.0102397,0.0389929,1,0.200663,-31.7532,0.374338,12.4192,0.13037,1.55348,0.121963,-4.15353,-72.069,-163.791,-125.189,-3.02003,34.1482,-4.71011,-0.0395109,0.365052,0.014863,-2.48092,0.0357413,2.77039,-0.828651,-0.000190084,0.000482152,0.00161016,0.00134389,-0.000111702,-0.000472234,0.00112105,
0.069,0,0,0,0,0,0,0,0,0,0,0,0,0,0,0,0,0.0166845,0.999671,0.0189768,0,0.997053,-0.0152159,-0.0750621,0,-0.0747501,0.0201737,-0.996998,0,0.452427,-0.0102405,0.0389931,1,0.200663,-31.7889,0.449717,12.4549,0.123961,1.52602,0.115554,-1.91579,-97.4849,-54.7811,-73.1855,6.39436,-14.0201,-20.3623,-0.0395098,0.365052,0.0148608,-2.48092,0.0357424,2.77039,-0.82865,0.00103669,0.00112294,0.000106037,0.000326962,0.00012095,0.000425544,0.00243461,
0.103,0,0,0,0,0,0,0,0,0,0,0,0,0,0,0,0,0.016689,0.999671,0.0189769,0,0.997053,-0.0152204,-0.0750572,0,-0.0747451,0.020174,-0.996999,0,0.452429,-0.0102423,0.0389949,1,0.276041,-31.7135,0.449717,12.4549,0.118468,1.53975,0.115554,13.9315,-104.427,-20.8934,-35.2844,-26.3751,3.69656,-45.7415,-0.0395138,0.36505,0.0148608,-2.48091,0.035743,2.77039,-0.82865,-0.000810471,-0.000285416,0.00113904,0.0011108,0.000141371,-0.000259827,0.00210246,
0.137,0,0,0,0,0,0,0,0,0,0,0,0,0,0,0,0,0.0166949,0.999671,0.018975,0,0.997054,-0.0152266,-0.0750534,0,-0.0747412,0.0201724,-0.996999,0,0.452429,-0.0102495,0.0389939,1,0.347452,-31.7889,0.525095,12.4549,0.13037,1.51228,0.181472,56.085,-69.3896,101.085,59.6202,1.96916,-32.9305,-35.4747,-0.0395233,0.365052,0.0148555,-2.48091,0.0357417,2.7704,-0.828657,-0.000136697,0.00104528,-0.00126388,-0.00442097,-0.000292722,0.000354436,0.000243783,
0.171,0,0,0,0,0,0,0,0,0,0,0,0,0,0,0,0,0.0166878,0.999671,0.0189759,0,0.997055,-0.0152198,-0.075037,0,-0.074725,0.0201726,-0.997,0,0.452436,-0.0102462,0.0389977,1,0.311747,-31.7532,0.485422,12.4192,0.123961,1.51869,0.181472,308.32,2.17139,101.833,-66.0589,-16.2633,6.80779,48.8394,-0.0395187,0.365051,0.0148583,-2.4809,0.0357424,2.77041,-0.828657,-0.00237882,7.29407e-05,-0.000738359,0.000474723,0.00031178,7.17325e-05,-0.00101066,
0.205,0,0,0,0,0,0,0,0,0,0,0,0,0,0,0,0,0.0166675,0.999671,0.0189788,0,0.997056,-0.0151994,-0.0750295,0,-0.0747178,0.0201739,-0.997001,0,0.452439,-0.0102384,0.0389994,1,0.276041,-31.7532,0.410044,12.4192,0.136778,1.50496,0.215347,193.807,-68.0724,23.8722,-105.342,16.3261,-13.0742,3.78228,-0.0395122,0.36505,0.0148675,-2.4809,0.0357409,2.77041,-0.828661,-0.00145883,0.00058275,0.000326779,0.00154276,-8.92609e-06,0.00028116,-0.00128895,
0.239,0,0,0,0,0,0,0,0,0,0,0,0,0,0,0,0,0.016691,0.999671,0.0189744,0,0.997056,-0.0152233,-0.075022,0,-0.0747099,0.0201711,-0.997001,0,0.452442,-0.0102488,0.0389994,1,0.347452,-31.7532,0.525095,12.4549,0.13037,1.50496,0.188797,86.1201,-69.2605,25.0291,25.5788,-10.8974,-5.09492,52.6497,-0.0395212,0.365053,0.0148559,-2.4809,0.0357417,2.77042,-0.828658,-0.000801157,7.55626e-05,-0.000601236,-0.000398775,0.000258178,4.28061e-05,-0.000820609,
0.273,0,0,0,0,0,0,0,0,0,0,0,0,0,0,0,0,0.016695,0.999671,0.0189735,0,0.997056,-0.0152275,-0.0750187,0,-0.0747066,0.0201705,-0.997002,0,0.452444,-0.0102494,0.0390006,1,0.347452,-31.7532,0.485422,12.4192,0.13037,1.51869,0.135696,55.3694,-90.9145,-5.16734,-69.7222,-11.0831,4.73725,-20.0886,-0.0395244,0.365052,0.0148575,-2.48089,0.0357381,2.77042,-0.828652,-0.000368213,0.000672738,0.000485087,0.0012199,0.00018502,0.000230149,0.00193265,
0.307,0,0,0,0,0,0,0,0,0,0,0,0,0,0,0,0,0.0166785,0.999671,0.0189747,0,0.997056,-0.0152109,-0.0750205,0,-0.0747087,0.0201705,-0.997001,0,0.452443,-0.0102444,0.039001,1,0.276041,-31.7135,0.449717,12.4549,0.142272,1.53334,0.181472,46.8447,116.36,-116.28,58.8674,5.65895,2.97529,-53.1522,-0.0395172,0.36505,0.0148608,-2.48089,0.0357367,2.77041,-0.828657,0.000229885,-0.00100028,0.000372764,0.00047686,8.18251e-05,-4.13953e-05,0.000325931,
0.341,0,0,0,0,0,0,0,0,0,0,0,0,0,0,0,0,0.0166671,0.999671,0.0189738,0,0.997056,-0.0151996,-0.0750215,0,-0.0747099,0.0201687,-0.997001,0,0.452444,-0.0102425,0.0390011,1,0.236368,-31.7135,0.485422,12.4192,0.14868,1.52602,0.181472,-22.0499,17.7287,53.5271,2.3142,-3.31082,-9.03799,43.1789,-0.0395102,0.36505,0.0148583,-2.48089,0.0357348,2.77041,-0.828662,-0.00126112,-0.000607313,-0.000388162,0.000779044,0.000220513,0.00014009,3.03464e-05,
0.375,0,0,0,0,0,0,0,0,0,0,0,0,0,0,0,0,0.0166762,0.999671,0.0189724,0,0.997056,-0.0152088,-0.0750213,0,-0.0747096,0.020168,-0.997001,0,0.452443,-0.0102478,0.039,1,0.311747,-31.7532,0.525095,12.4549,0.160582,1.52602,0.188797,-85.726,82.6532,4.87169,-42.0643,28.7263,-1.77936,-44.5044,-0.0395187,0.365053,0.0148555,-2.48089,0.0357335,2.77041,-0.828663,-0.000960827,-0.000309008,0.00112962,-0.000259854,-0.000420168,4.33364e-06,0.000992771,
0.409,0,0,0,0,0,0,0,0,0,0,0,0,0,0,0,0,0.0166891,0.999671,0.0189719,0,0.997055,-0.0152214,-0.0750375,0,-0.0747255,0.0201687,-0.997,0,0.452437,-0.0102559,0.0389948,1,0.387125,-31.8286,0.560801,12.4906,0.142272,1.52602,0.234573,87.739,-100.918,65.1953,16.3184,-2.86182,5.57342,56.1043,-0.0395304,0.365062,0.0148498,-2.4809,0.0357359,2.77041,-0.82867,-0.00243976,0.000517074,-0.000307982,-0.000905807,0.000413084,0.000154496,-0.0027466,
0.443,0,0,0,0,0,0,0,0,0,0,0,0,0,0,0,0,0.0166785,0.999671,0.0189718,0,0.997056,-0.015211,-0.0750278,0,-0.074716,0.0201677,-0.997001,0,0.452441,-0.0102493,0.0389982,1,0.276041,-31.7532,0.485422,12.4549,0.14868,1.51869,0.162246,-110.831,68.5714,-48.8918,-48.8839,5.6895,-22.4868,-38.9469,-0.039518,0.365056,0.0148521,-2.48089,0.0357348,2.77041,-0.828665,0.000740132,0.000912775,0.00071917,0.000898881,-0.000353421,0.000588248,0.00137528,
0.476,0,0,0,0,0,0,0,0,0,0,0,0,0,0,0,0,0.0166927,0.999671,0.0189701,0,0.997055,-0.015225,-0.0750401,0,-0.074728,0.0201672,-0.997,0,0.452438,-0.0102563,0.0389941,1,0.347452,-31.8286,0.560801,12.4549,0.154173,1.55348,0.162246,-126.508,21.9375,61.1834,-25.9176,15.453,-6.76658,7.85653,-0.0395276,0.365065,0.0148466,-2.48089,0.0357342,2.77041,-0.828665,0.000898724,-3.72255e-05,-0.000788111,0.000601118,-0.000519468,-0.000153747,0.00115339,
0.51,0,0,0,0,0,0,0,0,0,0,0,0,0,0,0,0,0.0167004,0.999671,0.0189686,0,0.997055,-0.015233,-0.0750313,0,-0.0747191,0.0201662,-0.997001,0,0.452441,-0.0102627,0.0389972,1,0.387125,-31.7532,0.600474,12.4192,0.142272,1.54707,0.215347,102.195,118.442,114.656,-31.8005,-4.19278,-2.03614,27.431,-0.0395346,0.36506,0.0148407,-2.48089,0.0357355,2.77041,-0.828671,-0.000908192,-0.00155162,0.00184981,0.000642919,-0.00125443,0.000125501,-0.00201673,
0.546,0,0,0,0,0,0,0,0,0,0,0,0,0,0,0,0,0.0166892,0.999671,0.0189693,0,0.997054,-0.0152215,-0.0750434,0,-0.0747314,0.0201663,-0.997,0,0.452437,-0.0102554,0.0389931,1,0.311747,-31.8286,0.560801,12.4549,0.14868,1.56721,0.175064,-61.4685,-45.3568,132.898,41.2244,4.16525,-18.039,21.5617,-0.0395221,0.365067,0.0148435,-2.48089,0.0357348,2.77041,-0.828666,-0.000434823,0.000366251,-0.00106386,4.69357e-05,0.000161941,-0.000136093,0.000592144,
0.58,0,0,0,0,0,0,0,0,0,0,0,0,0,0,0,0,0.0166903,0.999671,0.0189708,0,0.997053,-0.0152221,-0.0750633,0,-0.0747513,0.0201681,-0.996998,0,0.452432,-0.0102577,0.0389871,1,0.347452,-31.9397,0.560801,12.4549,0.136778,1.5956,0.228164,18.3986,-80.5007,9.39431,-95.2093,-5.72736,21.4516,30.7622,-0.0395276,0.365079,0.0148435,-2.48089,0.0357361,2.7704,-0.828672,0.000830269,0.00172226,0.00379035,0.000556765,9.82655e-05,-0.000505907,-0.00222598,
0.614,0,0,0,0,0,0,0,0,0,0,0,0,0,0,0,0,0.0167176,0.999671,0.0189681,0,0.997053,-0.0152497,-0.0750562,0,-0.0747437,0.0201674,-0.996999,0,0.452433,-0.0102654,0.0389911,1,0.387125,-31.7889,0.600474,12.4549,0.142272,1.58827,0.148513,-35.8797,4.23,13.1247,61.0747,-7.4076,-11.5142,-28.5621,-0.03954,0.365068,0.0148396,-2.4809,0.0357355,2.7704,-0.82866,0.000584071,8.55491e-06,-0.000888209,0.000314553,-0.000170928,0.000283849,0.00153357,
0.648,0,0,0,0,0,0,0,0,0,0,0,0,0,0,0,0,0.0167021,0.999671,0.0189694,0,0.997053,-0.0152341,-0.0750606,0,-0.0747483,0.0201676,-0.996998,0,0.452431,-0.0102572,0.0389889,1,0.276041,-31.8286,0.525095,12.5263,0.136778,1.57454,0.142105,-3.20224,24.9929,-34.8656,168.832,-4.99081,24.714,-29.2286,-0.0395259,0.365071,0.014843,-2.4809,0.0357361,2.7704,-0.828659,0.00125746,0.000238479,-0.000140909,-0.0018452,0.000253334,-0.000417517,0.00168629,
0.682,0,0,0,0,0,0,0,0,0,0,0,0,0,0,0,0,0.0166615,0.999671,0.0189754,0,0.997055,-0.0151934,-0.0750458,0,-0.0747342,0.0201703,-0.996999,0,0.452438,-0.0102372,0.038992,1,0.125284,-31.8286,0.410044,12.4549,0.142272,1.53975,0.148513,-197.314,-18.9036,48.0899,232.461,9.83958,7.65688,10.6047,-0.0395024,0.365071,0.0148611,-2.48089,0.0357355,2.7704,-0.828659,0.0018885,0.0006067,-0.00021766,-0.00151846,-9.34841e-05,-5.52802e-05,-0.000140764,
0.716,0,0,0,0,0,0,0,0,0,0,0,0,0,0,0,0,0.0166593,0.999672,0.0189765,0,0.997059,-0.0151922,-0.0749932,0,-0.0746817,0.0201704,-0.997003,0,0.452468,-0.0102352,0.039006,1,0.200663,-31.8286,0.449717,12.3438,0.142272,1.54707,0.115554,91.2466,-43.6861,107.132,-62.2381,1.44234,18.2238,-68.4893,-0.039502,0.365071,0.0148662,-2.48084,0.0357355,2.7704,-0.828655,-0.00107693,0.000576262,-0.00106227,0.0049371,-8.71186e-05,-0.000194617,0.00161134,
0.75,0,0,0,0,0,0,0,0,0,0,0,0,0,0,0,0,0.0166182,0.999672,0.0189825,0,0.997064,-0.0151521,-0.0749246,0,-0.0746138,0.0201723,-0.997008,0,0.452507,-0.0102201,0.0390245,1,0.0895788,-31.8286,0.29896,12.2724,0.154173,1.56721,0.181472,62.4251,168.099,21.2068,-13.7769,15.0663,-11.2027,-4.54907,-0.0394872,0.365071,0.0148841,-2.48077,0.0357342,2.7704,-0.828662,-0.00015928,-0.000809232,0.000159245,0.00159968,-0.000321674,0.000232701,-0.00084996,
0.784,0,0,0,0,0,0,0,0,0,0,0,0,0,0,0,0,0.0165022,0.999674,0.0189887,0,0.99707,-0.0150369,-0.0748759,0,-0.0745674,0.0201691,-0.997012,0,0.452541,-0.0101644,0.0390325,1,0.0142004,-32.015,0.334665,12.0899,0.154173,1.53975,0.135696,-188.224,-21.7942,35.7903,5.3971,-2.12697,-2.26866,-38.7001,-0.0393845,0.365094,0.0149033,-2.4807,0.0357342,2.7704,-0.828657,0.0067551,0.00289857,0.00147262,0.00052963,0.000124131,9.19186e-05,-0.00573369,
0.818,0,0,0,0,0,0,0,0,0,0,0,0,0,0,0,0,0.0163084,0.999676,0.0190397,0,0.997081,-0.0148421,-0.074767,0,-0.0744616,0.0202039,-0.997019,0,0.452613,-0.0100656,0.039054,1,-0.061178,-32.0508,0.037119,11.9431,0.172484,1.53334,0.135696,236.601,-8.94851,-24.9276,12.1579,29.8589,-24.4093,6.93094,-0.039337,0.36513,0.015053,-2.48055,0.0357278,2.77041,-0.828656,-0.001543,-0.000203003,0.00305549,0.00190999,-0.000370049,0.00034707,0.00692247,
0.852,0,0,0,0,0,0,0,0,0,0,0,0,0,0,0,0,0.0163727,0.999675,0.019029,0,0.997082,-0.0149076,-0.0747356,0,-0.0744291,0.0201975,-0.997022,0,0.45263,-0.0100938,0.039055,1,0.16099,-32.0904,0.334665,11.9074,0.154173,1.46376,0.121963,35.4356,-1.09258,55.911,-119.476,-22.8514,-22.3741,-44.688,-0.0393596,0.365152,0.0150203,-2.48052,0.0357342,2.77042,-0.828651,-0.00143224,0.00132937,-0.000266044,0.000970975,0.000254679,0.000551829,0.000905846,
0.886,0,0,0,0,0,0,0,0,0,0,0,0,0,0,0,0,0.0164679,0.999674,0.0190138,0,0.997097,-0.0150081,-0.0745173,0,-0.0742091,0.0201861,-0.997038,0,0.452706,-0.0101662,0.0390176,1,0.236368,-32.0508,0.600474,12.9309,0.166991,1.81624,0.0954127,1.95216,27.2695,54.7254,42.2944,0.845018,36.6581,-2.39688,-0.0394855,0.365359,0.0149982,-2.48038,0.035728,2.77071,-0.828698,-0.00137444,0.0226648,0.000582947,0.0137146,-7.14244e-05,0.0373616,-0.00107565,
0.92,0,0,0,0,0,0,0,0,0,0,0,0,0,0,0,0,0.0163114,0.999677,0.0190039,0,0.997161,-0.0148697,-0.0736826,0,-0.0733776,0.0201523,-0.997101,0,0.453002,-0.0102869,0.0388752,1,0.347452,-32.0904,0.711558,12.5263,0.209105,1.83729,0.168655,67.1446,23.0492,-15.616,97.9545,9.92736,11.9624,30.7124,-0.0397093,0.366154,0.0149888,-2.47985,0.0357233,2.77181,-0.829088,-0.00834121,0.0331956,0.000256718,0.0240189,-0.000468041,0.028061,-0.0154292,
0.954,0,0,0,0,0,0,0,0,0,0,0,0,0,0,0,0,0.0161702,0.999679,0.0190015,0,0.997213,-0.0147427,-0.0730013,0,-0.0726991,0.0201293,-0.997151,0,0.453371,-0.0103826,0.0385921,1,0.458536,-32.0508,0.862314,12.566,0.190794,1.75398,0.056045,-2.37986,-10.0508,81.8433,-7.57329,-14.4951,-10.8706,-45.7113,-0.0398782,0.367506,0.0149801,-2.4789,0.0357252,2.77288,-0.829418,-0.00639234,0.0455756,-0.000800786,0.0278607,0.000386817,0.0295569,-0.00121826,
0.988,0,0,0,0,0,0,0,0,0,0,0,0,0,0,0,0,0.0164384,0.999676,0.0189555,0,0.997292,-0.0150367,-0.0718555,0,-0.0715485,0.0200858,-0.997235,0,0.453994,-0.0105539,0.0382387,1,0.831461,-31.4874,1.19953,12.4192,0.142272,1.68532,0.109146,-30.9135,102.412,121.935,0.623612,-4.04529,-12.4865,24.5686,-0.0401598,0.369421,0.0149425,-2.47735,0.0357248,2.7744,-0.829476,-0.00757604,0.053089,-0.00127052,0.0527464,0.000141411,0.0442389,-0.00376294,
1.022,0,0,0,0,0,0,0,0,0,0,0,0,0,0,0,0,0.0164051,0.999676,0.0189513,0,0.997371,-0.015026,-0.070752,0,-0.0704457,0.0200626,-0.997314,0,0.45471,-0.0107539,0.0378687,1,0.90684,-31.4517,1.19953,12.3081,0.196288,1.62306,0.135696,164.201,34.8439,-48.9326,17.0478,19.5545,-7.35124,-13.8741,-0.0405376,0.371543,0.0149347,-2.47546,0.0357104,2.77573,-0.829893,-0.0145065,0.0699015,-0.000550658,0.0596246,-0.00454256,0.0430078,-0.0286471,
1.056,0,0,0,0,0,0,0,0,0,0,0,0,0,0,0,0,0.0159598,0.999682,0.0190018,0,0.99745,-0.0145988,-0.0697269,0,-0.0694287,0.0200666,-0.997385,0,0.455677,-0.0108357,0.0374959,1,0.458536,-31.6024,0.862314,12.201,0.244811,1.56081,0.175064,-15.9492,-72.4275,39.5882,-104.067,5.87725,9.87549,-18.8834,-0.0406986,0.37409,0.0149679,-2.4727,0.0357098,2.77653,-0.830477,-0.00163121,0.0886578,-0.000541791,0.107256,-1.37155e-05,0.0172876,-0.010032,
1.09,0,0,0,0,0,0,0,0,0,0,0,0,0,0,0,0,0.0158833,0.999683,0.0190391,0,0.997511,-0.0145373,-0.068861,0,-0.0685637,0.0200858,-0.997445,0,0.456902,-0.0108434,0.037142,1,0.311747,-31.8286,0.786936,12.2724,0.221007,1.65053,0.215347,-106.46,16.8073,-4.00757,-24.3645,-14.8316,40.4238,45.8678,-0.0406726,0.377022,0.0149817,-2.46899,0.0357124,2.77663,-0.830523,0.00232889,0.0866818,0.000261482,0.107498,0.000480977,-0.000869558,-0.00209262,
1.124,0,0,0,0,0,0,0,0,0,0,0,0,0,0,0,0,0.0158396,0.999683,0.0190782,0,0.997571,-0.0145087,-0.0679836,0,-0.0676866,0.0201091,-0.997504,0,0.458171,-0.0108639,0.0368436,1,0.387125,-31.9,0.862314,12.0542,0.2265,1.61574,0.208023,-229.529,11.0752,12.1483,-68.3854,-14.776,20.3766,40.7705,-0.0406713,0.379856,0.0149926,-2.46519,0.0357114,2.77653,-0.830557,0.00272735,0.0803406,4.11276e-05,0.117584,0.000249189,-0.00684274,-0.00128402,
1.158,0,0,0,0,0,0,0,0,0,0,0,0,0,0,0,0,0.01566,0.999684,0.0191539,0,0.997625,-0.0143398,-0.0672229,0,-0.0669283,0.0201615,-0.997554,0,0.459552,-0.0108571,0.0365518,1,0.347452,-31.6024,0.711558,12.3438,0.251219,1.61574,0.215347,57.4457,25.2651,-37.7453,17.5543,11.7521,-19.9215,50.5486,-0.0406569,0.38287,0.0150427,-2.46093,0.035708,2.77605,-0.830674,0.00330088,0.0932846,0.00509644,0.135081,-0.000202295,-0.0125362,-0.00244833,
1.192,0,0,0,0,0,0,0,0,0,0,0,0,0,0,0,0,0.0156044,0.999684,0.0192278,0,0.997679,-0.0142953,-0.0664378,0,-0.0661432,0.0202203,-0.997605,0,0.461046,-0.0108491,0.0362892,1,0.236368,-31.6382,0.636179,12.0145,0.256712,1.45735,0.135696,114.669,1.25391,0.04753,-107.102,7.14661,6.88508,11.188,-0.0406287,0.385977,0.0150853,-2.45634,0.0357084,2.77535,-0.830662,0.00178545,0.091721,1.46057e-05,0.136529,-0.000314114,-0.0184149,0.00094755,
1.226,0,0,0,0,0,0,0,0,0,0,0,0,0,0,0,0,0.015609,0.999682,0.0192881,0,0.997745,-0.0143164,-0.0654262,0,-0.0651306,0.0202663,-0.997671,0,0.462595,-0.0108776,0.0361015,1,0.573588,-31.9,0.937693,11.9431,0.244811,1.32551,0.135696,173.066,-3.52151,117.46,163.132,2.4224,-3.71176,22.4126,-0.0406522,0.388925,0.0151095,-2.45176,0.0357097,2.77473,-0.830656,-0.000568151,0.0815466,-0.00128323,0.136088,-8.11271e-05,-0.0211972,0.000159829,
1.26,0,0,0,0,0,0,0,0,0,0,0,0,0,0,0,0,0.0156135,0.999681,0.0193645,0,0.997795,-0.0143316,-0.064659,0,-0.0643621,0.0203317,-0.997719,0,0.464197,-0.0109174,0.0359902,1,0.498209,-32.015,0.822641,12.1256,0.239317,1.34657,0.241897,-71.8704,-218.603,12.3184,-320.523,-22.198,4.92424,39.7394,-0.0406812,0.391773,0.0151117,-2.44688,0.0357104,2.77347,-0.830672,-0.00353512,0.0935308,-0.000100196,0.145,0.00036783,-0.0469605,-0.00293631,
1.294,0,0,0,0,0,0,0,0,0,0,0,0,0,0,0,0,0.0155568,0.99968,0.0194639,0,0.997826,-0.0142783,-0.0641827,0,-0.0638855,0.0204205,-0.997748,0,0.465797,-0.0109135,0.0359203,1,0.311747,-32.0508,0.747263,11.9074,0.239317,1.21474,0.168655,31.3821,-8.86784,-12.566,142.484,-9.60909,-16.5195,-30.6568,-0.0406429,0.394541,0.0151297,-2.44184,0.0357061,2.77167,-0.83066,-0.000653645,0.0861112,0.00812443,0.145972,-8.17731e-05,-0.0554095,-0.000378688,
1.327,0,0,0,0,0,0,0,0,0,0,0,0,0,0,0,0,0.0156055,0.999677,0.0195648,0,0.99785,-0.0143282,-0.0638048,0,-0.0635051,0.0205188,-0.997771,0,0.467415,-0.0109468,0.0358293,1,0.422831,-31.9754,0.862314,11.7606,0.209105,1.20833,0.148513,-50.9518,-89.7358,48.7678,-123.525,-37.6931,-5.4959,75.0045,-0.040661,0.397417,0.015126,-2.43665,0.0357137,2.76973,-0.83063,0.00119896,0.0905486,-0.00107158,0.164561,0.00056207,-0.0577698,-0.0012906,
1.362,0,0,0,0,0,0,0,0,0,0,0,0,0,0,0,0,0.015655,0.999674,0.0196775,0,0.997882,-0.0143811,-0.0632917,0,-0.0629893,0.0206271,-0.997801,0,0.469342,-0.010991,0.0356639,1,0.533915,-32.0508,0.822641,12.0899,0.2265,1.08382,0.175064,115.551,57.7789,-16.6678,0.784463,7.45656,-57.445,22.4408,-0.0406931,0.401002,0.0151249,-2.43046,0.0357118,2.76764,-0.830603,-0.0026587,0.0990132,0.00123606,0.179708,-0.000290303,-0.0663541,-0.00280578,
1.396,0,0,0,0,0,0,0,0,0,0,0,0,0,0,0,0,0.0156088,0.999672,0.0198122,0,0.997912,-0.0143362,-0.0628268,0,-0.0625234,0.0207519,-0.997828,0,0.471379,-0.0109937,0.0355195,1,0.347452,-32.1261,0.671885,12.0145,0.2265,1.09755,0.115554,-30.0724,45.0522,2.85335,-24.4861,2.62038,-18.5077,13.9961,-0.0406603,0.404717,0.0151446,-2.42387,0.0357107,2.76523,-0.830587,-0.000431964,0.113763,0.000933612,0.196029,7.99459e-05,-0.0784173,0.000254281,
1.43,0,0,0,0,0,0,0,0,0,0,0,0,0,0,0,0,0.0155631,0.99967,0.0199588,0,0.997955,-0.0142956,-0.0621456,0,-0.0618409,0.0208855,-0.997867,0,0.47362,-0.0109691,0.0354158,1,0.276041,-32.5784,0.671885,11.832,0.2265,1.18086,0.0761866,-76.123,-59.66,-34.0986,-24.2785,-0.907676,4.43948,-23.0744,-0.040593,0.408629,0.0151925,-2.41677,0.0357118,2.76272,-0.830508,0.00281889,0.130552,-0.000181782,0.21777,-9.80673e-05,-0.0739717,0.00418865,
1.464,0,0,0,0,0,0,0,0,0,0,0,0,0,0,0,0,0.0155999,0.999666,0.020107,0,0.998,-0.0143386,-0.0614174,0,-0.0611098,0.0210253,-0.99791,0,0.47603,-0.0109356,0.0352047,1,0.0895788,-32.4633,0.410044,11.9074,0.232909,1.15248,0.109146,-0.358363,124.1,-32.6998,84.4852,-13.6552,-6.05746,-47.7356,-0.0405077,0.413126,0.015246,-2.40904,0.0357079,2.76021,-0.830322,0.00388499,0.141385,0.00266734,0.239323,-0.000124315,-0.0846717,0.0036573,
1.498,0,0,0,0,0,0,0,0,0,0,0,0,0,0,0,0,0.0155316,0.999664,0.0203017,0,0.998038,-0.0142714,-0.0608076,0,-0.0604985,0.0212067,-0.997943,0,0.478709,-0.0109313,0.0350305,1,0.200663,-32.8402,0.560801,11.6892,0.221007,1.16621,0.129287,51.8816,224.381,-11.215,8.78413,-8.22523,-0.952245,31.8849,-0.0404867,0.417995,0.0153033,-2.40032,0.0357123,2.75697,-0.830306,0.000776592,0.144012,0.00162921,0.267783,-3.52928e-05,-0.0974409,0.000479263,
1.532,0,0,0,0,0,0,0,0,0,0,0,0,0,0,0,0,0.0154628,0.99966,0.0205086,0,0.99807,-0.0142013,-0.0602895,0,-0.0599789,0.0214017,-0.99797,0,0.481665,-0.0109271,0.0348306,1,0.16099,-32.6895,0.560801,12.0542,0.214598,1.03529,0.162246,79.551,24.4466,55.1868,0.308413,-17.6162,12.7305,93.8093,-0.0404257,0.423421,0.0153292,-2.39057,0.0357099,2.75315,-0.830271,-0.000597487,0.168004,-0.000692728,0.299699,0.000352519,-0.138952,-0.000852489,
1.566,0,0,0,0,0,0,0,0,0,0,0,0,0,0,0,0,0.0154264,0.999656,0.0207567,0,0.998078,-0.0141525,-0.0601797,0,-0.0598664,0.0216456,-0.997972,0,0.484708,-0.0109383,0.0346567,1,0.200663,-33.4393,0.525095,12.6017,0.214598,1.13234,0.181472,70.8972,58.5387,39.8895,187.732,-17.4672,-3.46637,86.0664,-0.0404161,0.429,0.0153637,-2.38022,0.0357131,2.74849,-0.830249,-0.00101225,0.167476,0.00447852,0.316756,0.000296123,-0.134864,-0.00073518,
1.6,0,0,0,0,0,0,0,0,0,0,0,0,0,0,0,0,0.0153765,0.999651,0.0210186,0,0.998093,-0.0140922,-0.0599384,0,-0.0596225,0.0219006,-0.997981,0,0.488057,-0.0109484,0.0345494,1,0.049906,-33.6258,0.560801,12.3081,0.239317,1.14607,0.102737,-176.023,41.0821,101.395,-68.0324,33.5021,23.5903,-21.3227,-0.0403867,0.434911,0.0153909,-2.36893,0.0357104,2.74334,-0.830216,0.0025146,0.180846,-0.00115372,0.349174,-0.00072802,-0.153194,0.00374029,
1.634,0,0,0,0,0,0,0,0,0,0,0,0,0,0,0,0,0.015346,0.999646,0.0212839,0,0.998108,-0.0140514,-0.0596965,0,-0.0593775,0.0221601,-0.99799,0,0.491522,-0.0109627,0.034284,1,0.0895788,-34.0027,0.636179,12.4192,0.221007,1.09022,0.135696,-95.1983,-10.2345,180.586,86.0582,-14.5695,-41.4212,-69.691,-0.0403578,0.441475,0.0154155,-2.35709,0.0357077,2.73831,-0.830172,0.00381234,0.192439,-0.00312899,0.352701,0.000169565,-0.14304,0.00188051,
1.668,0,0,0,0,0,0,0,0,0,0,0,0,0,0,0,0,0.0152911,0.999641,0.0215517,0,0.998137,-0.0139912,-0.0592274,0,-0.0589057,0.0224176,-0.998012,0,0.495198,-0.0110018,0.0341262,1,0.125284,-34.0027,0.600474,12.201,0.232909,1.0005,0.234573,-59.1968,-11.5427,6.52966,90.2277,-17.5628,17.0672,36.7172,-0.0403496,0.448092,0.0154223,-2.34471,0.0357052,2.733,-0.830183,0.00134022,0.195234,-0.000817387,0.381485,0.000285608,-0.170962,-0.00181577,
1.702,0,0,0,0,0,0,0,0,0,0,0,0,0,0,0,0,0.0153182,0.999634,0.0218438,0,0.998149,-0.0140056,-0.0590243,0,-0.0586979,0.022708,-0.998017,0,0.499072,-0.011071,0.0340015,1,0.347452,-34.7168,0.671885,12.5263,0.221007,1.06276,0.188797,109.172,-179.201,-11.1895,56.8064,0.957972,5.54438,26.2763,-0.0403798,0.455034,0.0154085,-2.33142,0.0357028,2.72685,-0.830164,-0.00196285,0.200194,0.00108396,0.387878,-4.56384e-05,-0.190267,-0.000617165,
1.736,0,0,0,0,0,0,0,0,0,0,0,0,0,0,0,0,0.015411,0.999627,0.0221257,0,0.998149,-0.0140824,-0.0589952,0,-0.0586628,0.0229943,-0.998013,0,0.50295,-0.0111772,0.0338245,1,0.533915,-34.3795,0.89802,12.6017,0.202696,1.18086,0.208023,15.6519,66.0379,48.1003,-40.2081,1.81923,4.38616,4.43122,-0.0404271,0.462189,0.0153444,-2.31789,0.0357049,2.7205,-0.830146,-0.00301014,0.211394,-0.00197946,0.397272,-0.000127204,-0.181879,-0.00111211,
1.77,0,0,0,0,0,0,0,0,0,0,0,0,0,0,0,0,0.0155477,0.999619,0.0223933,0,0.998142,-0.0142009,-0.0590949,0,-0.0587555,0.023271,-0.998001,0,0.506577,-0.0112942,0.0335394,1,0.498209,-35.1294,0.862314,12.8199,0.190794,1.09755,0.168655,-68.6757,-74.7781,-82.3697,222.663,-7.64231,-38.7531,38.736,-0.0405106,0.469256,0.0152893,-2.305,0.0357014,2.71457,-0.830114,0.00126658,0.203959,0.000913754,0.370935,-0.000184791,-0.17272,-0.0002193,
1.804,0,0,0,0,0,0,0,0,0,0,0,0,0,0,0,0,0.0155978,0.999611,0.022703,0,0.998115,-0.0142224,-0.0595325,0,-0.0591876,0.0235892,-0.997968,0,0.510271,-0.0113651,0.0333158,1,0.458536,-35.0897,0.89802,12.9667,0.166991,1.201,0.089004,53.3014,25.4487,-57.1888,23.7729,-20.257,13.6417,-68.6143,-0.0405346,0.476364,0.0152566,-2.29162,0.0357042,2.70785,-0.830089,0.00555885,0.204658,-0.00523757,0.391107,0.000529653,-0.207339,0.00252249,
1.838,0,0,0,0,0,0,0,0,0,0,0,0,0,0,0,0,0.0157891,0.999602,0.0229787,0,0.998081,-0.0143843,-0.0600652,0,-0.0597119,0.0238834,-0.99793,0,0.513745,-0.0114411,0.0331453,1,0.498209,-35.8395,0.937693,13.0777,0.154173,1.27058,0.195205,-71.0138,14.5096,29.944,-169.132,-9.31286,-65.1645,38.5163,-0.0405378,0.482999,0.0151919,-2.27892,0.0357054,2.70125,-0.829927,0.00241318,0.187873,-0.000993324,0.355165,3.10586e-05,-0.179333,0.00401674,
1.872,0,0,0,0,0,0,0,0,0,0,0,0,0,0,0,0,0.0158602,0.999595,0.0232257,0,0.998071,-0.0144369,-0.060216,0,-0.0598575,0.0241364,-0.997915,0,0.517027,-0.0115266,0.0329543,1,0.609293,-35.8395,1.0091,13.2959,0.136778,1.25685,0.155838,31.6449,-24.8036,33.8566,-28.2669,-33.0335,23.8102,-38.8319,-0.0405652,0.489313,0.015138,-2.26709,0.0357042,2.69557,-0.829901,-0.00132976,0.180659,-0.00444166,0.335043,0.000498658,-0.166829,-2.85767e-05,
1.906,0,0,0,0,0,0,0,0,0,0,0,0,0,0,0,0,0.0159117,0.999588,0.023473,0,0.998021,-0.0144533,-0.061046,0,-0.0606827,0.0243984,-0.997859,0,0.51999,-0.0116098,0.0326995,1,0.644999,-36.0656,1.04878,13.3673,0.14868,1.201,0.168655,-109.101,249.462,-49.7553,147.235,-10.8101,55.3599,38.5116,-0.0405657,0.495383,0.0150464,-2.25581,0.0357046,2.68952,-0.829906,-3.67918e-05,0.165175,4.3262e-06,0.312367,-8.19444e-05,-0.167449,-0.00221131,
1.94,0,0,0,0,0,0,0,0,0,0,0,0,0,0,0,0,0.0159193,0.999582,0.0237232,0,0.997966,-0.0144235,-0.0619435,0,-0.0615766,0.0246615,-0.997798,0,0.522668,-0.0116578,0.0325583,1,0.458536,-35.8395,0.862314,13.4427,0.142272,1.38136,0.155838,-0.648819,241.422,-53.8682,-20.8388,-2.49426,-7.4589,64.5621,-0.0405577,0.500689,0.0149984,-2.24552,0.035702,2.68364,-0.829903,0.000714601,0.147178,0.00131671,0.283452,-0.000104949,-0.149376,-0.00114026,
1.974,0,0,0,0,0,0,0,0,0,0,0,0,0,0,0,0,0.0158856,0.999577,0.0239426,0,0.997958,-0.0143728,-0.0620838,0,-0.0617146,0.0248804,-0.997784,0,0.525292,-0.0116858,0.0325921,1,0.347452,-36.2561,0.822641,14.1013,0.172484,1.602,0.0954127,6.70949,48.3062,26.8505,154.796,2.9263,43.188,-34.0401,-0.0405436,0.505327,0.0149913,-2.23606,0.0356955,2.67866,-0.829889,0.000146072,0.136862,-0.00110433,0.268408,0.000162322,-0.153254,0.00328654,
2.008,0,0,0,0,0,0,0,0,0,0,0,0,0,0,0,0,0.0159077,0.999572,0.0241436,0,0.997893,-0.0143564,-0.0631195,0,-0.0627471,0.0250973,-0.997714,0,0.527211,-0.0117502,0.0325886,1,0.684672,-36.629,1.0091,13.9545,0.160582,1.3603,0.234573,48.8976,21.8102,-152.537,0.771591,13.9969,5.8122,19.1324,-0.0405856,0.508993,0.0149406,-2.22841,0.0356916,2.67363,-0.829924,-0.00507989,0.0910705,0.00487895,0.200334,-2.34397e-05,-0.127251,-0.00144304,
2.042,0,0,0,0,0,0,0,0,0,0,0,0,0,0,0,0,0.0159008,0.999569,0.0242969,0,0.997844,-0.0143202,-0.0638954,0,-0.0635211,0.0252609,-0.997661,0,0.528673,-0.0117831,0.0328004,1,0.458536,-37.0059,0.822641,13.8434,0.178893,1.35298,0.155838,34.4799,0.517776,-55.7811,36.3748,1.15186,12.7646,27.2055,-0.040585,0.511251,0.0148986,-2.22272,0.0356835,2.66942,-0.82993,0.00276864,0.0550376,0.000316053,0.153278,5.72766e-05,-0.120782,0.00076868,
2.076,0,0,0,0,0,0,0,0,0,0,0,0,0,0,0,0,0.0158511,0.999566,0.0244571,0,0.997795,-0.0142404,-0.0646807,0,-0.0643056,0.0254289,-0.997606,0,0.529852,-0.0117404,0.0329797,1,0.125284,-36.9305,0.485422,13.9902,0.178893,1.3603,0.0624537,33.9078,-55.4232,59.8421,16.6823,8.19197,6.54229,-90.9607,-0.0405263,0.513091,0.0149244,-2.21802,0.0356803,2.66576,-0.82987,0.00104438,0.0563725,0.00248238,0.126701,-0.0091645,-0.0875446,0.0088246,
2.11,0,0,0,0,0,0,0,0,0,0,0,0,0,0,0,0,0.0158703,0.999563,0.0245573,0,0.997784,-0.014249,-0.064844,0,-0.0644669,0.0255325,-0.997593,0,0.530867,-0.0116792,0.0329985,1,-0.061178,-36.9305,0.485422,14.1727,0.166991,1.4015,0.188797,-196.828,-53.1777,75.2193,80.2488,-8.8263,-4.68563,36.7712,-0.0404237,0.514917,0.0149533,-2.21425,0.0356848,2.66366,-0.829713,0.00305344,0.0546265,-0.000656452,0.0900238,0.000272755,-0.0462381,-0.00152885,
2.144,0,0,0,0,0,0,0,0,0,0,0,0,0,0,0,0,0.0158447,0.999562,0.0246034,0,0.997785,-0.0142207,-0.0648342,0,-0.0644572,0.0255767,-0.997593,0,0.531484,-0.0116716,0.032818,1,0.276041,-36.7401,0.636179,14.2481,0.160582,1.30446,0.121963,78.7221,-150.584,-19.8604,102.122,-15.2545,-3.05007,-39.6157,-0.0403983,0.516492,0.0149592,-2.2119,0.0356808,2.6629,-0.829705,-0.00224526,0.0421398,0.00365119,0.0471581,0.000198216,-0.00537825,0.00178422,
2.178,0,0,0,0,0,0,0,0,0,0,0,0,0,0,0,0,0.0157948,0.999563,0.0246159,0,0.997793,-0.0141729,-0.0647246,0,-0.0643487,0.0255844,-0.997599,0,0.531707,-0.011664,0.0327081,1,0.125284,-36.5179,0.600474,14.1013,0.196288,1.16621,0.188797,-135.369,0.170139,60.5369,-20.0265,16.9608,-38.6622,-66.2689,-0.0403838,0.517151,0.0149674,-2.2111,0.0356768,2.66287,-0.829732,0.00590404,0.00788899,-0.00096767,0.00516565,-0.000104033,0.00118483,-0.00366573,
2.212,0,0,0,0,0,0,0,0,0,0,0,0,0,0,0,0,0.0157639,0.999563,0.0246246,0,0.997788,-0.0141394,-0.0648058,0,-0.0644305,0.0255922,-0.997594,0,0.531651,-0.011652,0.0326964,1,0.16099,-36.0656,0.560801,14.2838,0.172484,1.23579,0.234573,-136.041,-154.054,-97.3846,77.0023,-20.4076,-9.99774,33.3545,-0.0403835,0.517096,0.0149841,-2.21124,0.0356747,2.66286,-0.829747,0.00241924,-0.00260965,0.00172028,-0.00702051,0.000114339,0.000226661,-0.00201315,
2.246,0,0,0,0,0,0,0,0,0,0,0,0,0,0,0,0,0.015727,0.999563,0.0246498,0,0.997781,-0.0140978,-0.0649293,0,-0.0645547,0.0256167,-0.997585,0,0.531554,-0.0115887,0.0326779,1,0.049906,-35.9903,0.410044,14.3552,0.172484,1.18086,0.069778,-51.5494,64.9328,40.557,-64.3632,-13.9213,1.21428,-1.14054,-0.0403348,0.51699,0.0150411,-2.21149,0.0356784,2.66289,-0.829691,0.00331193,-0.00243902,0.00460122,-0.0119472,-0.000125946,0.000223372,0.00367259,
2.28,0,0,0,0,0,0,0,0,0,0,0,0,0,0,0,0,0.0159416,0.999559,0.0246691,0,0.997767,-0.0143065,-0.0650928,0,-0.0647124,0.0256521,-0.997574,0,0.531395,-0.0114989,0.0326524,1,-0.0968836,-35.9546,0.223581,14.3195,0.136778,1.1598,0.089004,-52.1823,15.9564,11.5752,52.2653,2.96529,27.1982,17.3145,-0.0402796,0.516794,0.015134,-2.21194,0.0356786,2.66299,-0.829342,0.00213109,-0.00790592,0.000887771,-0.0143261,0.000115562,0.0115405,0.0163554,
2.314,0,0,0,0,0,0,0,0,0,0,0,0,0,0,0,0,0.0161927,0.999554,0.0247116,0,0.997754,-0.0145508,-0.0652351,0,-0.0648477,0.0257129,-0.997564,0,0.531209,-0.0113625,0.0326729,1,-0.0968836,-35.8792,0.112497,14.3909,0.106566,1.21474,0.0432277,-39.9811,-44.8315,-191.818,-51.7756,2.0902,-21.3685,26.4369,-0.0402109,0.516427,0.0152907,-2.21255,0.035682,2.66309,-0.828889,0.00141682,-0.0132667,0.00859597,-0.023515,3.41322e-05,0.00149486,0.0138798,
2.348,0,0,0,0,0,0,0,0,0,0,0,0,0,0,0,0,0.0163842,0.999549,0.024767,0,0.997729,-0.0147293,-0.0655864,0,-0.0651933,0.0257858,-0.997539,0,0.530822,-0.0111636,0.0327508,1,-0.545187,-35.9546,-0.3001,14.3909,0.0763536,1.24312,-0.0565648,-71.7857,53.6572,-59.9326,-152.314,11.2246,-1.67461,-24.4263,-0.0400761,0.515593,0.0154837,-2.21376,0.0356853,2.66313,-0.828397,0.00512559,-0.0295035,0.00927173,-0.0457944,8.60934e-05,0.00454074,0.0193927,
2.381,0,0,0,0,0,0,0,0,0,0,0,0,0,0,0,0,0.0168882,0.99954,0.0248161,0,0.997694,-0.0152183,-0.0660054,0,-0.0655986,0.025874,-0.997511,0,0.530239,-0.0108674,0.0328143,1,-0.505514,-35.9149,-0.3001,14.4306,-0.0142836,1.201,-0.189316,-118.23,15.8826,-160.533,117.064,-9.8009,-1.1587,-16.4421,-0.0398496,0.514445,0.015752,-2.21565,0.0356922,2.66347,-0.82744,0.005496,-0.0365163,0.00973131,-0.0638662,0.000471987,0.0188796,0.0324201,
2.418,0,0,0,0,0,0,0,0,0,0,0,0,0,0,0,0,0.0176725,0.999526,0.0248177,0,0.997666,-0.0159951,-0.0662326,0,-0.0658055,0.0259308,-0.997495,0,0.529496,-0.010544,0.0327847,1,-0.469808,-35.9903,-0.264395,14.2481,-0.116823,1.08382,-0.294602,-103.619,-208.924,-55.4812,-25.4942,-24.8509,-12.0039,-5.8933,-0.0395735,0.513203,0.016025,-2.21819,0.035702,2.66457,-0.826158,0.00741453,-0.0321924,0.00937874,-0.0680845,0.00049506,0.0422461,0.0359005,
2.452,0,0,0,0,0,0,0,0,0,0,0,0,0,0,0,0,0.0183837,0.999514,0.0248008,0,0.99765,-0.0167044,-0.0662972,0,-0.065852,0.0259618,-0.997492,0,0.528727,-0.0102187,0.0327047,1,-0.767355,-36.0299,-0.526235,14.4663,-0.153444,1.11861,-0.341294,-24.1711,-23.9861,148.128,49.7708,4.29349,28.078,-19.5092,-0.0392745,0.51201,0.0162862,-2.22091,0.0357061,2.66607,-0.824933,0.00666603,-0.0336436,0.00742268,-0.0813602,-0.000118627,0.0377999,0.0299849,
2.486,0,0,0,0,0,0,0,0,0,0,0,0,0,0,0,0,0.0186597,0.99951,0.0247393,0,0.997597,-0.016965,-0.0670257,0,-0.0665744,0.025931,-0.997444,0,0.527796,-0.00998565,0.0325556,1,-0.656271,-35.9903,-0.486563,14.4306,-0.165346,1.4427,-0.222275,-82.2721,2.88892,-28.6811,-51.8082,0.0530615,-27.1264,17.1025,-0.0389234,0.510843,0.0163362,-2.22366,0.0357026,2.66694,-0.824273,0.0102676,-0.0314684,-0.000523126,-0.0854019,0.00125298,0.0211598,0.00856642,
2.52,0,0,0,0,0,0,0,0,0,0,0,0,0,0,0,0,0.0186652,0.999512,0.0246604,0,0.997578,-0.0169682,-0.0673181,0,-0.0668681,0.0258577,-0.997427,0,0.526767,-0.00987551,0.0323219,1,-0.691976,-35.7284,-0.526235,14.3552,-0.135133,1.32551,-0.235093,-156.992,10.037,-151.925,-75.0263,-2.38501,234.98,40.4138,-0.038764,0.509634,0.0163594,-2.22701,0.0356959,2.66879,-0.824103,0.00457502,-0.0412315,0.0023641,-0.120726,-0.000885699,0.0630724,-0.00400003,
2.554,0,0,0,0,0,0,0,0,0,0,0,0,0,0,0,0,0.0187071,0.999514,0.0245294,0,0.997596,-0.0170261,-0.0670326,0,-0.0665837,0.0257249,-0.997449,0,0.525507,-0.00982675,0.0319705,1,-0.580892,-35.4269,-0.339773,14.0259,-0.201967,0.848525,-0.321152,-29.2539,118.011,40.6386,-92.7946,-4.10707,92.7431,-0.416438,-0.0387009,0.508201,0.0163749,-2.23151,0.0356955,2.67215,-0.824015,0.000387735,-0.0438167,-0.00116013,-0.142215,0.000817503,0.125241,0.000465682,
2.588,0,0,0,0,0,0,0,0,0,0,0,0,0,0,0,0,0.0188659,0.999516,0.0243474,0,0.99767,-0.0172265,-0.0658688,0,-0.0654187,0.0255339,-0.997531,0,0.524192,-0.00978172,0.0316032,1,-0.469808,-35.0143,-0.339773,13.9545,-0.22577,0.676406,-0.341294,40.8661,1.32745,-9.57095,-151.478,10.1043,147.694,3.1455,-0.0386523,0.506546,0.0164146,-2.23683,0.0356997,2.67699,-0.823811,3.87963e-05,-0.0539325,0.000755204,-0.16503,3.99121e-05,0.171593,0.00432199,
2.622,0,0,0,0,0,0,0,0,0,0,0,0,0,0,0,0,0.0191023,0.999516,0.0241703,0,0.997757,-0.0175098,-0.0644659,0,-0.0640127,0.025348,-0.997627,0,0.522667,-0.00966197,0.0312327,1,-0.731649,-34.5263,-0.561941,13.6966,-0.201967,0.627883,-0.374253,-82.8265,3.16533,17.161,-164.275,2.83771,-79.4047,47.3911,-0.0385816,0.504496,0.0165615,-2.24306,0.0356974,2.68259,-0.82341,0.000191346,-0.0708264,0.00456107,-0.202723,-0.00044601,0.162931,0.00592854,
2.656,0,0,0,0,0,0,0,0,0,0,0,0,0,0,0,0,0.0190466,0.999521,0.0239871,0,0.997791,-0.0174791,-0.0639411,0,-0.0634924,0.0251524,-0.997665,0,0.520691,-0.00951945,0.0309858,1,-0.767355,-34.5263,-0.486563,13.6966,-0.183656,0.655348,-0.374253,-151.938,171.962,-22.0745,-64.9718,10.7791,10.812,-25.1529,-0.0384036,0.501515,0.0166281,-2.25033,0.035695,2.68741,-0.82326,0.00619023,-0.0997126,0.00346963,-0.211706,-0.000366536,0.118607,0.00109953,
2.69,0,0,0,0,0,0,0,0,0,0,0,0,0,0,0,0,0.0188893,0.999528,0.0238305,0,0.997762,-0.0173196,-0.064435,0,-0.063993,0.0249947,-0.997637,0,0.518413,-0.00939726,0.0309933,1,-0.80306,-34.9786,-0.601614,13.8434,-0.158937,0.945571,-0.301926,-186.413,-7.70866,-84.0444,-62.1421,27.9193,24.2217,-6.63707,-0.0382378,0.497555,0.0166447,-2.25809,0.0356955,2.69072,-0.823259,0.0041401,-0.13416,-0.00329222,-0.250262,-0.000654104,0.0918437,-0.00169521,
2.724,0,0,0,0,0,0,0,0,0,0,0,0,0,0,0,0,0.0187775,0.999533,0.0236986,0,0.997639,-0.0171687,-0.0663526,0,-0.065916,0.0248891,-0.997515,0,0.51535,-0.00926905,0.0310415,1,-0.80306,-34.6017,-0.712698,14.0616,-0.165346,1.25685,-0.321152,-10.1366,-105.385,-40.7139,-164.402,12.797,33.5376,24.1754,-0.0381249,0.49239,0.0166776,-2.26761,0.0356963,2.69315,-0.823252,0.00169438,-0.167847,0.00188786,-0.315308,-0.000253613,0.0740912,-0.000965937,
2.758,0,0,0,0,0,0,0,0,0,0,0,0,0,0,0,0,0.0187207,0.999538,0.023519,0,0.997485,-0.0170667,-0.0686579,0,-0.0682262,0.0247456,-0.997363,0,0.511537,-0.00914846,0.0309592,1,-0.80306,-34.6771,-0.676992,14.2084,-0.158937,1.42897,-0.361435,-54.0615,79.8598,-168.738,1.89474,6.72945,36.8297,-39.6109,-0.0380375,0.486347,0.0167049,-2.27937,0.0356971,2.69656,-0.823232,0.00196162,-0.176387,0.00279806,-0.362849,0.000107691,0.129637,0.00613492,
2.792,0,0,0,0,0,0,0,0,0,0,0,0,0,0,0,0,0.0187405,0.999544,0.0232835,0,0.997334,-0.0170497,-0.07081,0,-0.070382,0.0245489,-0.997218,0,0.507062,-0.00906121,0.0305996,1,-0.731649,-34.7168,-0.712698,14.7956,-0.165346,1.54707,-0.288193,-189.809,130.115,-114.833,-110.959,-8.7199,-12.6149,43.6323,-0.0380488,0.479895,0.0167605,-2.2933,0.0357021,2.70189,-0.823232,-0.000220253,-0.191221,0.00258911,-0.44054,0.000241526,0.154134,-0.00137521,
2.826,0,0,0,0,0,0,0,0,0,0,0,0,0,0,0,0,0.0186307,0.99955,0.0230769,0,0.997132,-0.0168853,-0.073649,0,-0.0732276,0.0243833,-0.997017,0,0.501659,-0.00885469,0.0297238,1,-0.767355,-34.6017,-0.823782,14.1727,-0.153444,1.4427,-0.334885,-20.7029,-35.4159,-59.4025,149.534,-4.01569,6.44643,-13.0591,-0.0380498,0.473411,0.016992,-2.30954,0.0357107,2.70881,-0.823226,0.00086823,-0.187263,0.00922166,-0.499764,0.00571062,0.238296,0.0006355,
2.86,0,0,0,0,0,0,0,0,0,0,0,0,0,0,0,0,0.0185678,0.999559,0.0227497,0,0.997155,-0.0168541,-0.073336,0,-0.0729216,0.0240471,-0.997048,0,0.49612,-0.00860481,0.0287053,1,-0.989523,-33.0267,-1.20067,13.1849,-0.219362,0.420058,-0.354111,62.2005,154.302,-15.1616,-258.921,-16.2527,-3.70372,-5.90689,-0.0380447,0.46665,0.0173663,-2.32823,0.0357893,2.72107,-0.823118,-0.00645824,-0.218876,0.015949,-0.577377,0.00175002,0.486613,0.00849296,
2.894,0,0,0,0,0,0,0,0,0,0,0,0,0,0,0,0,0.0184895,0.999571,0.0222713,0,0.99742,-0.0168982,-0.0696329,0,-0.0692281,0.0235018,-0.997324,0,0.49072,-0.00836014,0.0281328,1,-0.989523,-32.6141,-1.23638,12.8199,-0.171754,0.551894,-0.334885,147.404,-38.4488,-15.234,-270.768,-17.4345,-52.7306,-20.287,-0.0380565,0.458515,0.0178268,-2.34895,0.0358545,2.73737,-0.822934,-0.00370105,-0.252032,0.0111638,-0.639099,0.00723879,0.472535,0.00302209,
2.928,0,0,0,0,0,0,0,0,0,0,0,0,0,0,0,0,0.0183282,0.999584,0.0218121,0,0.997606,-0.0168315,-0.0669278,0,-0.0665342,0.022987,-0.997519,0,0.484891,-0.00814692,0.0278061,1,-0.914144,-31.6382,-1.08562,13.2245,-0.123231,0.392592,-0.314744,48.8527,180.989,42.9392,-22.5256,-10.3577,75.9863,-105.421,-0.0380969,0.449326,0.0182387,-2.37042,0.0359469,2.75238,-0.822916,-0.00229152,-0.279968,0.0090662,-0.641001,0.00471479,0.417545,0.00159229,
2.962,0,0,0,0,0,0,0,0,0,0,0,0,0,0,0,0,0.0181224,0.999597,0.0214018,0,0.997649,-0.0166669,-0.0663282,0,-0.065946,0.0225539,-0.997568,0,0.478348,-0.00791901,0.0277524,1,-1.17599,-31.2652,-1.23638,12.2367,-0.0866103,0.344069,-0.294602,-31.9518,12.7204,0.906328,160.28,22.4466,9.27032,-53.699,-0.0381583,0.43867,0.0186489,-2.3929,0.0360049,2.76482,-0.822914,0.000277395,-0.321113,0.00571861,-0.657652,-0.000559208,0.326502,0.00152647,
2.996,0,0,0,0,0,0,0,0,0,0,0,0,0,0,0,0,0.0179396,0.999608,0.0210311,0,0.99758,-0.0164852,-0.0673995,0,-0.0670277,0.0221897,-0.997504,0,0.471349,-0.00769237,0.0279139,1,-1.17599,-31.6778,-1.31176,11.7963,-0.0509047,0.855849,-0.281785,184.758,-93.1559,-92.4244,-202.553,1.04522,13.2027,-42.9748,-0.0382101,0.427026,0.0190169,-2.41577,0.0360715,2.77497,-0.822911,-0.00266108,-0.353901,0.0054737,-0.674414,0.00326648,0.293225,0.00126865,
3.03,0,0,0,0,0,0,0,0,0,0,0,0,0,0,0,0,0.0177437,0.99962,0.0206121,0,0.997491,-0.016288,-0.068761,0,-0.0684005,0.0217808,-0.99742,0,0.464187,-0.00750346,0.0282326,1,-1.10061,-31.1145,-1.31176,12.0145,-0.0206923,0.758803,-0.222275,84.9447,-44.9127,87.0094,-255.608,8.2932,-17.088,49.1902,-0.0382404,0.414809,0.0193003,-2.43892,0.0360892,2.78455,-0.822918,-0.00322745,-0.392924,0.0112032,-0.688984,0.000311524,0.257553,0.000800271,
3.064,0,0,0,0,0,0,0,0,0,0,0,0,0,0,0,0,0.017482,0.999634,0.0201985,0,0.997349,-0.0160104,-0.0708511,0,-0.0705031,0.021384,-0.997282,0,0.456692,-0.00729453,0.028667,1,-1.21169,-30.4004,-1.31176,12.3835,0.0333238,1.38777,-0.116074,21.0262,-143.995,49.7281,-19.0664,-17.8641,12.7742,1.39158,-0.0382293,0.40191,0.0195762,-2.46259,0.0360928,2.79324,-0.822933,0.00166635,-0.394107,0.00827592,-0.698155,9.39964e-05,0.241782,-0.00173895,
3.098,0,0,0,0,0,0,0,0,0,0,0,0,0,0,0,0,0.0172119,0.999646,0.0197957,0,0.997173,-0.0157168,-0.0733509,0,-0.0730152,0.0210027,-0.99711,0,0.449151,-0.00708588,0.0290315,1,-1.36245,-29.9521,-1.53789,12.1613,0.112059,1.45735,-0.0767064,-64.9753,-66.5245,-34.5194,204.485,11.4214,62.1154,43.2605,-0.0382073,0.389278,0.0198456,-2.48592,0.0360936,2.80144,-0.822948,0.00364814,-0.396701,0.0113483,-0.69139,-0.000285883,0.244359,-0.00567451,
3.132,0,0,0,0,0,0,0,0,0,0,0,0,0,0,0,0,0.016941,0.999659,0.0194015,0,0.996993,-0.0154244,-0.0758176,0,-0.0754939,0.0206279,-0.996933,0,0.441593,-0.00688286,0.0294234,1,-1.28707,-29.837,-1.53789,11.8717,0.118468,1.76131,-0.00346424,-143.716,80.4047,-88.0997,-240.808,-10.6366,48.8463,42.7271,-0.0382303,0.376613,0.0201561,-2.50918,0.0360941,2.80956,-0.822966,-0.00256893,-0.367958,0.00824393,-0.683193,0.000600519,0.258883,-0.00287606,
3.166,0,0,0,0,0,0,0,0,0,0,0,0,0,0,0,0,0.0166726,0.999672,0.0189642,0,0.996855,-0.0151523,-0.0776623,0,-0.077351,0.0201997,-0.996799,0,0.434276,-0.00671477,0.0298428,1,-1.32674,-29.7616,-1.5736,12.3081,0.2265,1.85744,0.00294445,141.794,183.831,-133.251,-240.187,22.6198,-14.2608,5.93611,-0.0382239,0.364238,0.020403,-2.53191,0.0360853,2.81808,-0.822997,-0.00735447,-0.365317,0.00966256,-0.670599,-0.000786307,0.259658,-0.00048526,
3.2,0,0,0,0,0,0,0,0,0,0,0,0,0,0,0,0,0.0163527,0.999684,0.0185621,0,0.996749,-0.0148366,-0.0790665,0,-0.0787676,0.0197951,-0.996696,0,0.427336,-0.00651478,0.0302513,1,-1.50924,-29.8767,-1.5736,13.2959,0.251219,1.99568,-0.0236058,-87.4943,-61.0704,28.1921,44.3939,28.157,121.065,-56.4382,-0.0382225,0.352491,0.0207415,-2.55357,0.0360841,2.82658,-0.823002,0.00430336,-0.343164,0.00608631,-0.632846,-0.000338785,0.25789,0.00183731,
3.234,0,0,0,0,0,0,0,0,0,0,0,0,0,0,0,0,0.0160464,0.999696,0.0181731,0,0.996655,-0.0145378,-0.0803008,0,-0.0800137,0.0194012,-0.996605,0,0.420692,-0.00632357,0.0305097,1,-1.50924,-28.75,-1.68468,11.6138,0.293334,2.22365,0.0359034,-3.96587,178.777,-94.868,-68.6506,16.0769,-26.8533,2.49711,-0.0382309,0.341716,0.0210909,-2.57414,0.0360923,2.83515,-0.823004,0.00209955,-0.31237,0.0129434,-0.583469,-0.000123052,0.25098,0.000490896,
3.268,0,0,0,0,0,0,0,0,0,0,0,0,0,0,0,0,0.0157788,0.999708,0.017791,0,0.996563,-0.0142792,-0.0814752,0,-0.0811989,0.0190158,-0.996517,0,0.414363,-0.00615978,0.0307421,1,-1.47353,-29.1626,-1.68468,12.3081,0.335448,2.13393,0.0359034,138.423,-36.619,37.6366,-11.9375,-12.4776,-17.436,-34.2128,-0.0382493,0.33156,0.0214082,-2.59362,0.0360976,2.8433,-0.823002,-0.00150423,-0.277828,0.00789033,-0.53511,0.000187659,0.227725,0.00183964,
3.303,0,0,0,0,0,0,0,0,0,0,0,0,0,0,0,0,0.015568,0.999717,0.0174192,0,0.996476,-0.0140787,-0.082573,0,-0.082306,0.0186437,-0.996433,0,0.408352,-0.00602633,0.0308778,1,-1.65999,-28.3374,-1.79973,11.2845,0.359251,2.39027,0.089004,-79.9075,11.2765,13.8121,-134.047,-23.5517,25.261,-4.82231,-0.0382889,0.322251,0.0216951,-2.61196,0.0361141,2.85124,-0.823005,-0.00119638,-0.253623,0.0109138,-0.508792,0.000434368,0.236077,0.00114213,
3.337,0,0,0,0,0,0,0,0,0,0,0,0,0,0,0,0,0.0153464,0.999727,0.0170546,0,0.996476,-0.0138873,-0.0826023,0,-0.0823445,0.0182625,-0.996437,0,0.403249,-0.00591104,0.030989,1,-1.65999,-28.4485,-1.76006,11.8717,0.414183,2.21724,0.121963,-9.31222,-123.514,46.156,76.1634,11.1873,62.4318,-28.5402,-0.0383107,0.314336,0.0219651,-2.62802,0.0361238,2.85936,-0.823007,-0.000429028,-0.22698,0.00416199,-0.447427,-0.000389241,0.231033,0.00131472,
3.371,0,0,0,0,0,0,0,0,0,0,0,0,0,0,0,0,0.01516,0.999735,0.0167493,0,0.996497,-0.0137307,-0.0823807,0,-0.0821304,0.0179398,-0.99646,0,0.398834,-0.00580081,0.0310758,1,-1.43783,-27.6233,-1.64898,11.6892,0.402281,2.32802,0.188797,-55.7747,119.983,-123.806,98.3027,-11.7918,-19.9077,21.0476,-0.0383685,0.307545,0.0222693,-2.642,0.0361651,2.86678,-0.823006,-0.000433615,-0.184219,0.0058643,-0.377321,-9.43208e-05,0.209067,-0.00125647,
3.405,0,0,0,0,0,0,0,0,0,0,0,0,0,0,0,0,0.0150338,0.999742,0.016471,0,0.996536,-0.0136359,-0.0819205,0,-0.0816763,0.0176458,-0.996503,0,0.395158,-0.00573141,0.0311567,1,-1.43783,-27.9605,-1.53789,11.6495,0.419676,2.56972,0.195205,-100.198,-25.9879,21.4407,136.337,3.66789,59.0227,58.7782,-0.0384461,0.301875,0.0225122,-2.65377,0.0361889,2.87335,-0.823004,-0.000682444,-0.15042,0.00387788,-0.331875,-0.000302617,0.193536,-0.0025532,
3.439,0,0,0,0,0,0,0,0,0,0,0,0,0,0,0,0,0.0148492,0.999748,0.0162624,0,0.996525,-0.0134661,-0.0820805,0,-0.0818424,0.017425,-0.996493,0,0.391849,-0.00562971,0.0310558,1,-1.54891,-27.774,-1.64898,11.3202,0.444396,2.43147,0.142105,16.5334,-163.298,-19.666,-33.5784,8.36897,20.1451,-36.5362,-0.03849,0.297444,0.0227814,-2.66385,0.0362053,2.87883,-0.822999,-0.00210605,-0.114228,0.0106068,-0.270217,0.000180183,0.154773,-0.00769181,
3.473,0,0,0,0,0,0,0,0,0,0,0,0,0,0,0,0,0.014783,0.999751,0.0161007,0,0.996538,-0.013416,-0.0819327,0,-0.0816979,0.0172565,-0.996508,0,0.389447,-0.00558422,0.0309715,1,-1.58462,-27.0996,-1.68468,11.5424,0.449889,2.46626,0.234573,-111.869,105.64,-111.906,-29.3421,-3.59375,7.59253,22.3792,-0.0385947,0.294271,0.0229885,-2.67129,0.0362329,2.88326,-0.823005,-0.000473739,-0.0832615,0.00169033,-0.186447,0.000252102,0.108625,-0.00101649,
3.507,0,0,0,0,0,0,0,0,0,0,0,0,0,0,0,0,0.0148667,0.999752,0.015981,0,0.996579,-0.0135182,-0.0814097,0,-0.0811751,0.017137,-0.996553,0,0.387807,-0.00559376,0.0309234,1,-1.21169,-27.175,-1.34746,11.1377,0.383971,2.50746,0.168655,55.4336,-42.0218,-154.223,71.4816,14.6109,-5.98441,16.589,-0.0388083,0.292057,0.0231759,-2.67663,0.0362725,2.88691,-0.822998,-0.00678557,-0.0465479,0.00410584,-0.139143,9.20451e-05,0.103455,0.000901059,
3.541,0,0,0,0,0,0,0,0,0,0,0,0,0,0,0,0,0.015102,0.99975,0.0159027,0,0.996592,-0.0137625,-0.0812108,0,-0.0809731,0.0170753,-0.99657,0,0.386838,-0.00565948,0.0308593,1,-1.10061,-27.175,-1.08562,11.832,0.34735,2.36189,0.0761866,-26.0631,-24.875,34.4095,89.6063,0.597389,-23.2389,-37.9531,-0.03901,0.290888,0.0232191,-2.67968,0.0363359,2.88899,-0.822989,-0.00802028,-0.0197193,-0.000685698,-0.0469036,0.00156473,0.0345821,0.00286695,
3.575,0,0,0,0,0,0,0,0,0,0,0,0,0,0,0,0,0.0153331,0.999747,0.0158864,0,0.996614,-0.0139995,-0.0809019,0,-0.0806605,0.0170734,-0.996595,0,0.386781,-0.00575345,0.0309222,1,-1.14028,-27.286,-1.08562,11.3956,0.34735,2.6457,0.168655,-37.5842,109.381,55.1906,-78.7864,-16.1476,37.6803,71.0533,-0.0392541,0.290567,0.0232298,-2.68009,0.0363466,2.88939,-0.822999,-0.00618142,-0.0031356,-0.000264859,0.00171558,-0.00014923,0.000342257,-0.00208167,
3.609,0,0,0,0,0,0,0,0,0,0,0,0,0,0,0,0,0.0155767,0.999743,0.0158851,0,0.996621,-0.0142445,-0.0807801,0,-0.0805346,0.01709,-0.996605,0,0.386844,-0.00585638,0.0309534,1,-0.989523,-27.3614,-0.938833,11.3599,0.335448,2.63197,0.142105,51.3288,128.026,91.194,111.661,11.6784,4.12904,-36.2599,-0.0395081,0.290542,0.0232227,-2.67999,0.0363468,2.88939,-0.823016,-0.0112601,-0.000169453,-0.00201027,0.00461539,3.03681e-05,0.000229354,0.00187063,
3.643,0,0,0,0,0,0,0,0,0,0,0,0,0,0,0,0,0.0157579,0.99974,0.0158898,0,0.996638,-0.0144291,-0.0805263,0,-0.0802776,0.0171057,-0.996626,0,0.387013,-0.00596123,0.0309932,1,-0.914144,-27.774,-0.863455,11.102,0.311644,2.61091,0.121963,-6.19159,94.5365,-6.99687,-11.2335,-6.76477,9.47488,0.263487,-0.0397612,0.29063,0.0232137,-2.67965,0.0363448,2.88939,-0.823093,-0.0116091,-0.000251308,0.00239287,0.011306,0.000597322,-0.000226038,0.00121235,
3.677,0,0,0,0,0,0,0,0,0,0,0,0,0,0,0,0,0.0159605,0.999737,0.0158929,0,0.996642,-0.0146322,-0.0804454,0,-0.0801932,0.0171238,-0.996632,0,0.387058,-0.00607726,0.0310259,1,-0.80306,-27.3257,-0.863455,11.467,0.305235,2.6869,0.056045,58.3189,-316.111,-171.919,170.61,4.40416,-7.85343,-4.42761,-0.0400402,0.290576,0.0231982,-2.67959,0.0363454,2.88935,-0.823183,-0.0107367,0.00188475,0.00296603,-0.00216562,-3.48964e-05,-0.00189077,0.00117274,
3.711,0,0,0,0,0,0,0,0,0,0,0,0,0,0,0,0,0.0161896,0.999733,0.0158931,0,0.996638,-0.0148606,-0.0804469,0,-0.0801908,0.0171424,-0.996632,0,0.387059,-0.00618905,0.0310287,1,-0.691976,-27.4725,-0.676992,11.3599,0.26953,2.65944,0.115554,-23.2665,-22.106,-40.4924,-82.4273,15.3946,-2.13191,-9.35151,-0.040307,0.29057,0.0231796,-2.67958,0.0363478,2.88934,-0.823241,-0.0113928,0.00061821,0.000983958,9.98735e-05,-0.000289337,6.54432e-05,-0.000464104,
3.744,0,0,0,0,0,0,0,0,0,0,0,0,0,0,0,0,0.0160179,0.999735,0.0159267,0,0.996629,-0.0146842,-0.0805977,0,-0.0803441,0.0171644,-0.996619,0,0.387047,-0.00614185,0.0310325,1,0.0142004,-26.7981,0.148203,10.7013,0.118468,2.31428,0.0432277,112.349,-75.8923,23.9641,-57.8264,19.6137,28.5361,-23.3263,-0.0402804,0.290547,0.0232555,-2.67953,0.0363406,2.88911,-0.823307,0.00632921,-0.00225999,0.00282849,0.000244656,-0.000531521,-0.00482707,0.00180384,
3.778,0,0,0,0,0,0,0,0,0,0,0,0,0,0,0,0,0.0157563,0.999739,0.0159723,0,0.996634,-0.01442,-0.0805805,0,-0.0803306,0.0171885,-0.99662,0,0.387058,-0.00602716,0.0310465,1,-0.172262,-26.6116,0.112497,10.7013,0.106566,2.33443,0.069778,-42.0302,-69.9272,95.8607,33.0503,-18.567,-2.53998,5.42758,-0.040173,0.290511,0.0234157,-2.67952,0.0363387,2.88908,-0.823305,0.00188737,0.000341915,0.00304851,-0.000473159,-3.06361e-05,0.000171247,0.000121701,
3.812,0,0,0,0,0,0,0,0,0,0,0,0,0,0,0,0,0.0157485,0.999739,0.0159755,0,0.996635,-0.0144121,-0.0805736,0,-0.0803239,0.017191,-0.996621,0,0.387061,-0.00602447,0.0310513,1,-0.061178,-26.5005,0.0728246,10.7013,0.106566,2.35548,0.0954127,34.7033,62.9979,17.837,-78.1335,18.1702,-4.759,29.4457,-0.0401785,0.290497,0.0234264,-2.67952,0.0363387,2.88908,-0.823308,-5.91128e-05,-0.00176535,0.000168817,0.000904264,-0.000243864,-6.95802e-05,-0.000963081,
3.846,0,0,0,0,0,0,0,0,0,0,0,0,0,0,0,0,0.0158092,0.999738,0.0159712,0,0.996633,-0.0144727,-0.0805851,0,-0.0803344,0.0171918,-0.99662,0,0.387058,-0.00604697,0.0310518,1,0.049906,-26.5719,0.187876,10.7013,0.100157,2.36922,0.0496363,-104.962,-21.6235,159.375,-27.6233,-11.5558,-12.2382,18.9716,-0.0402185,0.290493,0.0234109,-2.67952,0.0363394,2.88906,-0.823303,0.000124347,0.000107933,-0.00225639,-0.00312622,3.51677e-05,-0.000245115,0.000193703,
3.88,0,0,0,0,0,0,0,0,0,0,0,0,0,0,0,0,0.0158816,0.999737,0.0159646,0,0.996633,-0.0145456,-0.0805756,0,-0.0803238,0.0171909,-0.996621,0,0.38706,-0.00608074,0.0310587,1,0.125284,-26.4251,0.223581,10.7727,0.106566,2.39027,0.121963,12.6846,-2.525,137.391,112.602,6.50418,18.5465,34.4637,-0.0402775,0.290471,0.0233871,-2.67953,0.0363384,2.88905,-0.823311,-0.00130718,-0.000915831,-0.000531575,-0.000612404,-1.29204e-05,-2.80919e-05,-0.00178345,
3.914,0,0,0,0,0,0,0,0,0,0,0,0,0,0,0,0,0.0158438,0.999737,0.0159675,0,0.996634,-0.0145077,-0.0805715,0,-0.0803203,0.0171906,-0.996621,0,0.387063,-0.00606122,0.0310624,1,-0.0215052,-26.5005,0.112497,10.7013,0.106566,2.38295,0.0294947,103.493,55.5806,62.9528,-34.7398,2.40267,-1.04854,-44.5748,-0.0402411,0.290462,0.0233991,-2.67952,0.0363387,2.88905,-0.823301,0.000616953,-9.33949e-05,-0.00358478,0.000203537,-0.000103869,8.08751e-05,0.00216547,
3.948,0,0,0,0,0,0,0,0,0,0,0,0,0,0,0,0,0.0158149,0.999738,0.0159686,0,0.996633,-0.0144787,-0.0805812,0,-0.0803304,0.0171895,-0.99662,0,0.38706,-0.00605292,0.0310606,1,0.0142004,-26.5362,0.187876,10.7013,0.100157,2.39027,0.109146,-22.2831,30.6563,90.984,-4.71052,-3.24531,-8.24301,20.1641,-0.0402201,0.290465,0.0233992,-2.67952,0.0363394,2.88904,-0.823309,-0.000102349,0.000499878,-0.00159099,0.0012241,4.22413e-05,-0.000253996,-0.00171969,
3.982,0,0,0,0,0,0,0,0,0,0,0,0,0,0,0,0,0.0158552,0.999737,0.0159675,0,0.996633,-0.014519,-0.0805816,0,-0.0803302,0.0171917,-0.99662,0,0.387059,-0.00606742,0.0310618,1,0.0895788,-26.4608,0.187876,10.7727,0.0937486,2.38295,0.0825953,-70.9293,-37.8272,80.5205,76.96,-11.9029,-10.3467,-49.1653,-0.0402537,0.290459,0.023396,-2.67953,0.0363401,2.88904,-0.823306,0.00231877,-0.00065354,-0.000879265,-0.00126011,0.000255179,0.000241862,-0.000660981,
4.016,0,0,0,0,0,0,0,0,0,0,0,0,0,0,0,0,0.0158278,0.999738,0.0159693,0,0.996633,-0.0144915,-0.0805812,0,-0.0803301,0.0171912,-0.99662,0,0.38706,-0.00605553,0.0310615,1,-0.0215052,-26.5362,0.0728246,10.7727,0.0882554,2.39668,0.0496363,-35.1372,-94.0101,-94.1858,53.6648,-30.2334,10.7974,12.8335,-0.0402336,0.290461,0.0234048,-2.67953,0.0363376,2.88904,-0.823303,0.000825943,0.00060652,0.000610548,-0.00106349,0.000611833,-0.000188558,0.000485238,
4.05,0,0,0,0,0,0,0,0,0,0,0,0,0,0,0,0,0.0158321,0.999737,0.0159699,0,0.996633,-0.0144958,-0.0805791,0,-0.080328,0.0171922,-0.99662,0,0.387061,-0.00605891,0.0310626,1,0.0895788,-26.5005,0.0728246,10.7013,0.100157,2.38295,0.102737,63.2758,-19.9609,-109.857,-45.5098,-4.34775,-14.9073,-2.03936,-0.0402413,0.290459,0.0234042,-2.67952,0.0363394,2.88904,-0.823309,-0.0008085,-0.000181536,0.000955844,0.000111747,-0.000923883,0.000369942,-0.00122641,
4.084,0,0,0,0,0,0,0,0,0,0,0,0,0,0,0,0,0.0158434,0.999737,0.015968,0,0.996633,-0.0145072,-0.0805758,0,-0.0803246,0.0171912,-0.996621,0,0.387062,-0.00606121,0.031064,1,0.049906,-26.4608,0.112497,10.737,0.106566,2.38295,0.0294947,-37.409,103.733,-31.7171,10.7642,-9.30714,9.43035,-17.0375,-0.040244,0.290455,0.0234013,-2.67952,0.0363373,2.88904,-0.8233,1.67632e-05,-0.000998544,0.000657288,-0.000165592,-0.000179498,0.000199203,0.0016987,
4.118,0,0,0,0,0,0,0,0,0,0,0,0,0,0,0,0,0.0158345,0.999737,0.015969,0,0.996633,-0.0144982,-0.0805773,0,-0.0803262,0.0171915,-0.99662,0,0.387062,-0.00606064,0.0310637,1,0.0142004,-26.5005,0.112497,10.737,0.106566,2.39027,0.109146,-166.75,-8.15798,-29.7657,66.0401,5.45578,6.46213,12.3566,-0.0402424,0.290456,0.0234013,-2.67953,0.0363387,2.88904,-0.823309,0.00211686,0.000320818,0.000573315,-7.63532e-05,0.00386377,-1.66204e-05,-0.00100428,
4.152,0,0,0,0,0,0,0,0,0,0,0,0,0,0,0,0,0.0158324,0.999737,0.0159697,0,0.996633,-0.0144961,-0.0805777,0,-0.0803266,0.017192,-0.99662,0,0.387062,-0.00605722,0.0310648,1,-0.0215052,-26.4608,0.0728246,10.737,0.0937486,2.39668,0.056045,-16.4965,105.103,-175.788,-43.2177,-2.98184,18.8985,-10.8658,-0.0402368,0.290452,0.0234041,-2.67952,0.0363402,2.88903,-0.823304,-0.000305123,-0.00187963,0.000215333,-0.000264496,0.00320085,-0.000173857,0.000821347,
4.186,0,0,0,0,0,0,0,0,0,0,0,0,0,0,0,0,0.0158171,0.999738,0.0159697,0,0.996634,-0.014481,-0.0805725,0,-0.0803216,0.0171907,-0.996621,0,0.387064,-0.00605327,0.0310651,1,-0.0215052,-26.5005,0.112497,10.7013,0.100157,2.39027,0.102737,-27.8003,-57.1606,110.78,-36.9055,-2.63643,5.26924,-25.2615,-0.0402261,0.290454,0.0234038,-2.67952,0.0363394,2.88904,-0.823309,-0.00578163,0.000558253,-0.000720073,-0.00953534,0.000172535,7.6559e-05,-0.000506808,
4.22,0,0,0,0,0,0,0,0,0,0,0,0,0,0,0,0,0.0158656,0.999737,0.015967,0,0.996633,-0.0145295,-0.0805748,0,-0.0803231,0.017192,-0.996621,0,0.387062,-0.00607187,0.0310648,1,0.125284,-26.5005,0.187876,10.737,0.100157,2.39027,0.0432277,-21.1616,8.8163,43.8332,18.5104,-6.02165,-25.9632,-50.683,-0.0402651,0.290453,0.023396,-2.67953,0.0363384,2.88904,-0.823305,-0.00075568,9.80893e-05,-0.000147281,3.84038e-05,-6.93121e-05,0.000384417,0.00182093,
4.254,0,0,0,0,0,0,0,0,0,0,0,0,0,0,0,0,0.0158412,0.999737,0.0159677,0,0.996633,-0.0145051,-0.0805768,0,-0.0803256,0.0171907,-0.99662,0,0.387062,-0.00606163,0.0310661,1,-0.0215052,-26.4251,0.148203,10.7727,0.106566,2.39668,0.0624537,-15.098,175.651,36.6001,88.6748,1.44479,1.81336,21.124,-0.0402411,0.290447,0.023398,-2.67953,0.0363387,2.88903,-0.823304,0.000476922,-0.00245522,-0.0023289,-0.00104859,-0.000177721,-0.000103843,-0.000336109,
4.29,0,0,0,0,0,0,0,0,0,0,0,0,0,0,0,0,0.0158141,0.999738,0.0159691,0,0.996634,-0.014478,-0.0805751,0,-0.0803243,0.0171899,-0.996621,0,0.387063,-0.00605284,0.0310665,1,0.0142004,-26.4251,0.148203,10.737,0.112059,2.40401,0.0954127,-24.5012,139.273,116.811,8.00254,21.8663,15.9679,82.1509,-0.0402232,0.290447,0.0234021,-2.67953,0.0363381,2.88903,-0.823309,0.000329888,-0.000547939,-0.00148146,0.000294687,-0.000227299,-0.000335748,-0.0013374,
4.324,0,0,0,0,0,0,0,0,0,0,0,0,0,0,0,0,0.0158571,0.999737,0.0159678,0,0.996633,-0.014521,-0.0805724,0,-0.0803209,0.017192,-0.996621,0,0.387064,-0.0060712,0.0310661,1,0.125284,-26.5005,0.187876,10.7013,0.100157,2.40401,0.142105,3.75929,67.7127,31.8438,-16.4082,0.834322,29.0069,48.7972,-0.040263,0.29045,0.0233958,-2.67952,0.0363394,2.88903,-0.823313,0.000492846,-6.93473e-05,-0.000268203,0.00102487,7.89015e-05,-0.000374339,-0.00237853,
4.358,0,0,0,0,0,0,0,0,0,0,0,0,0,0,0,0,0.0158429,0.999737,0.0159678,0,0.996633,-0.0145068,-0.0805738,0,-0.0803225,0.0171909,-0.996621,0,0.387064,-0.00606003,0.0310665,1,0.0142004,-26.4608,0.148203,10.7013,0.100157,2.39668,0.0166774,55.4425,98.6626,120.994,-63.9759,-2.03407,1.09389,-77.3455,-0.0402389,0.290449,0.0233997,-2.67952,0.0363391,2.88903,-0.823299,-0.000869022,-0.000357647,0.000404849,-0.000577156,0.000135452,0.000163801,0.00256374,
4.392,0,0,0,0,0,0,0,0,0,0,0,0,0,0,0,0,0.0158386,0.999737,0.0159689,0,0.996633,-0.0145023,-0.0805824,0,-0.0803312,0.0171917,-0.99662,0,0.387059,-0.00606031,0.031064,1,0.049906,-26.5005,0.148203,10.7727,0.100157,2.39027,0.069778,-68.0892,-20.6519,-29.8666,120.584,-5.85284,-11.3292,-60.572,-0.0402416,0.290452,0.0234013,-2.67953,0.0363394,2.88903,-0.823305,-0.000445582,0.000744206,0.000110597,-0.000800793,-1.95502e-05,-0.000230646,0.00108667,
4.426,0,0,0,0,0,0,0,0,0,0,0,0,0,0,0,0,0.0158498,0.999737,0.0159683,0,0.996633,-0.0145136,-0.0805774,0,-0.080326,0.017192,-0.99662,0,0.387062,-0.00606655,0.0310656,1,0.049906,-26.5005,0.148203,10.737,0.106566,2.39668,0.102737,-50.4524,-112.86,83.7571,-50.1512,-2.00978,-5.90376,-14.6027,-0.0402546,0.290449,0.0233987,-2.67953,0.0363387,2.88903,-0.823309,0.000189504,0.000831073,-0.000471808,-0.000230644,8.48352e-06,-0.00170509,-0.00114413,
4.46,0,0,0,0,0,0,0,0,0,0,0,0,0,0,0,0,0.0158261,0.999738,0.0159691,0,0.996633,-0.0144899,-0.0805769,0,-0.0803259,0.0171909,-0.99662,0,0.387062,-0.00605551,0.0310657,1,-0.0215052,-26.5005,0.112497,10.737,0.100157,2.39027,0.0294947,-13.091,-10.1137,128.121,-1.6884,-13.6556,-14.165,-1.86513,-0.0402303,0.290449,0.0234024,-2.67953,0.0363394,2.88903,-0.823305,-0.00055596,0.000967264,-0.00063803,-0.0001651,0.000144628,0.00024499,0.00114441,
4.494,0,0,0,0,0,0,0,0,0,0,0,0,0,0,0,0,0.0158495,0.999737,0.0159685,0,0.996633,-0.0145133,-0.0805754,0,-0.080324,0.0171921,-0.996621,0,0.387063,-0.00606556,0.031066,1,0.0895788,-26.5005,0.148203,10.737,0.100157,2.39027,0.089004,-58.2634,-112.507,11.2314,14.4646,-0.81495,-17.0275,-29.8333,-0.0402529,0.290449,0.0233995,-2.67952,0.0363394,2.88903,-0.823307,-0.000959718,0.00109798,-0.000117531,-0.00110678,-5.94851e-06,0.00064609,-3.35011e-05,
4.527,0,0,0,0,0,0,0,0,0,0,0,0,0,0,0,0,0.0158504,0.999737,0.0159678,0,0.996633,-0.0145142,-0.0805746,0,-0.0803232,0.0171915,-0.996621,0,0.387063,-0.00606552,0.0310667,1,0.0142004,-26.5005,0.148203,10.737,0.112059,2.39668,0.0294947,-69.4469,-76.8718,98.2943,-92.3959,4.25279,-18.5584,-21.5744,-0.040252,0.290447,0.0233988,-2.67953,0.0363381,2.88903,-0.823305,9.27609e-05,0.000120936,-0.000288127,-0.000136,-0.000347277,0.000158586,0.00193398,
4.561,0,0,0,0,0,0,0,0,0,0,0,0,0,0,0,0,0.0158052,0.999738,0.0159712,0,0.996634,-0.0144689,-0.0805743,0,-0.0803236,0.0171913,-0.996621,0,0.387063,-0.00605016,0.0310682,1,-0.0968836,-26.4251,0.0728246,10.7727,0.100157,2.39668,0.142105,-86.0085,121.015,16.956,-27.659,2.61525,-13.1401,39.3643,-0.0402226,0.290441,0.0234075,-2.67953,0.0363394,2.88903,-0.823313,0.000703319,-0.00117428,-0.00078655,-0.00067018,-6.14697e-06,1.93647e-05,-0.00261488,
4.595,0,0,0,0,0,0,0,0,0,0,0,0,0,0,0,0,0.0158309,0.999738,0.0159692,0,0.996634,-0.0144947,-0.0805748,0,-0.0803238,0.0171914,-0.996621,0,0.387063,-0.0060609,0.0310659,1,0.049906,-26.5362,0.148203,10.737,0.106566,2.38295,0.135696,-72.5794,-105.38,80.2214,60.4253,-2.14498,-38.1592,139.883,-0.0402427,0.29045,0.023401,-2.67952,0.0363387,2.88903,-0.823313,0.00099644,0.00118943,-0.000136829,0.00184139,-0.000193558,0.000482283,-0.00299904,
4.629,0,0,0,0,0,0,0,0,0,0,0,0,0,0,0,0,0.0158784,0.999737,0.0159662,0,0.996633,-0.0145423,-0.080576,0,-0.0803242,0.0171922,-0.996621,0,0.387062,-0.00607469,0.0310681,1,0.125284,-26.4251,0.187876,10.7727,0.0937486,2.40401,0.0294947,20.7687,31.4318,-25.7756,55.5476,-16.7644,10.6296,-7.4106,-0.0402686,0.290441,0.0233929,-2.67953,0.0363401,2.88902,-0.823301,0.000485118,-0.00048916,-0.000216603,-0.00101365,0.000240127,-2.37764e-05,0.00134829,
4.663,0,0,0,0,0,0,0,0,0,0,0,0,0,0,0,0,0.0158351,0.999737,0.0159685,0,0.996634,-0.014499,-0.0805731,0,-0.0803219,0.0171909,-0.996621,0,0.387064,-0.00606211,0.031068,1,-0.0215052,-26.4608,0.112497,10.7013,0.106566,2.39027,0.109146,-37.1454,-0.360091,-7.04089,-43.973,8.26202,-12.2428,0.738789,-0.0402464,0.290443,0.0234013,-2.67952,0.0363355,2.88903,-0.823309,0.00179209,0.000236392,-5.98571e-05,-0.000180936,-0.000125659,0.000484737,-0.00128812,
4.697,0,0,0,0,0,0,0,0,0,0,0,0,0,0,0,0,0.0158225,0.999738,0.0159704,0,0.996633,-0.0144862,-0.0805797,0,-0.0803287,0.0171919,-0.99662,0,0.387062,-0.00605214,0.0310665,1,-0.061178,-26.5362,0.0728246,10.737,0.100157,2.40401,0.0359034,-130.351,-85.8846,-41.5786,-15.5367,-4.80629,-4.14941,-43.1484,-0.0402275,0.290446,0.0234073,-2.67953,0.0363394,2.88902,-0.823301,0.000841204,0.00222848,0.000662859,-0.000306013,0.000118887,-0.000224024,0.00159631,
4.731,0,0,0,0,0,0,0,0,0,0,0,0,0,0,0,0,0.0158464,0.999737,0.0159695,0,0.996634,-0.0145102,-0.0805703,0,-0.080319,0.0171928,-0.996621,0,0.387066,-0.00606423,0.0310695,1,0.0895788,-26.4608,0.112497,10.7013,0.106566,2.40401,0.0825953,-123.542,-16.0675,-89.5666,-61.677,-4.39103,19.6554,-2.34235,-0.0402541,0.29044,0.0234035,-2.67952,0.0363387,2.88902,-0.823307,0.000203754,0.00646483,-0.00114563,0.00243564,-0.000229335,-1.27871e-05,0.000159946,
4.765,0,0,0,0,0,0,0,0,0,0,0,0,0,0,0,0,0.0158467,0.999737,0.0159691,0,0.996634,-0.0145105,-0.0805717,0,-0.0803204,0.0171925,-0.996621,0,0.387064,-0.00606196,0.0310692,1,0.0142004,-26.4251,0.0728246,10.737,0.106566,2.39668,0.0294947,44.8523,-6.16302,-81.3785,27.4535,10.1977,-8.61158,-80.6026,-0.0402489,0.29044,0.0234041,-2.67952,0.0363387,2.88902,-0.823301,0.000253715,0.00619208,0.0012137,-0.00114168,-0.00183288,3.93819e-05,0.00203975,
4.799,0,0,0,0,0,0,0,0,0,0,0,0,0,0,0,0,0.0158106,0.999738,0.0159714,0,0.996634,-0.0144744,-0.0805681,0,-0.0803174,0.0171918,-0.996621,0,0.387066,-0.00605077,0.0310708,1,-0.061178,-26.4251,0.037119,10.737,0.112059,2.40401,0.102737,-96.3073,57.5034,-136.777,-41.9811,19.9497,3.22098,33.4228,-0.0402276,0.290436,0.0234105,-2.67952,0.0363381,2.88902,-0.823309,-6.39175e-05,-0.000474428,-0.00221551,0.000154156,-0.000225511,-0.000323657,-0.000799591,
4.833,0,0,0,0,0,0,0,0,0,0,0,0,0,0,0,0,0.0158493,0.999737,0.0159686,0,0.996633,-0.0145131,-0.0805725,0,-0.0803211,0.0171922,-0.996621,0,0.387063,-0.00606675,0.0310699,1,0.16099,-26.3855,0.148203,10.8085,0.100157,2.40401,0.115554,160.502,188.17,6.0339,194.045,-1.21242,3.17721,43.9942,-0.0402562,0.290435,0.0233997,-2.67953,0.0363393,2.88902,-0.82331,-0.00202685,-0.00151198,0.000298828,-0.00173828,9.26939e-05,-0.000140675,-0.000831464,
4.867,0,0,0,0,0,0,0,0,0,0,0,0,0,0,0,0,0.015853,0.999737,0.0159683,0,0.996633,-0.0145168,-0.0805745,0,-0.0803231,0.0171922,-0.996621,0,0.387063,-0.00606534,0.0310686,1,0.049906,-26.5005,0.112497,10.7727,0.112059,2.39668,0.0432277,22.9321,-138.363,45.3839,63.8077,8.83652,-6.51507,-48.5903,-0.0402545,0.29044,0.0234013,-2.67953,0.0363381,2.88902,-0.823302,0.000562787,0.000862109,-0.000711497,-0.000208633,-0.000349242,0.000181932,0.00102957,
4.901,0,0,0,0,0,0,0,0,0,0,0,0,0,0,0,0,0.015832,0.999738,0.0159686,0,0.996633,-0.0144959,-0.0805754,0,-0.0803243,0.0171909,-0.996621,0,0.387062,-0.00605766,0.031069,1,-0.0215052,-26.4608,0.148203,10.7727,0.100157,2.40401,0.0230861,-12.9393,-63.4,113.675,80.0221,-7.62621,-2.21431,-67.5761,-0.0402343,0.290437,0.023401,-2.67953,0.0363394,2.88902,-0.823304,5.17465e-05,0.000285935,-0.000768834,-0.000428694,-8.3768e-07,3.30866e-05,0.00181795,
4.935,0,0,0,0,0,0,0,0,0,0,0,0,0,0,0,0,0.0158281,0.999738,0.0159701,0,0.996634,-0.0144919,-0.0805724,0,-0.0803214,0.017192,-0.996621,0,0.387064,-0.00605896,0.0310698,1,0.049906,-26.4608,0.112497,10.7727,0.106566,2.41041,0.129287,63.3076,-46.5941,73.4086,76.3184,17.2883,15.7014,46.6579,-0.0402417,0.290436,0.0234045,-2.67953,0.0363387,2.88902,-0.823312,-0.00085304,0.000562216,-1.05761e-05,-0.000420422,-0.000328085,-0.000319649,-0.00205445,
4.969,0,0,0,0,0,0,0,0,0,0,0,0,0,0,0,0,0.0158486,0.999737,0.0159697,0,0.996634,-0.0145124,-0.0805646,0,-0.0803132,0.0171931,-0.996621,0,0.387066,-0.00606472,0.0310728,1,0.16099,-26.3855,0.0728246,10.7727,0.0937486,2.41041,0.056045,213.11,141.659,-234.244,-0.744995,-10.122,-4.6046,-48.4196,-0.040256,0.290429,0.0234043,-2.67953,0.0363401,2.88902,-0.823307,-0.00188857,-0.00122786,0.00120679,-0.00132034,0.000176374,-0.00020344,0.00122722,
5.003,0,0,0,0,0,0,0,0,0,0,0,0,0,0,0,0,0.0158301,0.999738,0.0159689,0,0.996634,-0.0144941,-0.0805633,0,-0.0803122,0.0171908,-0.996622,0,0.387067,-0.00605896,0.0310723,1,-0.0215052,-26.4251,0.112497,10.737,0.0937486,2.39027,0.102737,-14.8334,53.451,-52.2741,-15.3975,-25.1568,-16.7709,30.8412,-0.040238,0.290432,0.0234016,-2.67953,0.0363391,2.88903,-0.823309,0.000556933,-0.00101422,-0.000595896,0.000368845,0.000289044,0.000439597,-0.00115945,
5.037,0,0,0,0,0,0,0,0,0,0,0,0,0,0,0,0,0.0158376,0.999737,0.0159692,0,0.996633,-0.0145013,-0.0805768,0,-0.0803256,0.0171919,-0.99662,0,0.387062,-0.00606129,0.0310693,1,0.049906,-26.5005,0.148203,10.737,0.106566,2.40401,0.0954127,41.2725,-211.383,47.4892,37.6276,20.295,-27.7683,58.375,-0.0402449,0.290437,0.0234019,-2.67953,0.0363387,2.88902,-0.823308,0.000773018,0.00152055,-0.000858192,0.000212137,-0.000242381,9.93969e-05,2.69516e-05,
5.073,0,0,0,0,0,0,0,0,0,0,0,0,0,0,0,0,0.0158348,0.999737,0.0159687,0,0.996634,-0.0144986,-0.0805736,0,-0.0803225,0.0171912,-0.996621,0,0.387063,-0.00606153,0.031071,1,0.0142004,-26.4251,0.148203,10.7727,0.100157,2.41041,0.0624537,47.5103,120.731,87.2405,85.2034,0.903658,4.65978,-33.6439,-0.0402456,0.290431,0.023402,-2.67953,0.0363362,2.88902,-0.823309,0.0113935,-0.000263763,-0.000356696,-0.000728462,0.000149916,-0.000106493,0.000421522,
5.107,0,0,0,0,0,0,0,0,0,0,0,0,0,0,0,0,0.0158342,0.999737,0.0159687,0,0.996634,-0.0144981,-0.0805704,0,-0.0803193,0.017191,-0.996621,0,0.387064,-0.00605824,0.0310708,1,-0.061178,-26.4608,0.112497,10.737,0.106566,2.40401,0.0230861,-195.678,-41.3426,-3.57884,-20.3657,5.36694,-13.4232,-41.1363,-0.0402372,0.290434,0.0234023,-2.67953,0.0363386,2.88902,-0.823303,0.00200706,0.00139124,-0.000141842,-6.02817e-05,-4.07614e-05,-5.69799e-05,0.00193821,
5.141,0,0,0,0,0,0,0,0,0,0,0,0,0,0,0,0,0.0158394,0.999737,0.015969,0,0.996633,-0.0145031,-0.0805772,0,-0.080326,0.0171919,-0.99662,0,0.387062,-0.00606219,0.0310696,1,0.049906,-26.5005,0.112497,10.7727,0.112059,2.41041,0.056045,13.1708,-96.2962,-94.9093,60.4025,28.9434,20.1299,-30.5898,-0.0402469,0.290436,0.0234016,-2.67953,0.0363381,2.88902,-0.823308,1.4187e-05,0.00165605,-0.00247077,-0.000917294,-0.000450694,-0.000335253,0.00136178,
5.175,0,0,0,0,0,0,0,0,0,0,0,0,0,0,0,0,0.0158354,0.999737,0.0159707,0,0.996634,-0.0144991,-0.0805715,0,-0.0803203,0.0171932,-0.996621,0,0.387065,-0.00606055,0.0310713,1,0.049906,-26.4608,0.0728246,10.7013,0.0882554,2.41041,0.0825953,-106.818,-12.904,-133.937,-175.882,-24.8774,0.0448379,-38.9566,-0.0402481,0.290433,0.0234065,-2.67953,0.0363397,2.88902,-0.82331,0.000346979,0.000550383,0.00761985,0.000754122,0.000363608,-7.80645e-05,-0.000581219,
5.209,0,0,0,0,0,0,0,0,0,0,0,0,0,0,0,0,0.0158442,0.999737,0.0159689,0,0.996633,-0.014508,-0.0805729,0,-0.0803216,0.017192,-0.996621,0,0.387063,-0.00606151,0.0310713,1,0.049906,-26.4608,0.112497,10.7727,0.100157,2.40401,0.0166774,-40.7418,-76.4379,11.3597,87.1087,-9.5393,-0.15831,-37.6415,-0.0402457,0.290431,0.0234024,-2.67953,0.0363394,2.88902,-0.823302,0.0015356,0.000524377,-0.000658331,-0.000621023,0.000121467,0.000170582,0.00232445,
5.243,0,0,0,0,0,0,0,0,0,0,0,0,0,0,0,0,0.0159211,0.999736,0.0159591,0,0.996634,-0.0145858,-0.0805561,0,-0.0803036,0.0171882,-0.996622,0,0.387066,-0.00609855,0.0310703,1,0.609293,-26.8377,0.449717,10.737,0.142272,2.14125,0.102737,268.345,-87.8131,129.401,-35.7549,-4.08384,-7.14667,-5.22747,-0.0403051,0.290438,0.0233717,-2.67953,0.0363344,2.88904,-0.823309,-0.00732264,0.00729259,-0.00529028,0.00119919,-0.00091856,0.00621866,-0.000698901,
5.277,0,0,0,0,0,0,0,0,0,0,0,0,0,0,0,0,0.0159476,0.999736,0.0159621,0,0.996633,-0.0146119,-0.0805583,0,-0.0803053,0.0171934,-0.996622,0,0.387071,-0.00610117,0.0310755,1,0.125284,-26.6473,0.187876,10.6656,0.0214219,2.59077,0.0496363,-196.875,-42.1285,-112.5,-87.3519,31.0016,-8.8309,19.0201,-0.0403106,0.290427,0.0233717,-2.67952,0.0363507,2.88902,-0.823304,0.00421016,0.000853576,0.00275266,0.00400803,0.0114517,-0.00737821,-0.000557446,
5.311,0,0,0,0,0,0,0,0,0,0,0,0,0,0,0,0,0.0155688,0.999741,0.0159928,0,0.996647,-0.0142335,-0.0804578,0,-0.0802109,0.0171921,-0.99663,0,0.387114,-0.00595088,0.0311104,1,-0.358724,-26.3498,-0.189016,10.5188,0.112059,2.52852,0.0432277,47.1836,20.0266,43.0962,-48.8618,32.5031,9.67145,-17.0344,-0.0400668,0.290356,0.0234954,-2.67948,0.0363333,2.88901,-0.823302,0.00321759,-0.00198653,-0.000206148,0.000595184,-0.000319764,-0.00419657,0.000329383,
5.345,0,0,0,0,0,0,0,0,0,0,0,0,0,0,0,0,0.0157826,0.999738,0.0159848,0,0.99664,-0.0144466,-0.0804981,0,-0.0802476,0.0172019,-0.996627,0,0.387098,-0.0060355,0.0310926,1,0.422831,-26.7624,0.449717,10.7727,0.0818467,2.34816,0.0432277,-94.6159,-127.479,13.5928,31.9944,0.523054,8.2375,42.0707,-0.0402503,0.290401,0.0234647,-2.67949,0.0363335,2.88902,-0.823302,-0.0117988,0.000856343,-0.0109969,-0.000997361,0.000522821,-0.000109244,-0.000216247,
5.379,0,0,0,0,0,0,0,0,0,0,0,0,0,0,0,0,0.0162229,0.999732,0.0159118,0,0.996635,-0.0148916,-0.080486,0,-0.080229,0.0171643,-0.996629,0,0.387096,-0.00622626,0.031105,1,0.236368,-26.2347,0.374338,10.737,0.0882554,2.41041,0.0166774,-50.3845,144.418,-0.0263543,-44.8983,17.9456,-1.05919,-25.9993,-0.0404423,0.290355,0.0232105,-2.6795,0.036336,2.889,-0.823299,0.00780644,-0.00142852,-0.00114939,0.000112759,-0.000308587,8.43024e-05,0.00166589,
5.413,0,0,0,0,0,0,0,0,0,0,0,0,0,0,0,0,0.0158553,0.999737,0.0159618,0,0.99664,-0.014521,-0.0804921,0,-0.0802407,0.0171847,-0.996627,0,0.387097,-0.00606817,0.0310985,1,0.0142004,-26.5362,0.0728246,10.737,0.0818467,2.36189,0.00935314,100.867,122.99,-35.1869,202.115,-24.1354,-25.6516,-104.861,-0.0402397,0.290378,0.0233846,-2.6795,0.0363367,2.88901,-0.823298,0.000857186,-0.000927082,0.00433717,0.00264706,0.000197198,0.000291531,0.00249272,
5.447,0,0,0,0,0,0,0,0,0,0,0,0,0,0,0,0,0.0159696,0.999735,0.0159583,0,0.996639,-0.0146355,-0.0804791,0,-0.0802258,0.0171902,-0.996628,0,0.387102,-0.00611763,0.0311048,1,0.276041,-26.3498,0.334665,10.7013,0.0818467,2.41041,0.0954127,-47.7854,62.1229,77.7367,-52.5199,-6.60163,-16.6462,40.0192,-0.0403499,0.290362,0.0233701,-2.67949,0.0363367,2.88901,-0.823308,-0.00874096,-0.000211842,-0.00407745,-0.00484148,0.00017294,-0.00113871,-0.00168443,
5.481,0,0,0,0,0,0,0,0,0,0,0,0,0,0,0,0,0.0160409,0.999735,0.0159347,0,0.996636,-0.0147081,-0.0805003,0,-0.0802461,0.0171727,-0.996627,0,0.387094,-0.0061483,0.0310979,1,0.0895788,-26.5719,0.187876,10.737,0.0882554,2.39027,0.0359034,85.91,-120.798,69.5725,-54.989,-7.22378,-10.8225,1.283,-0.0403344,0.290378,0.0232893,-2.6795,0.036336,2.88901,-0.823298,0.00246604,0.00160524,0.00131075,0.000183732,-0.000146261,0.000147195,0.000428845,
5.515,0,0,0,0,0,0,0,0,0,0,0,0,0,0,0,0,0.0158962,0.999737,0.0159592,0,0.99664,-0.0145622,-0.0804848,0,-0.0802327,0.0171853,-0.996628,0,0.387101,-0.00608706,0.0311028,1,0.16099,-26.4251,0.223581,10.737,0.0818467,2.41774,0.056045,-10.8157,42.4394,67.893,172.25,-23.2287,5.28263,-43.5415,-0.040276,0.290368,0.0233742,-2.67949,0.0363367,2.88901,-0.823303,-8.9027e-05,-0.0012528,-0.00142587,-0.0009014,0.000182349,-0.000692571,0.000892412,
5.549,0,0,0,0,0,0,0,0,0,0,0,0,0,0,0,0,0.0161478,0.999733,0.0159279,0,0.996635,-0.0148153,-0.0804935,0,-0.0802376,0.0171745,-0.996628,0,0.387094,-0.00619155,0.0310969,1,0.200663,-26.6116,0.29896,10.737,0.0159288,2.39027,0.069778,148.942,-102.765,-12.9374,-75.6147,16.9577,52.1519,18.9484,-0.0404107,0.290381,0.0232601,-2.6795,0.0363446,2.88902,-0.823304,-0.00329309,0.00120906,-0.0044064,0.000111534,0.00121916,0.0021014,-0.000668864,
5.583,0,0,0,0,0,0,0,0,0,0,0,0,0,0,0,0,0.0158388,0.999738,0.0159625,0,0.996645,-0.0145055,-0.0804361,0,-0.080185,0.0171833,-0.996632,0,0.387124,-0.00606487,0.0311191,1,-0.061178,-26.4251,0.037119,10.4078,0.0818467,2.43788,0.0954127,-117.952,-209.533,87.1103,-98.097,22.2841,31.1907,89.3929,-0.0402274,0.29034,0.0233832,-2.67947,0.0363416,2.889,-0.823308,0.0029639,0.00717513,0.00433449,0.00319039,-0.00116173,-0.00447205,-0.0025841,
5.617,0,0,0,0,0,0,0,0,0,0,0,0,0,0,0,0,0.0158536,0.999737,0.0159769,0,0.996642,-0.0145185,-0.080471,0,-0.0802194,0.0171993,-0.996629,0,0.38711,-0.00606149,0.0310988,1,0.387125,-26.8734,0.263254,10.8085,0.14868,2.26576,0.00935314,114.192,-57.2617,-40.2068,-16.0888,-27.6869,18.8329,-5.77426,-0.0402864,0.290395,0.0234393,-2.67947,0.0363359,2.88903,-0.823293,-0.0090511,0.00130145,-0.00853005,-0.00164547,-0.000496176,-0.00207248,0.000329901,
5.651,0,0,0,0,0,0,0,0,0,0,0,0,0,0,0,0,0.0162663,0.999732,0.0159078,0,0.996636,-0.0149357,-0.0804606,0,-0.0802029,0.0171634,-0.996631,0,0.387108,-0.00623935,0.0311157,1,0.311747,-26.1593,0.449717,10.7727,0.0516343,2.43788,0.0294947,36.2865,143.327,-89.5863,-11.2861,2.56374,0.63775,-14.2627,-0.0404501,0.290333,0.0231902,-2.67949,0.0363495,2.889,-0.823296,0.00461201,-0.00164362,-0.00459704,0.00327638,-8.64819e-05,-0.000202504,0.000283246,
5.685,0,0,0,0,0,0,0,0,0,0,0,0,0,0,0,0,0.0158395,0.999737,0.0159664,0,0.996641,-0.0145051,-0.0804812,0,-0.08023,0.0171878,-0.996628,0,0.387106,-0.00606021,0.0311018,1,0.0142004,-26.7227,0.112497,10.7013,0.0699449,2.36189,0.0496363,-226.705,121.095,21.0874,-18.1374,27.1388,18.7187,-34.415,-0.0402305,0.290378,0.023395,-2.67948,0.0363432,2.88901,-0.823301,0.00292402,0.00124487,0.00675444,-0.00025835,-0.000387218,0.00239756,-0.000477826,
5.719,0,0,0,0,0,0,0,0,0,0,0,0,0,0,0,0,0.0159828,0.999735,0.0159599,0,0.99664,-0.0146487,-0.0804664,0,-0.0802128,0.0171927,-0.996629,0,0.38711,-0.00611817,0.0311087,1,0.387125,-26.4608,0.374338,10.7727,0.0635362,2.40401,0.0761866,200.781,5.75518,22.6101,125.334,3.61824,6.39856,68.543,-0.0403536,0.29036,0.0233728,-2.67948,0.0363436,2.889,-0.823302,-0.00381948,0.00111523,-0.00270081,0.00496361,-0.000200466,-0.000270765,-0.0014477,
5.753,0,0,0,0,0,0,0,0,0,0,0,0,0,0,0,0,0.0160208,0.999735,0.0159454,0,0.996639,-0.0146878,-0.0804662,0,-0.0802122,0.0171812,-0.99663,0,0.387109,-0.00613493,0.0311107,1,-0.061178,-26.3855,0.148203,10.7727,0.058043,2.40401,0.0359034,-111.173,65.0279,50.3396,39.098,-13.313,-36.3542,-30.3837,-0.0403348,0.290351,0.0233206,-2.67948,0.0363478,2.889,-0.8233,0.0060347,-0.00118474,0.00208849,-0.00063638,5.95145e-05,0.000116683,0.00117026,
5.787,0,0,0,0,0,0,0,0,0,0,0,0,0,0,0,0,0.0158903,0.999737,0.0159603,0,0.996641,-0.0145565,-0.0804698,0,-0.0802178,0.0171857,-0.996629,0,0.38711,-0.00607983,0.0311078,1,0.0895788,-26.5005,0.187876,10.737,0.058043,2.39027,0.0432277,-84.6787,60.4284,22.5096,47.6219,-3.87649,-6.07471,12.0361,-0.0402562,0.290362,0.0233743,-2.67948,0.0363453,2.889,-0.823298,-0.00239574,-0.000552863,0.00108062,-0.000311087,0.00010237,4.149e-05,-0.000874689,
5.821,0,0,0,0,0,0,0,0,0,0,0,0,0,0,0,0,0.0161542,0.999733,0.0159351,0,0.99664,-0.0148222,-0.0804296,0,-0.0801734,0.0171812,-0.996633,0,0.387122,-0.00618925,0.0311286,1,0.720377,-25.8221,0.600474,10.7013,0.00952007,2.52852,-0.00346424,-253.057,-100.855,-4.80633,-67.1298,-72.6683,47.1114,-37.1774,-0.0404364,0.290305,0.0232887,-2.67948,0.0363465,2.88899,-0.823296,-0.00774449,-0.01235,-0.00186128,-0.000373088,0.00278895,-0.00301913,0.00176736,
5.855,0,0,0,0,0,0,0,0,0,0,0,0,0,0,0,0,0.0159711,0.999736,0.0159487,0,0.996638,-0.0146374,-0.0804994,0,-0.0802462,0.017181,-0.996627,0,0.387085,-0.00611761,0.0311048,1,-0.469808,-26.1593,-0.264395,11.2845,0.142272,2.27217,0.0954127,124.305,118.923,-23.1997,60.6218,-14.5493,12.2953,15.6732,-0.0403103,0.29034,0.0233364,-2.67953,0.0363409,2.889,-0.823303,0.00622932,-0.0121982,0.012459,-0.00351523,-0.00829745,0.00245412,-0.00160501,
5.889,0,0,0,0,0,0,0,0,0,0,0,0,0,0,0,0,0.0157538,0.999739,0.0159795,0,0.996648,-0.01442,-0.0804029,0,-0.080153,0.017193,-0.996634,0,0.387144,-0.00602218,0.031134,1,-0.0215052,-26.4608,0.0728246,10.626,0.0882554,2.52852,0.0359034,-2.46478,-7.83953,39.2117,26.929,52.0992,-70.3587,-36.0917,-0.0401883,0.290313,0.0234445,-2.67944,0.0363436,2.88898,-0.823296,-0.0053302,-0.00273133,-0.00147845,0.00398903,0.00398078,-0.00774491,0.000469345,
5.923,0,0,0,0,0,0,0,0,0,0,0,0,0,0,0,0,0.0161535,0.999733,0.0159367,0,0.996638,-0.0148209,-0.0804604,0,-0.0802043,0.0171832,-0.99663,0,0.387125,-0.00618542,0.0311079,1,0.311747,-26.3855,0.449717,10.7727,0.00952007,2.53493,-0.0171971,-33.5585,63.8641,35.9014,-112.352,2.04989,30.6486,-134.585,-0.0404278,0.290384,0.0232891,-2.67943,0.0363481,2.88899,-0.82329,-0.00344995,-0.00895758,-0.00294978,0.00169064,0.00204599,-0.00464689,0.00253421,
5.957,0,0,0,0,0,0,0,0,0,0,0,0,0,0,0,0,0.0160636,0.999734,0.0159281,0,0.996641,-0.0147323,-0.0804384,0,-0.0801839,0.017167,-0.996632,0,0.387112,-0.00615974,0.0311374,1,-0.0968836,-26.3101,0.037119,10.7727,0.0763536,2.47267,0.0825953,21.947,-180.268,58.7888,31.117,14.3523,-2.18698,25.5925,-0.0403341,0.290259,0.0232661,-2.67951,0.0363421,2.88897,-0.823302,0.00293057,0.00163522,0.00693251,0.000291274,-0.0011111,-0.000470911,-0.00131587,
5.991,0,0,0,0,0,0,0,0,0,0,0,0,0,0,0,0,0.0158814,0.999737,0.0159708,0,0.99664,-0.0145465,-0.080484,0,-0.0802321,0.0171956,-0.996628,0,0.387106,-0.00607255,0.0311106,1,0.200663,-26.8734,0.187876,10.7013,0.0516343,2.36922,0.0294947,84.4351,-209.308,24.0047,82.4342,-20.486,-4.44701,13.4016,-0.04028,0.290348,0.0234099,-2.67948,0.0363448,2.88898,-0.823296,-0.0021156,0.00293679,-0.000356844,5.79897e-05,0.000594979,-0.00016827,0.000331612,
6.025,0,0,0,0,0,0,0,0,0,0,0,0,0,0,0,0,0.0160434,0.999734,0.015954,0,0.996641,-0.01471,-0.0804485,0,-0.080194,0.0171914,-0.996631,0,0.387117,-0.00614034,0.031128,1,0.276041,-26.3855,0.410044,10.737,0.0635362,2.43788,0.00935314,-22.2568,-125.035,117.104,51.3454,11.369,6.86415,-37.6712,-0.0403891,0.290301,0.0233549,-2.67948,0.0363435,2.88897,-0.823293,-0.00121342,0.00159066,-0.00196518,-0.000980779,-0.000233654,-0.000327402,0.00133597,
6.059,0,0,0,0,0,0,0,0,0,0,0,0,0,0,0,0,0.0158839,0.999737,0.0159653,0,0.996644,-0.0145501,-0.0804403,0,-0.0801883,0.0171898,-0.996631,0,0.38712,-0.00607949,0.0311308,1,0.0895788,-26.4251,0.187876,10.737,0.0635362,2.41774,0.0761866,-100.199,1.96726,184.794,12.1443,11.4349,-34.7192,32.8879,-0.0402761,0.290293,0.0233925,-2.67948,0.0363436,2.88897,-0.823304,0.00351349,0.000785078,0.000602705,-4.5786e-05,0.000102891,0.000913279,-0.00168027,
6.093,0,0,0,0,0,0,0,0,0,0,0,0,0,0,0,0,0.0160014,0.999735,0.0159528,0,0.99664,-0.0146678,-0.0804669,0,-0.0802131,0.0171871,-0.99663,0,0.387112,-0.00612688,0.0311194,1,0.387125,-26.7227,0.410044,10.7013,0.0635362,2.43147,0.0761866,36.2196,-134.221,20.8341,-38.7663,3.51422,33.7628,46.6986,-0.0403452,0.290324,0.0233467,-2.67948,0.0363446,2.88897,-0.823301,-0.00452543,0.00103454,-0.00116919,0.000433706,0.000169597,-0.000548262,-0.00182334,
