0.001,0,0,0,0,0,0,0,0,0,0,0,0,0,0,0,0,-0.0315959,0.999264,0.0212935,0,0.996333,0.0331811,-0.078737,0,-0.0793872,0.0187281,-0.996668,0,0.47847,0.00925151,0.0411623,1,0.387125,-33.3639,0.560801,14.1013,0.13037,2.26576,0.00935314,-30.0413,-113.094,265.44,17.3991,-6.20369,-17.1899,80.9307,0.0164121,0.403308,0.00196217,-2.39285,0.0470787,2.71661,-0.843264,-0.000328583,0.00346364,-0.00194121,-0.000664687,0.000325771,0.000186343,-0.00203176,
0.035,0,0,0,0,0,0,0,0,0,0,0,0,0,0,0,0,-0.0315947,0.999264,0.0212931,0,0.996334,0.0331796,-0.078726,0,-0.0793761,0.0187281,-0.996669,0,0.478475,0.00925217,0.0411649,1,0.422831,-33.3282,0.525095,14.0259,0.142272,2.25844,-0.0236058,43.99,44.6764,120.854,-138.531,10.6133,-7.6704,-11.8961,0.0164116,0.403306,0.00196375,-2.39285,0.0470774,2.71662,-0.84326,-0.000191301,0.000374033,-0.000859815,0.000562757,-0.000122006,0.000444233,-0.000975237,
0.069,0,0,0,0,0,0,0,0,0,0,0,0,0,0,0,0,-0.0316016,0.999264,0.0212965,0,0.996333,0.033187,-0.0787369,0,-0.0793873,0.0187306,-0.996668,0,0.47847,0.00925536,0.0411618,1,0.422831,-33.3639,0.449717,14.137,0.142272,2.27217,-0.00346424,0.8677,-155.947,-101.778,99.1564,9.41582,-9.07198,13.3864,0.0164095,0.403308,0.00197147,-2.39285,0.0470774,2.71661,-0.843262,-0.000652315,0.000560101,0.00110156,-0.00138673,-5.91644e-05,1.10624e-06,-0.000790566,
0.103,0,0,0,0,0,0,0,0,0,0,0,0,0,0,0,0,-0.0316044,0.999264,0.0212955,0,0.996333,0.0331896,-0.0787347,0,-0.0793851,0.0187294,-0.996668,0,0.478471,0.00925871,0.0411615,1,0.311747,-33.3639,0.485422,14.1013,0.13037,2.25844,-0.0364232,-77.9946,-51.6304,88.7757,51.3771,-11.2625,-21.0258,8.00385,0.0164197,0.403311,0.00196867,-2.39285,0.0470787,2.71662,-0.843259,0.00106344,0.00529051,0.000301828,0.00336941,0.000334894,0.000346427,-0.000486513,
0.136,0,0,0,0,0,0,0,0,0,0,0,0,0,0,0,0,-0.0315962,0.999264,0.0212951,0,0.996334,0.0331813,-0.0787269,0,-0.0793771,0.0187299,-0.996669,0,0.478474,0.00925337,0.041165,1,0.458536,-33.3282,0.485422,14.0259,0.14868,2.26576,-0.0236058,217.913,-66.4093,-46.585,-84.3384,28.83,5.04253,59.9412,0.016408,0.403305,0.00196898,-2.39285,0.047077,2.71662,-0.84326,-0.00858007,0.00130347,-0.000425519,0.00178959,-0.000252239,-1.34774e-05,-0.000934038,
0.172,0,0,0,0,0,0,0,0,0,0,0,0,0,0,0,0,-0.0315958,0.999264,0.0212951,0,0.996333,0.0331811,-0.0787362,0,-0.0793864,0.0187296,-0.996668,0,0.478471,0.00925536,0.0411626,1,0.422831,-33.3639,0.485422,14.0616,0.14868,2.27217,-0.0629735,-50.6139,13.1726,68.5839,-19.5134,24.331,5.62521,-46.0751,0.0164117,0.403308,0.00196946,-2.39285,0.0470767,2.71661,-0.843255,-9.30719e-05,0.000330222,-0.0002068,0.000373134,-0.00441391,-0.000113837,0.00627516,
0.206,0,0,0,0,0,0,0,0,0,0,0,0,0,0,0,0,-0.031601,0.999264,0.0212957,0,0.996334,0.0331862,-0.0787303,0,-0.0793806,0.01873,-0.996668,0,0.478473,0.00925725,0.0411638,1,0.387125,-33.3639,0.449717,14.0259,0.136778,2.27949,-0.0428319,10.9215,-124.515,-55.0084,-120.417,-6.84646,25.6233,-52.0127,0.0164152,0.403308,0.0019698,-2.39285,0.047078,2.71661,-0.843258,0.000851158,0.000981271,0.000678862,0.00643067,1.53407e-05,-0.000489652,0.00128897,
0.24,0,0,0,0,0,0,0,0,0,0,0,0,0,0,0,0,-0.0316091,0.999264,0.0212961,0,0.996333,0.0331944,-0.0787379,0,-0.0793884,0.0187296,-0.996668,0,0.47847,0.00925984,0.0411605,1,0.347452,-33.4393,0.449717,14.0616,0.154173,2.27217,-0.0300145,-197.753,-169.7,-20.0384,-90.1141,22.7364,1.61622,-21.0602,0.016418,0.403313,0.0019722,-2.39285,0.0470761,2.71661,-0.84326,0.000562662,0.00145524,0.000563797,0.000930761,-0.000368241,6.20962e-05,-0.0002559,
0.274,0,0,0,0,0,0,0,0,0,0,0,0,0,0,0,0,-0.0316077,0.999264,0.0212964,0,0.996333,0.033193,-0.0787374,0,-0.0793879,0.01873,-0.996668,0,0.478471,0.00925733,0.0411608,1,0.387125,-33.4036,0.449717,14.0616,0.136778,2.2859,0.0166774,-92.3073,-119.168,-102.181,6.33646,-3.13727,25.1593,41.0839,0.0164152,0.403314,0.00196999,-2.39285,0.047078,2.71661,-0.843265,-0.000175239,0.00128646,0.000864448,0.000342517,0.000239308,-0.000526617,-0.0021216,
0.308,0,0,0,0,0,0,0,0,0,0,0,0,0,0,0,0,-0.0315968,0.999264,0.0212964,0,0.996333,0.0331822,-0.0787377,0,-0.079388,0.0187308,-0.996668,0,0.47847,0.0092573,0.0411607,1,0.422831,-33.4036,0.449717,14.1013,0.136778,2.26576,-0.0767064,120.232,-32.6717,16.4658,-12.1294,-9.1463,-10.5566,-71.3206,0.0164127,0.403311,0.0019722,-2.39285,0.047078,2.71662,-0.843254,-0.00200937,-0.000419677,0.00624756,0.000216932,0.000203891,0.000226994,0.00226041,
0.342,0,0,0,0,0,0,0,0,0,0,0,0,0,0,0,0,-0.0316272,0.999263,0.0213028,0,0.996332,0.0332132,-0.0787467,0,-0.0793977,0.0187345,-0.996667,0,0.478466,0.00927311,0.0411574,1,0.276041,-33.4393,0.334665,14.137,0.123961,2.27217,-0.0565648,-52.5807,-92.0936,-66.1833,51.0077,-40.3847,-5.54229,19.4724,0.0164291,0.403316,0.00198658,-2.39285,0.0470794,2.71661,-0.843257,0.00114349,-0.000716998,0.00242167,-0.00100576,0.000777253,-3.75489e-05,0.00290133,
0.375,0,0,0,0,0,0,0,0,0,0,0,0,0,0,0,0,-0.0316279,0.999263,0.0213022,0,0.996332,0.0332136,-0.0787381,0,-0.0793891,0.0187341,-0.996668,0,0.478471,0.0092739,0.0411598,1,0.311747,-33.4393,0.374338,14.0616,0.136778,2.27217,-0.0767064,146.563,-127.307,37.4661,9.49211,-35.4297,3.43594,-31.5469,0.0164301,0.403316,0.00198707,-2.39285,0.047078,2.71661,-0.843254,-0.000884136,0.000127325,0.00016452,-0.000174332,0.000237684,-5.56676e-05,0.00161173,
0.41,0,0,0,0,0,0,0,0,0,0,0,0,0,0,0,0,-0.0316287,0.999263,0.021302,0,0.996332,0.0332146,-0.0787442,0,-0.0793952,0.0187337,-0.996667,0,0.478468,0.00927403,0.0411576,1,0.347452,-33.479,0.410044,14.1013,0.142272,2.27217,-0.0767064,255.125,-183.539,66.688,-24.4321,-3.74029,-7.32765,-20.7531,0.0164308,0.403319,0.00198679,-2.39285,0.0470774,2.71661,-0.843254,-0.0020059,0.00162829,-0.000600169,-0.00147272,-4.174e-05,-3.55938e-05,0.00138868,
0.444,0,0,0,0,0,0,0,0,0,0,0,0,0,0,0,0,-0.031631,0.999263,0.0213018,0,0.996332,0.0332169,-0.0787425,0,-0.0793935,0.0187333,-0.996667,0,0.47847,0.00927136,0.041158,1,0.347452,-33.479,0.410044,14.0616,0.142272,2.27217,-0.00987293,151.68,-6.17258,23.2819,-20.1481,14.0298,7.71037,69.7947,0.0164276,0.40332,0.00198465,-2.39285,0.0470774,2.71661,-0.843262,-0.00107662,-0.000275644,-0.00112894,5.81304e-05,4.10291e-05,0.000280691,-0.000607227,
0.478,0,0,0,0,0,0,0,0,0,0,0,0,0,0,0,0,-0.031625,0.999263,0.0212999,0,0.996332,0.0332106,-0.0787418,0,-0.0793927,0.0187319,-0.996667,0,0.47847,0.00927096,0.0411583,1,0.311747,-33.4393,0.449717,14.0616,0.14868,2.27949,-0.0693822,-48.3904,-22.1615,44.2466,-41.4666,15.6721,-3.05103,-4.61838,0.0164301,0.403319,0.0019818,-2.39285,0.0470767,2.71661,-0.843255,0.000137976,-6.88293e-05,-0.00231138,-0.000890311,-0.000462603,-0.000151332,0.000690471,
0.512,0,0,0,0,0,0,0,0,0,0,0,0,0,0,0,0,-0.0316218,0.999263,0.0212995,0,0.996332,0.0332075,-0.0787456,0,-0.0793964,0.0187316,-0.996667,0,0.478468,0.00926848,0.0411575,1,0.347452,-33.479,0.485422,14.1013,0.142272,2.27949,-0.0501561,126.119,-17.0508,146.391,4.64403,3.21026,11.0754,-3.64821,0.0164276,0.403319,0.00197952,-2.39285,0.0470774,2.71661,-0.843257,-0.000935971,5.26034e-05,-0.00282543,-0.000805264,-7.6622e-05,-3.42075e-05,0.000553793,
0.546,0,0,0,0,0,0,0,0,0,0,0,0,0,0,0,0,-0.0316258,0.999263,0.021304,0,0.996332,0.0332119,-0.0787467,0,-0.0793978,0.0187358,-0.996667,0,0.478468,0.00927325,0.0411583,1,0.347452,-33.4393,0.334665,14.1013,0.13037,2.2859,-0.0693822,63.2072,57.0277,-113.615,46.101,-17.48,12.0717,-25.0631,0.0164255,0.403317,0.00198986,-2.39285,0.0470787,2.71661,-0.843255,-0.000256725,-0.000429356,0.0013091,-0.000572746,0.000526893,-0.000172042,0.000539956,
0.58,0,0,0,0,0,0,0,0,0,0,0,0,0,0,0,0,-0.0316291,0.999263,0.0213025,0,0.996332,0.033215,-0.0787456,0,-0.0793966,0.0187341,-0.996667,0,0.478469,0.00927095,0.0411562,1,0.387125,-33.5147,0.374338,14.0616,0.14868,2.27217,-0.0171971,117.147,-75.7095,25.3318,-17.5307,15.3498,-11.8568,34.2886,0.016424,0.403324,0.00198708,-2.39285,0.047077,2.71661,-0.843261,-0.000851118,0.00125196,0.000961833,0.00102452,-0.000247531,5.66866e-05,-0.000904567,
0.614,0,0,0,0,0,0,0,0,0,0,0,0,0,0,0,0,-0.0316366,0.999263,0.0213028,0,0.996331,0.0332225,-0.0787451,0,-0.0793963,0.0187338,-0.996667,0,0.478469,0.00927367,0.0411589,1,0.276041,-33.4393,0.374338,14.0616,0.14868,2.2859,-0.00346424,-45.221,43.0162,-50.6735,-62.5576,21.2874,0.118085,12.0018,0.0164295,0.403317,0.00198711,-2.39285,0.0470767,2.71661,-0.843262,0.00212572,-0.00110497,0.00226161,0.000871359,-3.24638e-05,-6.28394e-05,-0.00203235,
0.648,0,0,0,0,0,0,0,0,0,0,0,0,0,0,0,0,-0.031632,0.999263,0.0213011,0,0.996331,0.033218,-0.078756,0,-0.0794071,0.0187321,-0.996666,0,0.478465,0.0092709,0.0411533,1,0.311747,-33.5544,0.449717,14.1013,0.142272,2.27949,0.00294445,-69.3024,-187.833,116.2,72.3023,-6.82685,-0.678828,-9.26792,0.01643,0.403327,0.00198187,-2.39285,0.0470774,2.71661,-0.843263,0.000535405,0.00206554,-0.00152709,6.4669e-06,-0.00010417,2.78644e-05,-0.00105098,
0.682,0,0,0,0,0,0,0,0,0,0,0,0,0,0,0,0,-0.0316366,0.999263,0.0213027,0,0.996331,0.0332226,-0.0787529,0,-0.0794041,0.0187334,-0.996666,0,0.478466,0.00927375,0.0411554,1,0.276041,-33.479,0.410044,14.1013,0.136778,2.27949,0.00294445,-37.2446,-64.5603,68.9787,-23.8279,-0.898025,8.04041,25.7456,0.0164319,0.403323,0.00198529,-2.39285,0.047078,2.71661,-0.843263,0.00121157,0.0024483,0.00306385,-0.000337824,0.00019956,-1.47754e-06,-0.00138619,
0.716,0,0,0,0,0,0,0,0,0,0,0,0,0,0,0,0,-0.0316323,0.999263,0.0212999,0,0.996331,0.0332181,-0.0787495,0,-0.0794005,0.018731,-0.996667,0,0.478467,0.0092721,0.0411558,1,0.311747,-33.5147,0.410044,14.1013,0.142272,2.27949,-0.0501561,-15.7749,-53.5666,18.2164,104.398,6.7764,-10.3916,26.8383,0.0164301,0.403323,0.00198394,-2.39285,0.0470731,2.71661,-0.843257,-0.000400398,0.000648041,-0.000535059,-0.00058255,-0.00703321,0.000122842,0.000440356,
0.75,0,0,0,0,0,0,0,0,0,0,0,0,0,0,0,0,-0.0316335,0.999263,0.0213012,0,0.996331,0.0332193,-0.0787451,0,-0.0793962,0.0187324,-0.996667,0,0.478469,0.00927505,0.041158,1,0.236368,-33.479,0.410044,14.0616,0.14868,2.27949,-0.0629735,-166.564,-75.6601,54.3879,-41.0616,14.3289,-4.58828,-19.7518,0.0164354,0.40332,0.00198457,-2.39285,0.0470767,2.71661,-0.843256,0.00189634,-0.00112065,-0.00124514,0.000544698,0.000259123,8.94926e-05,0.00110045,
0.784,0,0,0,0,0,0,0,0,0,0,0,0,0,0,0,0,-0.031644,0.999262,0.0213049,0,0.996331,0.0332302,-0.0787484,0,-0.0793998,0.0187352,-0.996667,0,0.478469,0.00927958,0.041157,1,0.276041,-33.479,0.334665,14.0259,0.142272,2.29964,-0.0300145,82.2811,-21.8726,-95.9196,-115.473,-19.6106,28.9455,14.2829,0.0164358,0.403323,0.00199227,-2.39284,0.0470774,2.71661,-0.84326,0.00134971,-0.000853463,0.000999692,0.00107247,-9.55417e-05,-0.000608582,-0.000809143,
0.818,0,0,0,0,0,0,0,0,0,0,0,0,0,0,0,0,-0.0316457,0.999262,0.021305,0,0.996331,0.0332318,-0.0787469,0,-0.0793984,0.0187352,-0.996667,0,0.478468,0.00928015,0.0411584,1,0.276041,-33.4036,0.334665,14.0616,0.14868,2.2859,-0.0300145,11.8537,124.078,-92.8846,-12.9095,-0.688062,-10.7356,-6.86827,0.016436,0.403317,0.00199319,-2.39285,0.0470767,2.71661,-0.84326,-0.00123984,-0.00125763,0.00213359,-0.00559063,6.88569e-05,4.40985e-05,0.000715051,
0.852,0,0,0,0,0,0,0,0,0,0,0,0,0,0,0,0,-0.0316744,0.999261,0.0213092,0,0.99633,0.0332609,-0.0787516,0,-0.0794038,0.018737,-0.996666,0,0.478467,0.00929283,0.0411563,1,0.200663,-33.479,0.29896,14.0616,0.160582,2.29964,0.00294445,77.8609,126.598,-40.5629,-63.5105,-11.5251,10.1961,-26.4217,0.0164499,0.403322,0.00200409,-2.39285,0.0470754,2.71661,-0.843263,3.2532e-05,-0.00187163,-0.000306912,-0.000272941,1.07103e-05,-0.000268753,-0.000791562,
0.886,0,0,0,0,0,0,0,0,0,0,0,0,0,0,0,0,-0.0316903,0.999261,0.0213124,0,0.996329,0.033277,-0.078757,0,-0.0794096,0.0187387,-0.996666,0,0.478465,0.00929997,0.0411544,1,0.200663,-33.5147,0.263254,14.1013,0.154173,2.30696,0.0294947,44.7299,-20.5713,25.9167,86.3528,-17.2592,-11.2121,84.0968,0.016457,0.403325,0.00201084,-2.39285,0.0470757,2.71661,-0.843266,-0.000947295,0.000259132,-7.91767e-05,0.00446776,0.000232589,-0.000408375,-0.00247776,
0.92,0,0,0,0,0,0,0,0,0,0,0,0,0,0,0,0,-0.0316973,0.999261,0.0213124,0,0.996328,0.0332842,-0.0787626,0,-0.0794153,0.0187379,-0.996665,0,0.478464,0.00930574,0.0411509,1,0.125284,-33.6258,0.263254,14.0259,0.172484,2.30696,-0.0236058,-111.057,-49.0027,45.7008,-119.429,14.9687,-0.440727,6.54532,0.0164662,0.403335,0.00201334,-2.39284,0.047074,2.71661,-0.84326,0.000449515,-0.0044267,-0.000545674,0.00108948,-0.00037,5.34625e-05,-0.000371424,
0.954,0,0,0,0,0,0,0,0,0,0,0,0,0,0,0,0,-0.0316893,0.999261,0.0213124,0,0.996328,0.0332763,-0.0787703,0,-0.0794228,0.0187383,-0.996665,0,0.478462,0.00930306,0.0411494,1,0.200663,-33.5901,0.263254,14.0616,0.178893,2.31428,-0.0501561,52.6558,63.8726,50.4666,-15.0004,4.74228,0.256673,-31.8469,0.0164602,0.403336,0.00201372,-2.39285,0.0470733,2.7166,-0.843257,-0.00218075,-0.000925459,-0.000801559,-0.000297438,7.42803e-05,-0.000201077,0.00178025,
0.988,0,0,0,0,0,0,0,0,0,0,0,0,0,0,0,0,-0.031756,0.999259,0.0213236,0,0.996326,0.0333435,-0.0787626,0,-0.0794167,0.0187445,-0.996665,0,0.478465,0.00933194,0.0411527,1,0.049906,-33.5544,0.112497,14.0259,0.190794,2.32069,0.0166774,-54.1764,150.965,-47.7651,-149.315,10.0964,1.00346,61.6128,0.0164885,0.403332,0.00204128,-2.39284,0.047072,2.7166,-0.843269,0.0021638,-0.00100255,0.000599399,0.000869954,-9.29413e-05,-6.93549e-05,-0.00134918,
1.022,0,0,0,0,0,0,0,0,0,0,0,0,0,0,0,0,-0.03184,0.999256,0.0213365,0,0.996322,0.0334285,-0.0787733,0,-0.0794294,0.0187502,-0.996664,0,0.478461,0.00937459,0.0411472,1,-0.061178,-33.6654,-0.00255384,14.0259,0.190794,2.31428,0.0230861,-34.8853,266.112,-105.08,45.7921,11.758,-30.0486,38.9012,0.016536,0.403344,0.00207733,-2.39284,0.0470677,2.7166,-0.843269,-0.000285471,-0.000471579,-8.08077e-05,-0.00118848,-0.000234158,0.000110958,-0.00171346,
1.058,0,0,0,0,0,0,0,0,0,0,0,0,0,0,0,0,-0.0318269,0.999256,0.0213525,0,0.996319,0.0334177,-0.0788238,0,-0.0794802,0.0187655,-0.99666,0,0.478454,0.00937434,0.0411162,1,0.125284,-33.479,0.29896,13.9188,0.209105,2.29964,0.00294445,-187.138,78.2709,-48.1119,9.42712,3.58013,-25.1195,-36.7352,0.0164928,0.403427,0.00211434,-2.39281,0.04707,2.7166,-0.843268,-0.0032504,0.00269316,0.00157211,0.00166744,0.000431257,0.000497382,-0.000359987,
1.092,0,0,0,0,0,0,0,0,0,0,0,0,0,0,0,0,-0.0318687,0.999253,0.0214111,0,0.996311,0.0334656,-0.0789022,0,-0.0795614,0.0188179,-0.996652,0,0.478433,0.0094116,0.0410707,1,0.16099,-33.7408,0.334665,13.9545,0.214598,2.25203,0.0294947,69.3388,-77.9386,25.9691,42.7494,-16.251,-17.9193,-2.98167,0.0164051,0.403533,0.00225782,-2.39279,0.0470737,2.71661,-0.843271,-0.00437033,0.00512924,0.00541965,-0.0013324,0.000506083,0.000771964,-0.00138884,
1.126,0,0,0,0,0,0,0,0,0,0,0,0,0,0,0,0,-0.0318463,0.999253,0.0214313,0,0.996313,0.0334445,-0.0788884,0,-0.0795478,0.0188403,-0.996653,0,0.478446,0.00940955,0.0410735,1,0.16099,-33.5901,0.223581,13.8434,0.2265,2.30696,-0.0236058,68.7041,-28.6131,-212.374,-146.902,8.91923,33.0002,38.5379,0.0163388,0.403544,0.00231085,-2.39276,0.0470728,2.71661,-0.843265,-0.000414262,-0.000585159,-0.000965967,0.00400756,3.26652e-05,-0.000311159,0.00415215,
1.16,0,0,0,0,0,0,0,0,0,0,0,0,0,0,0,0,-0.0318738,0.999252,0.0214458,0,0.996311,0.0334734,-0.0789015,0,-0.0795618,0.0188521,-0.996652,0,0.47845,0.00942442,0.041064,1,0.049906,-33.7011,0.223581,13.9545,0.2265,2.32802,0.0230861,32.8439,93.2804,-9.00667,72.0669,-3.11652,3.79605,43.7775,0.0163296,0.403581,0.00234525,-2.39273,0.0470729,2.7166,-0.84327,-0.00260836,0.000803551,0.00066512,0.00156711,0.000375652,-0.000259072,-0.00146542,
1.194,0,0,0,0,0,0,0,0,0,0,0,0,0,0,0,0,-0.0318636,0.999252,0.0214508,0,0.99631,0.0334637,-0.0789078,0,-0.0795682,0.0188577,-0.996651,0,0.478454,0.00942173,0.0410556,1,0.200663,-33.6258,0.449717,13.8434,0.221007,2.30696,0.0166774,-47.8178,60.8701,103.208,-93.2233,3.41648,-21.1744,45.893,0.0163097,0.403612,0.00235747,-2.39271,0.0470735,2.7166,-0.843269,-0.00057941,-0.000295866,-0.00333772,0.00108764,0.000164329,-6.21781e-05,-0.00174438,
1.228,0,0,0,0,0,0,0,0,0,0,0,0,0,0,0,0,-0.0318292,0.999253,0.0214531,0,0.996314,0.033429,-0.0788787,0,-0.0795385,0.0188637,-0.996653,0,0.478477,0.00940754,0.041062,1,0.16099,-33.7011,0.263254,13.8434,0.232909,2.33443,0.0294947,53.1223,-66.0339,-224.146,34.156,7.42574,-3.8664,-20.0079,0.0162716,0.403628,0.00236381,-2.39266,0.0470737,2.71659,-0.843267,-0.000478703,0.00117349,-0.00102908,-0.00015053,-0.00010183,4.53492e-05,-0.00228923,
1.262,0,0,0,0,0,0,0,0,0,0,0,0,0,0,0,0,-0.0317724,0.999255,0.0214477,0,0.996323,0.0333702,-0.0787858,0,-0.0794444,0.018866,-0.996661,0,0.478545,0.00938182,0.041082,1,0.16099,-33.7011,0.29896,13.8077,0.221007,2.33443,-0.0831151,12.7477,-45.1819,-106.083,-1.64011,-13.932,3.98823,-27.6354,0.016228,0.403673,0.00235261,-2.3925,0.0470735,2.71658,-0.843261,0.000488717,0.00466513,-0.000432087,0.00647482,0.000201814,-0.00140997,0.00430398,
1.296,0,0,0,0,0,0,0,0,0,0,0,0,0,0,0,0,-0.0316516,0.999259,0.0214428,0,0.996331,0.0332485,-0.0787395,0,-0.0793956,0.0188723,-0.996665,0,0.478639,0.00931873,0.0410916,1,0.16099,-33.7011,0.449717,13.772,0.221007,2.32069,0.0166774,-48.4114,27.2677,16.7305,84.1492,1.83035,-4.25924,16.3335,0.0161193,0.403799,0.00232749,-2.39223,0.0470736,2.71647,-0.84327,-0.00282328,0.00544526,-0.000485177,0.0066417,0.000109538,-0.011404,-0.00112192,
1.33,0,0,0,0,0,0,0,0,0,0,0,0,0,0,0,0,-0.031523,0.999263,0.0214434,0,0.996341,0.0331189,-0.0786654,0,-0.0793192,0.0188855,-0.99667,0,0.478778,0.00924619,0.0411105,1,0.498209,-33.7765,0.600474,13.8077,0.202696,2.33443,-0.0501561,157.779,6.29456,-34.3669,-193.779,-22.6919,-0.220339,-56.9753,0.0159837,0.403971,0.00230612,-2.39182,0.0470755,2.71632,-0.843294,-0.00563017,0.00585375,0.000661698,0.0147278,0.000376107,-0.00529334,0.00192181,
1.363,0,0,0,0,0,0,0,0,0,0,0,0,0,0,0,0,-0.0315009,0.999264,0.0214565,0,0.996341,0.0330981,-0.0786721,0,-0.0793259,0.0189001,-0.99667,0,0.478926,0.00921931,0.0411107,1,0.311747,-33.6258,0.525095,13.8077,0.221007,2.29964,-0.00987293,-28.7841,156.607,11.7206,-46.6325,-7.90207,-21.1043,18.4184,0.0159202,0.404227,0.00230266,-2.39132,0.0470736,2.71606,-0.843334,-0.00362044,0.0082646,-0.000780664,0.0230185,0.000143375,-0.00689767,-0.000102118,
1.397,0,0,0,0,0,0,0,0,0,0,0,0,0,0,0,0,-0.0315581,0.999261,0.0214906,0,0.996326,0.0331611,-0.078843,0,-0.079499,0.0189239,-0.996655,0,0.479082,0.00924802,0.04111,1,0.200663,-33.7765,0.410044,13.8077,0.2265,2.35548,0.00294445,115.715,144.728,33.8821,-37.2015,-13.9858,-6.27403,-34.0247,0.0159411,0.404529,0.00232116,-2.39067,0.0470728,2.71554,-0.843348,-0.0014425,0.0115497,-0.000425047,0.0136746,0.000147516,-0.0136912,-0.000165121,
1.431,0,0,0,0,0,0,0,0,0,0,0,0,0,0,0,0,-0.0315481,0.999261,0.0215173,0,0.996306,0.0331579,-0.0790901,0,-0.0797466,0.0189431,-0.996635,0,0.4792,0.00924992,0.0411118,1,0.347452,-33.9669,0.525095,13.8434,0.239317,2.35548,-0.0364232,124.99,-206.892,-83.7234,17.0925,27.4347,18.554,-12.7157,0.0159333,0.404773,0.00231624,-2.3901,0.0470714,2.71496,-0.843345,-0.000553275,0.00320907,-0.000184413,0.0153583,-0.000554254,-0.0146651,0.00108361,
1.465,0,0,0,0,0,0,0,0,0,0,0,0,0,0,0,0,-0.0315863,0.999259,0.0215478,0,0.996285,0.0332032,-0.0793396,0,-0.0799978,0.018962,-0.996615,0,0.479259,0.00926526,0.0411185,1,0.125284,-33.8916,0.374338,13.7363,0.239317,2.34816,0.00294445,-82.0965,128.313,-71.92,-39.141,13.1446,3.78335,5.76152,0.0159413,0.404902,0.00232548,-2.38973,0.0470709,2.71447,-0.843364,0.00106919,0.0056724,0.000449631,0.00750541,0.000135508,-0.0123876,0.000539222,
1.499,0,0,0,0,0,0,0,0,0,0,0,0,0,0,0,0,-0.0316691,0.999256,0.0215844,0,0.996261,0.0332935,-0.0795949,0,-0.0802558,0.0189833,-0.996594,0,0.479265,0.00930725,0.0411164,1,-0.0215052,-33.9669,0.187876,13.7363,0.244811,2.36189,0.056045,-56.8465,55.4996,33.3395,-2.78731,3.73515,1.78714,29.1337,0.0159768,0.404964,0.0023626,-2.38953,0.0470708,2.71407,-0.843376,0.00222177,0.00295333,0.000583819,0.000718716,0.000101963,-0.00560277,-0.0018178,
1.533,0,0,0,0,0,0,0,0,0,0,0,0,0,0,0,0,-0.0317355,0.999253,0.0216171,0,0.996238,0.0333674,-0.0798612,0,-0.0805243,0.0190017,-0.996572,0,0.479244,0.00934601,0.0410757,1,0.0142004,-34.078,0.263254,13.7363,0.244811,2.36189,0.0432277,137.037,-79.4943,37.0455,103.051,-1.88138,-23.8546,-26.0684,0.0160034,0.40509,0.00240449,-2.38938,0.0470697,2.71379,-0.843377,-0.000995101,0.00807453,-0.000771049,0.00184769,0.000344123,-0.00280626,0.000150428,
1.567,0,0,0,0,0,0,0,0,0,0,0,0,0,0,0,0,-0.0318378,0.999249,0.0216378,0,0.996223,0.0334736,-0.0799949,0,-0.0806606,0.0190096,-0.99656,0,0.47927,0.00940172,0.0409878,1,-0.061178,-34.1534,0.0728246,13.772,0.275023,2.34816,0.0166774,74.8818,-0.483968,-58.5229,113.886,21.0024,-45.5787,-77.6886,0.0160652,0.405404,0.00244926,-2.38915,0.0470643,2.71373,-0.843374,0.00291358,0.0122231,0.00182467,0.00910327,-0.000324749,-0.00310575,0.00084217,
1.601,0,0,0,0,0,0,0,0,0,0,0,0,0,0,0,0,-0.0318976,0.999247,0.0216647,0,0.996214,0.0335372,-0.0800892,0,-0.080757,0.0190284,-0.996552,0,0.479338,0.00944442,0.0408794,1,0.0142004,-34.1137,0.187876,13.8077,0.256712,2.38295,0.00294445,87.4757,35.0185,-84.7794,10.0081,-13.8358,2.84775,-36.8754,0.0160857,0.405841,0.00250516,-2.38878,0.0470694,2.7137,-0.843369,0.000277159,0.0137588,0.00167703,0.00814179,7.15679e-05,-0.00353485,0.00151921,
1.635,0,0,0,0,0,0,0,0,0,0,0,0,0,0,0,0,-0.0318983,0.999247,0.0216683,0,0.996203,0.0335406,-0.0802195,0,-0.0808874,0.0190275,-0.996542,0,0.479374,0.00944311,0.0407669,1,0.0895788,-34.2288,0.334665,13.8077,0.263121,2.36189,-0.00987293,-179.574,-277.237,94.1928,-12.6658,11.0486,-23.2769,-24.6529,0.0160813,0.406236,0.00250474,-2.3885,0.0470688,2.71369,-0.843376,0.0015029,0.0117827,-7.98927e-05,0.00701688,-0.000121641,0.000340752,0.00176493,
1.669,0,0,0,0,0,0,0,0,0,0,0,0,0,0,0,0,-0.0318465,0.999248,0.0216673,0,0.996199,0.0334902,-0.0802877,0,-0.0809546,0.0190284,-0.996536,0,0.479402,0.00941559,0.0406992,1,0.200663,-34.1137,0.410044,13.8077,0.251219,2.39668,0.0359034,-106.911,168.093,5.86836,-29.7036,-0.991417,2.01226,-12.3771,0.0160299,0.406484,0.00249839,-2.38831,0.0470669,2.71368,-0.843382,-0.00115676,0.00554719,-0.000106678,0.00387129,-5.09479e-06,-6.72635e-05,0.000820587,
1.703,0,0,0,0,0,0,0,0,0,0,0,0,0,0,0,0,-0.0318019,0.99925,0.0216693,0,0.996192,0.0334481,-0.0803995,0,-0.0810655,0.0190303,-0.996527,0,0.479402,0.00939577,0.0406224,1,0.125284,-34.2288,0.374338,13.8434,0.244811,2.39027,-0.00987293,-70.6749,-86.9713,67.203,36.5581,-8.07648,-5.03127,-35.7201,0.0159894,0.406715,0.00249735,-2.38819,0.0470676,2.71368,-0.843382,0.0010716,0.00883279,-0.000748719,0.0048402,0.000305762,0.000391523,0.0019372,
1.737,0,0,0,0,0,0,0,0,0,0,0,0,0,0,0,0,-0.0318436,0.999248,0.0216759,0,0.99619,0.0334903,-0.080407,0,-0.081074,0.0190332,-0.996526,0,0.479461,0.00940645,0.0405745,1,0.0142004,-34.2288,0.29896,13.8791,0.26953,2.43147,0.00294445,-161.365,-27.8731,74.1753,1.48575,8.41693,-0.763878,-55.3228,0.0159992,0.406951,0.00250579,-2.38795,0.0470681,2.71367,-0.843406,0.00127506,0.00606259,0.00479863,0.008877,-0.000403795,-1.36361e-06,0.00100068,
1.771,0,0,0,0,0,0,0,0,0,0,0,0,0,0,0,0,-0.0318732,0.999247,0.0216854,0,0.996187,0.0335211,-0.0804334,0,-0.0811013,0.0190394,-0.996524,0,0.479544,0.00939791,0.0405535,1,0.16099,-34.1534,0.410044,13.8434,0.251219,2.41041,-0.00346424,-62.7704,141.229,-6.13146,-7.13333,-10.9133,-9.19282,-22.0649,0.0159805,0.407157,0.00250119,-2.38764,0.047069,2.71353,-0.843459,-0.000780591,0.00697553,-0.00157621,0.0120594,0.00027382,-0.00431143,0.00063633,
1.805,0,0,0,0,0,0,0,0,0,0,0,0,0,0,0,0,-0.0318949,0.999246,0.0216926,0,0.996188,0.0335429,-0.0804086,0,-0.0810771,0.0190456,-0.996526,0,0.479678,0.00939578,0.0405382,1,0.125284,-34.2288,0.29896,13.6966,0.286925,2.41774,0.0624537,-14.446,-51.4404,-190.979,-140.762,17.0463,31.9914,2.54717,0.015967,0.407426,0.00250157,-2.38719,0.0470626,2.71338,-0.843485,0.00231773,0.0053752,-0.00511419,0.0216576,-0.000375176,-0.00867461,-0.000673847,
1.839,0,0,0,0,0,0,0,0,0,0,0,0,0,0,0,0,-0.0319338,0.999244,0.0217219,0,0.996171,0.0335877,-0.0806018,0,-0.0812721,0.0190652,-0.99651,0,0.479826,0.00940384,0.040532,1,0.049906,-34.2288,0.29896,13.9545,0.275023,2.50746,0.0294947,-260.884,-10.3464,-132.949,-7.06728,-5.8313,-5.49398,30.4473,0.0159669,0.407735,0.00250093,-2.38655,0.0470623,2.71285,-0.84352,-0.00372751,0.0106241,0.00313812,0.0196112,-0.00257639,-0.0284131,0.00013697,
1.873,0,0,0,0,0,0,0,0,0,0,0,0,0,0,0,0,-0.0319094,0.999244,0.0217525,0,0.996147,0.0335717,-0.0809051,0,-0.0815758,0.0190875,-0.996484,0,0.480004,0.009388,0.0405235,1,0.276041,-34.3399,0.410044,13.9188,0.286925,2.46626,0.089004,55.7712,-75.5368,37.6294,-3.05176,1.44773,7.16519,-10.3508,0.0159353,0.408119,0.00247958,-2.38573,0.0470613,2.71211,-0.843541,0.00118813,0.0189101,0.000287732,0.0291855,-0.000297617,-0.029895,-0.00240203,
1.907,0,0,0,0,0,0,0,0,0,0,0,0,0,0,0,0,-0.0320107,0.99924,0.0217923,0,0.996128,0.0336795,-0.081088,0,-0.0817619,0.0191126,-0.996469,0,0.480265,0.00939266,0.0405442,1,0.236368,-34.3399,0.485422,14.0259,0.305235,2.54866,0.00294445,20.7133,-112.176,69.448,14.2428,-4.30939,12.0243,-47.1822,0.0159336,0.408549,0.00246602,-2.38473,0.0470593,2.71135,-0.843647,0.000218581,0.0177209,-0.00109987,0.0301912,0.00013842,-0.0308445,0.00242191,
1.941,0,0,0,0,0,0,0,0,0,0,0,0,0,0,0,0,-0.0321402,0.999235,0.0218484,0,0.996095,0.0338199,-0.0814407,0,-0.0821189,0.0191459,-0.996439,0,0.480521,0.00940733,0.0405763,1,0.0895788,-34.3399,0.374338,14.137,0.359251,2.63197,0.069778,-37.7032,27.0306,28.7905,38.5672,21.5647,1.97538,18.4216,0.0159309,0.408968,0.00246649,-2.38363,0.0470452,2.71031,-0.843757,0.00144754,0.0203151,3.05332e-05,0.0375706,-0.000322072,-0.0291229,0.000568822,
1.975,0,0,0,0,0,0,0,0,0,0,0,0,0,0,0,0,-0.0322555,0.99923,0.0219222,0,0.996056,0.0339488,-0.0818521,0,-0.0825349,0.019196,-0.996403,0,0.480851,0.00946307,0.0405953,1,-0.0215052,-34.3399,0.187876,14.4306,0.359251,2.6457,0.0954127,14.8478,263.84,-114.417,62.5332,-6.31309,9.58954,55.7299,0.0159709,0.409564,0.00249764,-2.38223,0.047039,2.70909,-0.843788,0.000751788,0.0172591,0.000541353,0.044124,0.00013169,-0.0376406,-0.000435436,
2.009,0,0,0,0,0,0,0,0,0,0,0,0,0,0,0,0,-0.0321855,0.99923,0.0219974,0,0.996,0.0338988,-0.082555,0,-0.0832388,0.0192527,-0.996344,0,0.481235,0.00944219,0.0406298,1,0.387125,-34.6017,0.525095,14.2084,0.335448,2.70064,0.129287,64.7771,-58.6457,-197.772,5.55194,-17.2095,14.7413,60.1144,0.015921,0.410262,0.00245623,-2.38045,0.0470415,2.70731,-0.843795,-0.000933874,0.0213918,0.00085782,0.0521273,0.000264592,-0.0450635,-0.0030781,
2.043,0,0,0,0,0,0,0,0,0,0,0,0,0,0,0,0,-0.0321742,0.99923,0.0220305,0,0.996037,0.0338818,-0.0821138,0,-0.0827986,0.0193016,-0.996379,0,0.48215,0.00945594,0.0406969,1,0.125284,-34.6771,0.410044,13.8434,0.359251,2.53493,0.0825953,-136.599,-142.588,39.5224,-48.0379,-5.57821,8.68959,-19.1968,0.0159095,0.411584,0.00244156,-2.37769,0.0470388,2.7063,-0.843782,0.00144964,0.0550022,5.27945e-06,0.104321,-0.000142118,-0.0279488,-0.000377676,
2.077,0,0,0,0,0,0,0,0,0,0,0,0,0,0,0,0,-0.0322329,0.999228,0.0220453,0,0.996175,0.0339084,-0.0804086,0,-0.0810956,0.0193696,-0.996518,0,0.483915,0.00955497,0.0406788,1,-0.136556,-34.7168,0.223581,13.6966,0.335448,2.27217,0.0166774,-183.042,64.6594,114.524,165.309,9.64742,-11.6873,57.5644,0.0159685,0.414389,0.0025028,-2.37284,0.0470416,2.70598,-0.843689,0.00578918,0.106401,-0.00132009,0.176515,-0.000216043,-0.0135078,-0.000102006,
2.111,0,0,0,0,0,0,0,0,0,0,0,0,0,0,0,0,-0.0324076,0.99922,0.0221127,0,0.996318,0.0340519,-0.0785553,0,-0.0792485,0.0194859,-0.996664,0,0.486494,0.00974737,0.0404781,1,-0.39443,-34.8675,-0.224722,13.5141,0.36566,2.20991,0.0294947,-96.1004,37.7446,21.8089,-226.87,2.2635,0.200092,-60.7811,0.0161164,0.41909,0.00261023,-2.36519,0.047043,2.70488,-0.843567,0.00926888,0.166189,0.00454864,0.260378,-0.000226351,-0.0393687,0.00617062,
2.148,0,0,0,0,0,0,0,0,0,0,0,0,0,0,0,0,-0.0325162,0.999214,0.0222339,0,0.996468,0.0341314,-0.0766046,0,-0.0773048,0.0196648,-0.996814,0,0.49027,0.00995545,0.0400003,1,-0.172262,-34.7168,-0.00255384,13.5895,0.335448,2.29323,0.121963,13.1039,-140.32,64.0402,-138.963,-3.67462,9.37786,83.9047,0.0162392,0.426619,0.00269907,-2.3533,0.0470452,2.70248,-0.8434,-0.000797965,0.239086,0.00159823,0.37607,0.000281759,-0.0914931,0.0095025,
2.182,0,0,0,0,0,0,0,0,0,0,0,0,0,0,0,0,-0.0325416,0.99921,0.0223976,0,0.996602,0.0341342,-0.0748395,0,-0.0755463,0.0198865,-0.996944,0,0.494667,0.0100858,0.0394173,1,0.16099,-35.3912,0.29896,13.8077,0.299742,2.2383,0.089004,165.817,-17.7967,-12.3343,-46.1559,2.96314,-29.5899,-0.294123,0.0162201,0.43556,0.0027291,-2.33903,0.0470503,2.69891,-0.843335,-0.00206187,0.303961,-0.000477928,0.450173,-0.000233223,-0.127134,5.47723e-05,
2.216,0,0,0,0,0,0,0,0,0,0,0,0,0,0,0,0,-0.0326112,0.999203,0.0225883,0,0.996706,0.0341892,-0.0734049,0,-0.0741201,0.0201204,-0.997046,0,0.499539,0.0102085,0.0385604,1,0.200663,-35.8038,0.410044,12.9309,0.341856,1.97554,0.121963,-10.2642,-22.3311,43.4431,-169.631,31.6452,-7.14515,9.01052,0.0162014,0.446143,0.00271429,-2.32262,0.0470451,2.69452,-0.843339,0.000153484,0.329572,-0.00662596,0.503389,-0.000777045,-0.150399,-0.00663177,
2.25,0,0,0,0,0,0,0,0,0,0,0,0,0,0,0,0,-0.0327209,0.999193,0.0228575,0,0.996798,0.0342919,-0.0721043,0,-0.0728314,0.0204254,-0.997135,0,0.505063,0.0103762,0.0377595,1,0.16099,-35.9149,0.374338,13.7363,0.323546,2.07899,0.069778,-66.6656,-224.34,-81.05,34.1045,15.0372,15.1115,-53.2913,0.0161957,0.457771,0.00271714,-2.30378,0.047043,2.68859,-0.843333,0.00260202,0.335679,-0.000396442,0.566692,-0.00025299,-0.198044,0.000613751,
2.284,0,0,0,0,0,0,0,0,0,0,0,0,0,0,0,0,-0.0327451,0.999185,0.0231829,0,0.996835,0.0343285,-0.0715668,0,-0.0723057,0.0207665,-0.997166,0,0.510885,0.0105036,0.0368648,1,0.498209,-35.9903,0.711558,13.772,0.311644,2.18245,0.089004,81.742,151.095,60.0945,-166.352,-15.4709,2.5588,1.56712,0.0161381,0.470353,0.00265873,-2.28314,0.0470442,2.68107,-0.84334,-0.00239952,0.374403,-0.000865669,0.614982,0.000539459,-0.227843,0.00030312,
2.318,0,0,0,0,0,0,0,0,0,0,0,0,0,0,0,0,-0.032778,0.999176,0.0235226,0,0.996868,0.0343757,-0.0710826,0,-0.071834,0.0211194,-0.997193,0,0.516806,0.0106145,0.0361316,1,0.644999,-36.8551,0.89802,14.7956,0.377562,2.22365,0.162246,-24.2565,-50.9924,40.347,18.9917,-8.75239,-34.84,-25.1767,0.0160552,0.482749,0.00258279,-2.26206,0.0470285,2.67286,-0.843365,-0.0021201,0.37258,2.59103e-05,0.620296,-0.000868248,-0.267134,-0.00539191,
2.352,0,0,0,0,0,0,0,0,0,0,0,0,0,0,0,0,-0.0328194,0.999166,0.0239147,0,0.996848,0.0344506,-0.0713332,0,-0.072099,0.0214986,-0.997166,0,0.522692,0.0107496,0.0354535,1,0.609293,-37.4542,0.973398,14.2084,0.341856,2.27949,0.0954127,-91.1142,-149.828,45.7466,342.221,-6.05792,33.2595,-47.7057,0.0160264,0.495152,0.00248217,-2.24044,0.0470217,2.66336,-0.843365,-0.00135088,0.368728,-0.00413019,0.655267,0.000249337,-0.279496,0.0019624,
2.386,0,0,0,0,0,0,0,0,0,0,0,0,0,0,0,0,-0.0327493,0.99916,0.0242322,0,0.996867,0.0343983,-0.0710916,0,-0.0718668,0.0218285,-0.997175,0,0.528661,0.0107976,0.0349706,1,0.831461,-37.7914,1.12416,14.0259,0.329039,2.07899,0.175064,-101.716,147.855,-20.7728,-11.3412,-30.806,-15.4949,37.0034,0.0159813,0.507182,0.00225513,-2.21881,0.0470242,2.654,-0.843373,-0.00632903,0.352298,-0.00456393,0.645889,0.00707519,-0.293292,-0.00164237,
2.42,0,0,0,0,0,0,0,0,0,0,0,0,0,0,0,0,-0.0327022,0.999152,0.0246322,0,0.996794,0.0344026,-0.0721018,0,-0.0728895,0.0221958,-0.997093,0,0.534247,0.0108534,0.0344485,1,0.871134,-38.0175,1.23524,15.232,0.341856,2.43788,0.228164,-109.498,-68.0688,-130.462,57.45,-6.88218,22.0132,45.3606,0.0158949,0.518964,0.00207237,-2.19744,0.0470121,2.64337,-0.843394,-0.0049661,0.33583,-0.00625874,0.619047,-9.9768e-05,-0.298832,-0.00307358,
2.454,0,0,0,0,0,0,0,0,0,0,0,0,0,0,0,0,-0.0327244,0.999142,0.0249882,0,0.996806,0.0344466,-0.071922,0,-0.0727225,0.0225552,-0.997097,0,0.53998,0.0109443,0.0341544,1,0.756083,-37.8311,1.08448,14.2481,0.372069,2.16872,0.234573,-10.3712,196.81,95.1299,171.489,-3.92973,49.0086,-7.37354,0.01584,0.530283,0.00193794,-2.17637,0.0470039,2.63378,-0.843399,0.000255062,0.329042,-0.00784305,0.610457,0.000130827,-0.2925,-0.0017061,
2.488,0,0,0,0,0,0,0,0,0,0,0,0,0,0,0,0,-0.0328484,0.999128,0.0253989,0,0.996772,0.034609,-0.0723033,0,-0.0731206,0.0229423,-0.997059,0,0.545387,0.0111012,0.0339672,1,0.720377,-39.6322,1.0091,15.5613,0.372069,2.36189,0.162246,22.5846,-123.607,-20.2872,-73.2637,9.24102,-9.37089,-49.08,0.0158478,0.540957,0.00185817,-2.15596,0.0469977,2.62364,-0.843396,-0.0045384,0.325681,-0.000708146,0.595657,-0.000226459,-0.289659,0.00139456,
2.522,0,0,0,0,0,0,0,0,0,0,0,0,0,0,0,0,-0.0328775,0.999121,0.0256493,0,0.996714,0.0346743,-0.073078,0,-0.0739046,0.0231628,-0.996996,0,0.550269,0.0110915,0.0337633,1,1.0933,-39.5926,1.87397,15.1606,0.480101,2.47267,0.327957,-75.6081,-231.978,134.347,43.9653,10.6713,37.5447,70.6886,0.0158394,0.550863,0.00155185,-2.13702,0.0469146,2.61382,-0.843448,-0.00706127,0.254863,-0.0148002,0.531264,-0.003185,-0.325158,-0.0101531,
2.556,0,0,0,0,0,0,0,0,0,0,0,0,0,0,0,0,-0.0339037,0.999078,0.0259663,0,0.996451,0.0357914,-0.0760601,0,-0.0769208,0.0232959,-0.996765,0,0.554005,0.0109009,0.0339655,1,0.831461,-39.7076,1.0091,16.5134,0.612853,2.881,0.500076,-38.9541,-71.2943,-70.8143,85.6144,16.364,11.1323,-33.0881,0.0156887,0.558226,0.00109019,-2.1208,0.046713,2.60192,-0.844676,-0.00892423,0.170004,-0.00110009,0.420716,-0.00220086,-0.333534,-0.0443181,
2.59,0,0,0,0,0,0,0,0,0,0,0,0,0,0,0,0,-0.034982,0.999024,0.0266091,0,0.9962,0.0369801,-0.0787296,0,-0.0796383,0.0237543,-0.996541,0,0.55686,0.0111658,0.034494,1,0.0142004,-40.5685,0.148203,16.7316,0.631163,2.95698,0.459793,-256.543,153.764,-13.3089,37.2482,-10.231,-34.5312,29.2768,0.0156659,0.563141,0.00128322,-2.10821,0.0466984,2.59153,-0.845458,0.00134523,0.117063,0.0119428,0.329428,0.00060772,-0.281755,-0.00120592,
2.624,0,0,0,0,0,0,0,0,0,0,0,0,0,0,0,0,-0.0355963,0.99899,0.0270548,0,0.995967,0.0376904,-0.0813038,0,-0.082243,0.024052,-0.996322,0,0.558732,0.0115799,0.0350539,1,-0.731649,-40.7193,-0.3001,16.7673,0.679686,3.04671,0.433242,28.3222,-170.157,60.48,48.3813,-6.857,3.32833,-51.5073,0.0160413,0.566117,0.00142074,-2.09939,0.0466406,2.58308,-0.84542,0.0133437,0.0723583,0.00104905,0.210038,-0.00500823,-0.199004,0.00209148,
2.658,0,0,0,0,0,0,0,0,0,0,0,0,0,0,0,0,-0.0360579,0.998967,0.0273038,0,0.99582,0.0382086,-0.0828451,0,-0.0838043,0.0242029,-0.996188,0,0.559851,0.0119542,0.0354268,1,-0.731649,-40.7946,-0.339773,16.9498,0.697997,2.87367,0.426834,-127.939,-24.9301,89.8611,-20.2715,-4.72768,-27.0264,-29.6698,0.0165193,0.567831,0.00147579,-2.09411,0.0466178,2.57796,-0.84527,0.00988015,0.0387331,0.00184811,0.118876,-0.00185402,-0.123269,0.0113811,
2.692,0,0,0,0,0,0,0,0,0,0,0,0,0,0,0,0,-0.0358825,0.99897,0.0274428,0,0.995699,0.0380819,-0.08434,0,-0.0852998,0.0242989,-0.996059,0,0.560084,0.0120527,0.0355732,1,-0.505514,-40.267,-0.149343,17.1323,0.619261,2.79768,0.414016,79.2688,51.3235,27.1478,53.1053,-19.7661,7.57303,35.5939,0.0165928,0.568334,0.00151145,-2.09212,0.0466074,2.57498,-0.844956,-0.000558899,-0.0044699,-0.00304961,0.0128182,0.000613456,-0.059459,0.0103289,
2.726,0,0,0,0,0,0,0,0,0,0,0,0,0,0,0,0,-0.0353867,0.998987,0.0274529,0,0.995647,0.0376087,-0.085161,0,-0.0861088,0.0243203,-0.995989,0,0.559746,0.0119721,0.0355299,1,-0.172262,-39.7076,0.148203,17.0252,0.498412,2.70796,0.320632,-189.393,-49.4766,13.9242,79.2078,-4.47261,-3.41007,23.4043,0.0164667,0.567985,0.00149473,-2.09275,0.0466302,2.57445,-0.844629,-0.00103288,-0.0189836,0.0010242,-0.0364432,8.02327e-05,0.000190474,0.00810053,
2.76,0,0,0,0,0,0,0,0,0,0,0,0,0,0,0,0,-0.0349179,0.999003,0.0274821,0,0.995624,0.0371555,-0.0856326,0,-0.08657,0.0243722,-0.995948,0,0.559234,0.0119157,0.0354185,1,0.276041,-39.5926,0.374338,17.1323,0.426085,2.65211,0.261123,-54.6587,-17.6145,48.5376,19.0446,-0.796984,12.9589,-32.9004,0.0162637,0.567366,0.00160559,-2.09428,0.046648,2.57489,-0.844306,-0.00606818,-0.0260123,0.00465576,-0.0486597,8.65542e-05,0.0293995,0.00288586,
2.794,0,0,0,0,0,0,0,0,0,0,0,0,0,0,0,0,-0.0347167,0.999009,0.0274991,0,0.995632,0.0369564,-0.0856309,0,-0.086564,0.0244066,-0.995947,0,0.558782,0.0119208,0.0354435,1,-0.24764,-39.8187,-0.189016,16.803,0.389464,2.6869,0.234573,28.5103,-75.5729,-131.799,-8.70172,10.6958,-27.5654,-20.3585,0.0161778,0.566421,0.00171471,-2.09603,0.0466664,2.5757,-0.844131,0.00247563,-0.0166321,0.00960125,-0.0447435,7.44217e-05,0.0253119,0.00727389,
2.828,0,0,0,0,0,0,0,0,0,0,0,0,0,0,0,0,-0.0345004,0.999016,0.0275075,0,0.99563,0.0367442,-0.0857384,0,-0.0866665,0.0244298,-0.995938,0,0.558337,0.0120446,0.0354471,1,-0.505514,-39.7076,-0.375479,16.7316,0.359251,2.73543,0.181472,-44.9118,63.9519,-191.982,-54.9527,-27.2459,4.30581,-65.7454,0.0162844,0.565575,0.00183946,-2.09764,0.0466746,2.57637,-0.843724,0.00476267,-0.0269302,0.00518425,-0.0457169,0.000447106,0.0190529,0.0145025,
2.862,0,0,0,0,0,0,0,0,0,0,0,0,0,0,0,0,-0.0342046,0.999026,0.0275403,0,0.995612,0.0364604,-0.0860688,0,-0.0869908,0.024476,-0.995908,0,0.55774,0.01215,0.0354344,1,-0.545187,-39.8187,-0.375479,16.9498,0.341856,2.76289,0.188797,-114.563,48.0656,-10.3629,183.951,15.0013,9.35335,10.9595,0.0163074,0.564527,0.00201359,-2.09965,0.0466765,2.57702,-0.843279,0.000187131,-0.0379028,0.00337254,-0.0698822,-0.000571251,0.022871,0.00544446,
2.896,0,0,0,0,0,0,0,0,0,0,0,0,0,0,0,0,-0.0340502,0.99903,0.027583,0,0.995596,0.0363162,-0.0863123,0,-0.0872319,0.0245231,-0.995886,0,0.556985,0.0122702,0.0354154,1,-0.545187,-39.6679,-0.450857,16.6602,0.26953,2.70064,0.168655,127.553,0.379773,22.6731,-144.164,16.7132,1.51451,-22.9659,0.016338,0.563169,0.00221578,-2.10232,0.0466882,2.57809,-0.84296,0.00383687,-0.0436504,0.00438068,-0.0859064,-0.000107571,0.0444509,0.00699768,
2.93,0,0,0,0,0,0,0,0,0,0,0,0,0,0,0,0,-0.0337864,0.99904,0.0275515,0,0.995639,0.0360412,-0.0859333,0,-0.0868455,0.0245285,-0.99592,0,0.55626,0.0123924,0.0353126,1,-0.691976,-39.3664,-0.561941,16.8427,0.221007,2.63197,0.168655,-56.7262,-15.6199,-35.6613,62.6341,-1.25025,-6.47192,13.7746,0.0164114,0.561905,0.00240033,-2.10532,0.0467008,2.58022,-0.84251,0.00081481,-0.0353981,0.006763,-0.0888693,0.000971875,0.0682035,0.0130077,
2.964,0,0,0,0,0,0,0,0,0,0,0,0,0,0,0,0,-0.033439,0.999053,0.0274919,0,0.995662,0.0356869,-0.0858103,0,-0.0867118,0.0245037,-0.995932,0,0.555384,0.0124041,0.0351384,1,-0.283346,-39.18,-0.224722,16.6959,0.136778,2.55598,0.056045,213.752,160.15,62.7323,30.2131,-2.86924,-28.2325,-1.09534,0.016389,0.560584,0.0024982,-2.10864,0.0467263,2.58236,-0.842164,-0.00508671,-0.0433319,0.00162132,-0.0977502,0.00500819,0.066143,0.00774505,
2.998,0,0,0,0,0,0,0,0,0,0,0,0,0,0,0,0,-0.0330826,0.999068,0.0273865,0,0.995747,0.0353022,-0.084983,0,-0.0858722,0.0244591,-0.996006,0,0.554563,0.0123729,0.0349552,1,-0.0968836,-39.1046,-0.0382594,16.6959,0.0937486,2.4452,0.069778,-93.0453,96.0306,55.7815,-34.7506,20.7898,1.76476,-31.0196,0.0163597,0.559215,0.00254564,-2.1123,0.0468073,2.58549,-0.84191,-0.00107045,-0.0361553,0.0012637,-0.107093,0.000207399,0.0935717,0.0099811,
3.032,0,0,0,0,0,0,0,0,0,0,0,0,0,0,0,0,-0.032764,0.999079,0.0273581,0,0.995811,0.0349671,-0.0843657,0,-0.0852463,0.0244798,-0.996059,0,0.553691,0.0123606,0.0347514,1,-0.172262,-38.9181,-0.189016,16.5134,0.058043,2.27217,-0.0171971,50.5976,-32.6141,42.3416,-117.466,1.90499,7.96464,16.3684,0.0163435,0.557857,0.00260365,-2.11596,0.0469997,2.58842,-0.841773,-0.00165553,-0.0341774,0.000572066,-0.110255,0.00574112,0.091445,0.00345343,
3.066,0,0,0,0,0,0,0,0,0,0,0,0,0,0,0,0,-0.032567,0.999088,0.0272736,0,0.995895,0.0347414,-0.0834674,0,-0.0843405,0.0244439,-0.996137,0,0.552893,0.0123859,0.0345793,1,-0.358724,-38.5809,-0.3001,16.3309,0.058043,2.21724,-0.0171971,35.7131,79.9008,14.2442,-67.2783,-12.1201,15.1544,-33.6487,0.0163598,0.556504,0.00270246,-2.11957,0.0470639,2.59159,-0.841574,0.00125796,-0.0508734,0.00138471,-0.109909,7.89107e-06,0.0912147,2.3835e-05,
3.1,0,0,0,0,0,0,0,0,0,0,0,0,0,0,0,0,-0.032415,0.999095,0.0271724,0,0.995995,0.034554,-0.0823497,0,-0.0832157,0.0243947,-0.996233,0,0.552212,0.0124087,0.0344153,1,-0.434103,-38.5412,-0.411184,16.2198,0.0333238,2.10646,-0.00987293,-93.723,63.4476,66.4138,-28.0504,11.4198,-34.7692,6.54484,0.0163482,0.555308,0.00282328,-2.12291,0.0470794,2.59486,-0.841383,0.000655078,-0.0325274,0.00148126,-0.105279,0.000110818,0.0828858,0.00160993,
3.134,0,0,0,0,0,0,0,0,0,0,0,0,0,0,0,0,-0.0324367,0.999097,0.0270957,0,0.996033,0.0345579,-0.0818815,0,-0.0827455,0.0243328,-0.996274,0,0.551313,0.0124187,0.0342187,1,-0.39443,-38.3944,-0.375479,16.1841,0.0278306,2.17604,0.0496363,16.519,-25.7165,71.4869,-134.535,-10.5645,-66.009,42.094,0.0163527,0.55394,0.00290738,-2.12653,0.0470885,2.59759,-0.84138,0.00276029,-0.0399918,0.00238677,-0.113796,0.000877962,0.0859245,-0.000980793,
3.168,0,0,0,0,0,0,0,0,0,0,0,0,0,0,0,0,-0.03243,0.999099,0.0270053,0,0.996062,0.0345354,-0.0815393,0,-0.0824001,0.0242551,-0.996304,0,0.550176,0.0124151,0.0339989,1,-0.39443,-38.3548,-0.411184,16.2912,0.0516343,2.16231,0.00294445,18.4209,-34.0224,58.9406,71.3877,19.5307,-14.8712,-65.4548,0.0163483,0.552209,0.00298976,-2.13094,0.0470971,2.60061,-0.841366,-0.00095097,-0.0512728,0.00312609,-0.138084,-0.000337862,0.0821762,1.60135e-05,
3.202,0,0,0,0,0,0,0,0,0,0,0,0,0,0,0,0,-0.0324198,0.999102,0.0269397,0,0.996055,0.034522,-0.0816304,0,-0.0824886,0.0241875,-0.996298,0,0.548831,0.0124109,0.0338606,1,-0.172262,-38.4659,-0.264395,16.0373,0.0214219,2.13393,0.0432277,81.5258,0.796316,34.7938,58.556,-5.55875,-18.7692,12.5146,0.0163362,0.55,0.00307736,-2.13583,0.0471052,2.6032,-0.841354,-0.00296178,-0.0721162,0.00659886,-0.160517,0.000157681,0.0764948,-0.000351155,
3.236,0,0,0,0,0,0,0,0,0,0,0,0,0,0,0,0,-0.0323864,0.999105,0.026851,0,0.996069,0.0344777,-0.081479,0,-0.0823335,0.0241071,-0.996313,0,0.547288,0.0124028,0.0337766,1,-0.505514,-38.3944,-0.526235,15.7795,-0.0261855,1.88582,-0.0693822,-73.5748,-7.70204,15.4294,-82.9428,-34.1383,-46.8389,-70.0053,0.0163366,0.547233,0.00316378,-2.14167,0.0471371,2.60643,-0.841333,0.00198286,-0.0848874,0.00132629,-0.178583,0.00271177,0.115099,0.00264586,
3.27,0,0,0,0,0,0,0,0,0,0,0,0,0,0,0,0,-0.0323291,0.999107,0.0268553,0,0.996103,0.0344116,-0.0810907,0,-0.0819439,0.0241295,-0.996345,0,0.545875,0.0125389,0.0337164,1,-0.842733,-37.9065,-0.748403,16.3309,0.100157,2.43147,0.0624537,-275.832,47.7383,-26.8935,42.4133,-23.1247,24.6113,24.4461,0.0163733,0.544614,0.00344636,-2.14719,0.0472029,2.60974,-0.841109,0.00325766,-0.0735151,0.00826944,-0.159406,0.00099267,0.054725,0.00460661,
3.304,0,0,0,0,0,0,0,0,0,0,0,0,0,0,0,0,-0.032335,0.999107,0.0268371,0,0.996019,0.0344404,-0.0821048,0,-0.0829574,0.0240759,-0.996262,0,0.543964,0.0125619,0.033641,1,-0.616598,-38.2794,-0.339773,15.9659,-0.0206923,2.2859,0.00935314,-245.208,24.9265,155.782,2.63811,-13.6664,43.8579,4.81871,0.0163852,0.541431,0.00356705,-2.15348,0.0472201,2.61184,-0.841078,0.00466877,-0.0947472,0.000524534,-0.202885,0.000993446,0.0830599,-0.00107978,
3.338,0,0,0,0,0,0,0,0,0,0,0,0,0,0,0,0,-0.0322883,0.999112,0.0267078,0,0.996015,0.0343848,-0.0821748,0,-0.0830218,0.0239485,-0.99626,0,0.542022,0.0125206,0.0335877,1,-0.39443,-38.204,-0.526235,16.2555,0.00952007,2.16231,-0.0629735,122.424,-115.388,-168.274,-71.9115,-14.9427,26.8004,4.67609,0.0163741,0.537921,0.00363154,-2.16061,0.0472216,2.61539,-0.841056,-0.00100341,-0.110084,0.00234248,-0.216255,3.1874e-05,0.111864,0.00254628,
3.372,0,0,0,0,0,0,0,0,0,0,0,0,0,0,0,0,-0.0322319,0.999118,0.0265531,0,0.99599,0.0343237,-0.0825058,0,-0.0833461,0.0237878,-0.996237,0,0.53967,0.0124495,0.0334111,1,-0.469808,-37.3034,-0.561941,16.073,0.0516343,2.18977,-0.0501561,151.851,18.5583,-57.3961,74.3042,10.3441,17.0641,-30.9829,0.0163395,0.53402,0.00369147,-2.16895,0.0472169,2.6195,-0.841062,-0.00387043,-0.130785,0.00282167,-0.270773,-0.000384822,0.132489,0.00193296,
3.406,0,0,0,0,0,0,0,0,0,0,0,0,0,0,0,0,-0.0322752,0.99912,0.0264117,0,0.995938,0.0343694,-0.0831071,0,-0.0839433,0.0236226,-0.99619,0,0.536924,0.0124415,0.0331754,1,-0.80306,-37.3431,-0.823782,15.8905,0.0461412,2.11378,-0.0565648,-54.1232,-63.3344,-11.2029,-145.513,-0.982214,56.7917,-37.6045,0.0163819,0.529621,0.0038059,-2.17846,0.0472175,2.62402,-0.841061,-0.000364827,-0.132164,0.00406459,-0.292685,-0.000117961,0.159864,0.00183575,
3.44,0,0,0,0,0,0,0,0,0,0,0,0,0,0,0,0,-0.032299,0.999125,0.0262138,0,0.995926,0.0343798,-0.0832525,0,-0.0840825,0.0234185,-0.996184,0,0.53408,0.0124064,0.032842,1,-0.842733,-37.5296,-0.89916,16.073,0.0699449,2.20351,0.0496363,120.647,90.7941,1.94791,-197.347,-12.2878,13.9741,16.1833,0.016408,0.525206,0.00391282,-2.18857,0.0472149,2.62958,-0.841068,-0.00119473,-0.131609,0.00155272,-0.309362,-0.000229697,0.157408,-0.00198521,
3.474,0,0,0,0,0,0,0,0,0,0,0,0,0,0,0,0,-0.0322406,0.999132,0.0260007,0,0.99587,0.0343198,-0.0839396,0,-0.0847607,0.0231875,-0.996131,0,0.530758,0.0123263,0.032454,1,-0.691976,-37.4542,-0.601614,16.1087,0.0763536,2.39668,-0.0364232,9.86187,-63.2883,225.04,43.5351,0.878883,-45.9143,0.295912,0.0164005,0.520207,0.00399428,-2.19994,0.0472142,2.63526,-0.841063,-0.00249466,-0.14979,0.0022039,-0.332267,-0.000314043,0.16933,0.000981552,
3.508,0,0,0,0,0,0,0,0,0,0,0,0,0,0,0,0,-0.0322179,0.99914,0.0257398,0,0.995854,0.0342799,-0.0841512,0,-0.0849628,0.0229224,-0.99612,0,0.527288,0.0122491,0.0320104,1,-0.691976,-36.9662,-0.676992,16.0016,0.100157,2.18245,0.00294445,-50.9334,32.8045,26.7729,96.2343,13.7843,8.75034,57.4627,0.0164109,0.515019,0.00408963,-2.2121,0.0472115,2.64203,-0.841069,-8.29699e-05,-0.151583,0.0056053,-0.369848,-0.00759141,0.202282,-0.0010919,
3.542,0,0,0,0,0,0,0,0,0,0,0,0,0,0,0,0,-0.0321962,0.999147,0.0254753,0,0.995821,0.0342448,-0.0845528,0,-0.0853548,0.022647,-0.996093,0,0.523451,0.0121802,0.0313824,1,-0.731649,-36.9305,-0.637319,15.9262,0.0763536,2.32802,-0.0428319,20.5518,-86.0342,149.611,-27.3809,-16.4494,48.5253,-6.28521,0.0164077,0.509731,0.00423558,-2.22524,0.0472156,2.6495,-0.841066,-0.00179696,-0.159098,0.00242087,-0.394892,0.000132093,0.212726,0.00149652,
3.576,0,0,0,0,0,0,0,0,0,0,0,0,0,0,0,0,-0.0320917,0.99916,0.0251121,0,0.995827,0.0341093,-0.0845346,0,-0.0853218,0.0222949,-0.996104,0,0.519274,0.0120449,0.0306574,1,-0.616598,-36.141,-0.748403,15.5613,0.0635362,1.71919,-0.0428319,41.8321,73.1239,-228.869,32.803,-22.97,21.0014,24.0804,0.0163972,0.504064,0.0043153,-2.23977,0.04723,2.6584,-0.841067,0.00142023,-0.160712,0.00292732,-0.441656,0.00122988,0.341931,0.000126718,
3.61,0,0,0,0,0,0,0,0,0,0,0,0,0,0,0,0,-0.0319043,0.999179,0.0245832,0,0.996031,0.0338265,-0.0822161,0,-0.0829818,0.021863,-0.996311,0,0.515351,0.011831,0.0301452,1,-0.434103,-35.7681,-0.486563,14.7956,0.0516343,1.56081,-0.0629735,19.6541,52.9465,-174.777,-173.324,9.90303,-11.1443,-61.9555,0.0163262,0.497909,0.00435708,-2.25513,0.0472439,2.66994,-0.84107,-0.00123902,-0.202718,0.00156731,-0.466801,-0.000202301,0.307687,0.00118081,
3.644,0,0,0,0,0,0,0,0,0,0,0,0,0,0,0,0,-0.0316234,0.999201,0.0240582,0,0.996161,0.0334718,-0.0807632,0,-0.0815055,0.0214123,-0.996443,0,0.510847,0.0115298,0.0299149,1,-0.283346,-34.4906,-0.224722,14.3552,0.0818467,1.67158,-0.0171971,-41.54,55.5671,-24.4795,42.327,-10.0797,8.47957,-47.1508,0.0161765,0.490268,0.0043258,-2.27199,0.0472475,2.68064,-0.84111,-0.00458048,-0.245344,0.000519215,-0.527413,0.000299426,0.292982,-0.00409661,
3.678,0,0,0,0,0,0,0,0,0,0,0,0,0,0,0,0,-0.0316356,0.99921,0.0236514,0,0.996146,0.033455,-0.080961,0,-0.0816899,0.0209994,-0.996437,0,0.505475,0.011318,0.029949,1,-0.434103,-34.8675,-0.450857,15.1606,0.112059,1.75398,-0.00346424,-20.8202,33.2995,-51.4457,168.16,24.6353,12.7732,37.0575,0.0161298,0.480831,0.00435839,-2.29078,0.0472485,2.68981,-0.841285,0.0044188,-0.285893,2.21094e-05,-0.565841,-0.000289696,0.256748,-0.00864801,
3.711,0,0,0,0,0,0,0,0,0,0,0,0,0,0,0,0,-0.031617,0.999219,0.0232761,0,0.996061,0.0334275,-0.082015,0,-0.0827306,0.0205917,-0.996359,0,0.49959,0.0111401,0.0300892,1,-0.469808,-34.6017,-0.450857,14.2481,0.118468,1.74757,-0.0171971,-25.0024,66.5766,20.9762,52.6955,2.80666,-12.6789,-46.004,0.0161415,0.470475,0.00440546,-2.31067,0.0472483,2.6983,-0.841358,-0.000938075,-0.347725,-5.55458e-05,-0.625569,-0.000202195,0.26643,5.40336e-05,
3.747,0,0,0,0,0,0,0,0,0,0,0,0,0,0,0,0,-0.0316785,0.999226,0.022915,0,0.995949,0.0334858,-0.083338,0,-0.0840424,0.0201825,-0.996258,0,0.492622,0.0110165,0.0305454,1,-0.767355,-34.3042,-0.676992,14.3909,0.13037,1.92702,0.0432277,-6.57923,-89.8026,5.08191,-138.707,22.8532,9.61982,-3.20655,0.0161724,0.457551,0.00458684,-2.33418,0.0472556,2.70757,-0.841387,-0.00076543,-0.383896,0.00607332,-0.680306,-0.000377066,0.257172,-0.00142518,
3.781,0,0,0,0,0,0,0,0,0,0,0,0,0,0,0,0,-0.0317049,0.999233,0.0225802,0,0.99576,0.0335281,-0.0855546,0,-0.0862477,0.0197723,-0.996078,0,0.485379,0.0108718,0.0308615,1,-0.767355,-33.7408,-0.823782,14.7599,0.184386,2.43147,0.00935314,68.5703,-146.496,-51.2476,109.401,-7.07091,66.5863,14.8644,0.0161767,0.444794,0.00475684,-2.35771,0.0472506,2.71614,-0.841408,-0.00294008,-0.390026,0.00665114,-0.702333,-0.000403409,0.265533,-0.00364999,
3.815,0,0,0,0,0,0,0,0,0,0,0,0,0,0,0,0,-0.0318372,0.999235,0.0222621,0,0.995579,0.0336718,-0.0875721,0,-0.0882564,0.019376,-0.995909,0,0.477903,0.010779,0.0313008,1,-0.842733,-33.1021,-0.863455,14.2838,0.178893,2.18245,0.0359034,-56.0662,-124.23,96.1837,214.479,-7.91828,22.7458,-7.3951,0.0162033,0.431368,0.00502231,-2.38205,0.0472557,2.72504,-0.841429,-0.00190103,-0.405968,0.010507,-0.730793,0.0010919,0.274035,-0.00165318,
3.849,0,0,0,0,0,0,0,0,0,0,0,0,0,0,0,0,-0.031973,0.999239,0.0219237,0,0.995393,0.0338161,-0.0896147,0,-0.0902895,0.0189578,-0.995735,0,0.470147,0.0106888,0.0316161,1,-0.953817,-32.7252,-0.938833,13.772,0.196288,2.47267,-0.0364232,-28.8827,-58.0827,-110.86,51.8737,-3.26723,37.4796,-5.12248,0.0162225,0.417925,0.00533055,-2.40702,0.0472594,2.73453,-0.841423,0.00212534,-0.392007,0.0131377,-0.731405,-2.69052e-05,0.300559,0.0026642,
3.883,0,0,0,0,0,0,0,0,0,0,0,0,0,0,0,0,-0.0320563,0.999245,0.0215084,0,0.995314,0.0338774,-0.0904642,0,-0.0911263,0.018508,-0.995667,0,0.462863,0.0105554,0.0319994,1,-0.914144,-32.5784,-0.938833,13.5895,0.2265,2.36922,-0.00346424,101.121,127.319,68.1171,-148.87,-13.3436,8.40908,-29.4691,0.0162347,0.404969,0.00557364,-2.43107,0.0472742,2.74479,-0.841422,-0.00232093,-0.373182,0.00974898,-0.698513,0.000906166,0.300778,0.00235654,
3.917,0,0,0,0,0,0,0,0,0,0,0,0,0,0,0,0,-0.0323424,0.999244,0.0211267,0,0.995251,0.0341382,-0.0910524,0,-0.0917066,0.0180818,-0.995622,0,0.455804,0.0105107,0.0321692,1,-1.28707,-32.2769,-1.31176,13.8077,0.359251,2.73543,0.056045,-276.506,123.142,64.0144,-346.593,19.7822,48.6664,-4.63305,0.016253,0.393057,0.00598272,-2.45421,0.047261,2.75544,-0.841433,0.000108112,-0.336308,0.0172013,-0.670758,-0.000803817,0.310928,0.000857612,
3.951,0,0,0,0,0,0,0,0,0,0,0,0,0,0,0,0,-0.0328029,0.999235,0.0208285,0,0.995203,0.034576,-0.091413,0,-0.092065,0.0177303,-0.995595,0,0.449361,0.0105796,0.0323514,1,-1.54891,-32.1261,-1.61327,14.7202,0.36566,2.65211,0.109146,-16.6568,69.9336,11.6025,-49.1447,5.79208,20.6226,-34.8581,0.0163262,0.382172,0.00653082,-2.4753,0.0472635,2.7653,-0.841429,0.00147311,-0.291384,0.0158655,-0.583994,0.000574422,0.257928,-0.000553959,
3.985,0,0,0,0,0,0,0,0,0,0,0,0,0,0,0,0,-0.0331388,0.99923,0.0205383,0,0.995194,0.0348835,-0.0913986,0,-0.0920465,0.0174111,-0.995602,0,0.443735,0.0106131,0.0324098,1,-1.50924,-31.3009,-1.61327,13.0381,0.444396,2.83888,0.129287,169.222,135.642,51.4881,-29.7083,-36.0134,-0.337683,50.3544,0.0163411,0.372991,0.00702859,-2.49375,0.0472926,2.77459,-0.841414,0.00152111,-0.231901,0.0187073,-0.510969,0.00325772,0.265535,-0.000656498,
4.019,0,0,0,0,0,0,0,0,0,0,0,0,0,0,0,0,-0.0333458,0.99923,0.0202264,0,0.99524,0.0350511,-0.0908236,0,-0.0914644,0.0171019,-0.995661,0,0.43894,0.0106003,0.0323644,1,-1.54891,-31.7135,-1.64898,12.8952,0.474608,2.56239,0.089004,17.1624,48.1773,-125.245,80.7341,-11.9255,18.014,-29.7369,0.0163401,0.365437,0.00741679,-2.50969,0.0473501,2.78357,-0.841398,-0.00034531,-0.213698,0.0138847,-0.428807,0.00746556,0.254482,0.00159792,
4.056,0,0,0,0,0,0,0,0,0,0,0,0,0,0,0,0,-0.0334318,0.999233,0.0198988,0,0.995342,0.0350877,-0.0896888,0,-0.0903199,0.0168079,-0.995771,0,0.435097,0.0105479,0.0323647,1,-1.50924,-30.8526,-1.49822,13.0024,0.444396,2.74916,0.135696,45.5034,110.659,81.4682,193.842,-25.4759,83.0401,-12.2348,0.0163395,0.359225,0.00767295,-2.52289,0.0473986,2.79171,-0.841356,0.000421732,-0.153523,0.00397668,-0.306239,0.00069002,0.19251,0.00355851,
4.09,0,0,0,0,0,0,0,0,0,0,0,0,0,0,0,0,-0.0334074,0.999239,0.0196475,0,0.995431,0.0350245,-0.0887192,0,-0.0893415,0.0165942,-0.995863,0,0.432611,0.0104822,0.0322514,1,-1.21169,-30.813,-1.20067,12.8952,0.419676,2.76289,0.115554,115.494,-41.462,191.011,75.8467,-14.9331,-31.775,27.6978,0.016304,0.355556,0.00782082,-2.53146,0.0474296,2.7976,-0.841302,-0.000512452,-0.0837487,0.00270867,-0.217562,0.000423306,0.153574,0.00507668,
4.124,0,0,0,0,0,0,0,0,0,0,0,0,0,0,0,0,-0.0332132,0.99925,0.0194411,0,0.995512,0.034799,-0.0878915,0,-0.0885038,0.016435,-0.99594,0,0.431119,0.0103567,0.0321551,1,-0.80306,-30.9637,-0.89916,13.0024,0.34735,2.77663,0.0761866,240.858,43.0147,13.1655,-7.46931,-15.2361,-7.78778,-38.3959,0.0162096,0.353418,0.00781242,-2.53674,0.0474558,2.80158,-0.841263,-0.00829829,-0.0390644,0.00304882,-0.107038,0.000500392,0.0936244,0.00518941,
4.158,0,0,0,0,0,0,0,0,0,0,0,0,0,0,0,0,-0.0328532,0.999263,0.0193558,0,0.995565,0.0344253,-0.087443,0,-0.0880466,0.0163974,-0.995981,0,0.4307,0.0102186,0.0320921,1,-0.505514,-31.3009,-0.601614,13.1134,0.281432,2.85994,0.0432277,120.491,-27.3655,-72.578,18.7637,17.8497,7.88299,1.62549,0.016007,0.352902,0.00776696,-2.53835,0.047512,2.80312,-0.841211,-0.0112551,0.00277123,0.000715836,-0.00693175,0.00353435,0.019765,0.00434753,
4.192,0,0,0,0,0,0,0,0,0,0,0,0,0,0,0,0,-0.0324941,0.999275,0.0193304,0,0.995597,0.0340617,-0.0872195,0,-0.0878164,0.0164115,-0.996001,0,0.430841,0.0100501,0.0321455,1,-0.39443,-31.3406,-0.411184,13.0381,0.286925,2.92219,0.109146,-16.2925,-37.9707,152.204,57.6531,-11.3923,24.5269,50.2489,0.0156941,0.352922,0.00769432,-2.53809,0.0475109,2.80311,-0.841228,-0.00528652,-0.000272984,0.000306138,0.0117357,-0.00712627,-0.00545169,-0.0020207,
4.226,0,0,0,0,0,0,0,0,0,0,0,0,0,0,0,0,-0.0322763,0.999283,0.019325,0,0.995635,0.0338384,-0.0868692,0,-0.0874625,0.0164372,-0.996032,0,0.431187,0.0099205,0.0322078,1,-0.39443,-31.7532,-0.486563,13.0777,0.281432,2.94966,0.121963,44.1858,-23.5952,-249.423,-10.6022,4.28928,-29.3722,25.3739,0.0154367,0.353217,0.00763803,-2.53726,0.0475092,2.80293,-0.841312,-0.0054228,0.0178896,-0.00161638,0.030478,-0.000138355,-0.00712512,-0.00222039,
4.26,0,0,0,0,0,0,0,0,0,0,0,0,0,0,0,0,-0.0322932,0.999282,0.0193411,0,0.995658,0.0338522,-0.0866019,0,-0.0871961,0.0164608,-0.996055,0,0.431591,0.00990538,0.0322063,1,-0.580892,-31.5628,-0.601614,13.0777,0.299742,2.90114,0.102737,68.205,93.9032,17.1631,-63.3876,3.89104,-7.34925,58.7253,0.0153871,0.353818,0.00762581,-2.53613,0.0475105,2.80267,-0.841385,-0.000494703,0.00665228,0.00116687,0.0189769,-0.000139373,-0.00179703,-0.0010732,
4.294,0,0,0,0,0,0,0,0,0,0,0,0,0,0,0,0,-0.0322464,0.999283,0.0193317,0,0.995672,0.0338024,-0.0864577,0,-0.0870509,0.0164604,-0.996068,0,0.431771,0.00988789,0.03218,1,-0.469808,-31.6024,-0.411184,13.0024,0.275023,2.83888,0.0230861,32.76,40.0573,30.3498,132.049,-34.1578,1.77354,13.5049,0.0153752,0.354161,0.0075926,-2.53563,0.0475131,2.80265,-0.841382,-0.00199783,0.00785267,-0.00138185,0.0104137,0.000385958,0.000285705,0.000669871,
4.328,0,0,0,0,0,0,0,0,0,0,0,0,0,0,0,0,-0.0321389,0.999287,0.0193071,0,0.995683,0.0336918,-0.0863718,0,-0.0869624,0.0164482,-0.996076,0,0.431893,0.00983031,0.0321445,1,-0.545187,-31.5271,-0.450857,12.9309,0.26953,2.81142,0.0230861,-87.9146,30.104,112.462,-49.6871,-7.23743,7.24599,-7.13145,0.0153211,0.354449,0.00751961,-2.53527,0.0475103,2.80267,-0.841394,-0.00169375,0.00871156,-0.00566571,0.0111727,0.000229845,-0.000235344,0.00168064,
4.362,0,0,0,0,0,0,0,0,0,0,0,0,0,0,0,0,-0.0321315,0.999288,0.0193035,0,0.995687,0.0336835,-0.0863345,0,-0.0869249,0.0164465,-0.996079,0,0.431916,0.00981956,0.0321501,1,-0.545187,-31.2652,-0.486563,13.0024,0.281432,2.80501,0.0496363,-18.732,27.3499,45.24,3.72528,-18.2955,2.5167,-20.8568,0.0153089,0.354463,0.00750794,-2.53523,0.047509,2.80267,-0.841408,0.00519326,-5.93497e-06,-0.00227686,-0.000578498,0.000132257,-0.000379966,0.00165496,
4.396,0,0,0,0,0,0,0,0,0,0,0,0,0,0,0,0,-0.0323157,0.999281,0.0193501,0,0.995665,0.0338741,-0.0865144,0,-0.0871094,0.0164707,-0.996063,0,0.431875,0.00991171,0.0321337,1,-0.172262,-30.813,-0.0382594,12.2724,0.202696,2.37654,0.00294445,-28.1618,130.192,106.397,-34.1017,-8.49386,7.19351,-15.6006,0.0153925,0.354476,0.00761579,-2.53522,0.0475069,2.8025,-0.841407,0.00330371,0.000585832,0.0035071,0.000733981,2.45782e-05,-0.000336279,0.00112683,
4.43,0,0,0,0,0,0,0,0,0,0,0,0,0,0,0,0,-0.0325173,0.999274,0.0193825,0,0.995659,0.0340774,-0.0864984,0,-0.0870977,0.016486,-0.996063,0,0.431877,0.0100059,0.0321364,1,-0.616598,-30.6622,-0.486563,12.2724,0.209105,2.36922,0.056045,-42.6405,-159.868,-2.50617,-56.3984,1.27603,-12.566,-14.9997,0.0154992,0.354472,0.00771036,-2.53522,0.0475062,2.80251,-0.841412,0.001738,0.000388165,0.00168651,0.000332036,-0.000332414,0.000145223,-0.00128353,
4.464,0,0,0,0,0,0,0,0,0,0,0,0,0,0,0,0,-0.0324938,0.999274,0.0193817,0,0.995659,0.0340542,-0.0865102,0,-0.0871091,0.0164868,-0.996062,0,0.43187,0.00999681,0.0321387,1,-0.39443,-30.5154,-0.375479,12.4549,0.214598,2.43147,0.0294947,31.8728,-20.4276,-33.5066,36.7849,23.1248,7.90923,27.1276,0.0154797,0.354455,0.00770904,-2.53524,0.0475041,2.8025,-0.841408,-0.000421911,-0.000229048,0.000469054,-0.000430218,-0.000610428,-5.31906e-05,-8.85058e-05,
4.498,0,0,0,0,0,0,0,0,0,0,0,0,0,0,0,0,-0.0323715,0.999279,0.0193636,0,0.995664,0.0339307,-0.0865061,0,-0.0871024,0.0164796,-0.996063,0,0.431871,0.00993814,0.0321393,1,-0.136556,-30.4757,-0.113638,12.4192,0.202696,2.42415,-0.00346424,-46.3134,28.4136,47.2341,-16.4464,-5.06527,5.91629,-16.3027,0.0154028,0.354452,0.00765915,-2.53524,0.0475025,2.80251,-0.841407,-0.00563724,-0.000527038,-0.00111708,-0.00224033,0.000151618,1.22164e-05,0.00111167,
4.532,0,0,0,0,0,0,0,0,0,0,0,0,0,0,0,0,-0.0322738,0.999282,0.019342,0,0.995669,0.0338311,-0.0864869,0,-0.0870809,0.0164672,-0.996065,0,0.431877,0.00989077,0.0321477,1,0.0142004,-30.325,0.112497,12.4192,0.202696,2.41774,0.0166774,50.6187,-9.20184,268.792,-123.805,0.814095,-15.0066,-1.10825,0.0153676,0.354432,0.00759596,-2.53525,0.0475054,2.80251,-0.841406,-0.00104996,0.000127444,-0.00269987,0.00112243,-6.31303e-05,0.000299549,0.00140509,
4.566,0,0,0,0,0,0,0,0,0,0,0,0,0,0,0,0,-0.0323335,0.99928,0.0193469,0,0.995668,0.0338908,-0.0864728,0,-0.0870679,0.0164674,-0.996066,0,0.431879,0.00991158,0.0321538,1,-0.24764,-30.1742,-0.073965,12.4192,0.209105,2.39668,0.089004,-198.859,-113.549,-26.88,-18.4675,11.3519,-17.4872,75.8681,0.0153977,0.354415,0.00761118,-2.53525,0.0475014,2.80251,-0.841418,0.00198208,-0.00117496,0.000744101,0.00094566,-0.00022687,-8.70875e-05,-0.0021151,
4.6,0,0,0,0,0,0,0,0,0,0,0,0,0,0,0,0,-0.0323238,0.999281,0.0193461,0,0.99567,0.0338807,-0.086449,0,-0.087044,0.0164683,-0.996068,0,0.431887,0.00990746,0.0321632,1,-0.0968836,-30.0274,-0.00255384,12.4192,0.214598,2.38295,0.089004,-92.0033,15.0625,58.409,-112.614,16.2464,-3.69715,75.239,0.0153892,0.354396,0.00761007,-2.53525,0.0475019,2.80251,-0.841418,-0.000500404,-0.000844578,-0.000637081,0.00116678,-0.000325983,0.000128015,-0.002755,
4.634,0,0,0,0,0,0,0,0,0,0,0,0,0,0,0,0,-0.0322433,0.999283,0.0193357,0,0.995673,0.0337997,-0.0864552,0,-0.0870485,0.0164647,-0.996068,0,0.431884,0.00987535,0.0321608,1,0.0895788,-30.0988,0.187876,12.4906,0.196288,2.35548,0.00935314,28.3072,-142.49,99.3763,43.8954,0.809471,-1.51772,6.9941,0.0153528,0.354397,0.00757828,-2.53526,0.0475075,2.80251,-0.841409,-0.00213968,0.00179149,-0.000351587,-0.000789743,2.52319e-05,0.000322256,-0.000485251,
4.668,0,0,0,0,0,0,0,0,0,0,0,0,0,0,0,0,-0.0321798,0.999286,0.0193215,0,0.995676,0.0337349,-0.0864429,0,-0.0870346,0.0164565,-0.996069,0,0.431886,0.00984009,0.032168,1,0.200663,-29.8767,0.29896,12.5263,0.196288,2.39027,0.069778,-43.4117,-52.622,-12.3961,44.3144,-3.60791,57.7275,0.804153,0.0153193,0.354375,0.00753743,-2.53526,0.0475062,2.80251,-0.841415,-0.00120669,1.93035e-05,-0.00107369,-3.98039e-05,3.3874e-05,-0.000754679,-0.00148781,
4.702,0,0,0,0,0,0,0,0,0,0,0,0,0,0,0,0,-0.0321792,0.999286,0.019322,0,0.995676,0.0337344,-0.0864383,0,-0.0870301,0.0164573,-0.99607,0,0.431887,0.00984012,0.032169,1,0.200663,-29.9124,0.263254,12.5263,0.202696,2.36189,0.069778,-57.3793,126.512,25.5134,40.2786,24.0117,1.86482,19.1746,0.015317,0.354372,0.00753958,-2.53527,0.0475064,2.80252,-0.841415,-0.00106275,-0.000100291,-0.000108575,-0.000553249,-0.000411345,-0.000137129,-0.00154685,
4.736,0,0,0,0,0,0,0,0,0,0,0,0,0,0,0,0,-0.0321202,0.999288,0.0193131,0,0.99568,0.0336746,-0.0864231,0,-0.0870136,0.016454,-0.996071,0,0.431892,0.00981309,0.0321756,1,0.347452,-29.7616,0.449717,12.5263,0.202696,2.36922,0.0496363,126.424,31.7963,141.735,-41.181,9.96756,22.2997,-23.2797,0.0152836,0.354358,0.00751467,-2.53527,0.0475068,2.80252,-0.841413,-0.00103603,-0.00019857,-0.00226684,-0.000634009,-0.000309145,-0.000218489,-0.000179528,
4.77,0,0,0,0,0,0,0,0,0,0,0,0,0,0,0,0,-0.0321803,0.999286,0.0193178,0,0.995679,0.0337346,-0.086409,0,-0.0870006,0.0164539,-0.996072,0,0.431894,0.00983899,0.0321819,1,0.049906,-29.6862,0.223581,12.5263,0.196288,2.34175,0.056045,-45.613,-107.4,82.9642,15.0374,0.651959,-10.353,-2.60688,0.0153234,0.354339,0.00753171,-2.53527,0.0475033,2.80252,-0.841414,0.00205712,0.000226754,0.000110825,0.000221331,8.1459e-05,0.000425531,-0.000406859,
4.804,0,0,0,0,0,0,0,0,0,0,0,0,0,0,0,0,-0.0321843,0.999286,0.01932,0,0.995679,0.0337386,-0.0864003,0,-0.086992,0.0164561,-0.996073,0,0.431896,0.00984261,0.0321866,1,0.125284,-29.6505,0.223581,12.566,0.196288,2.36189,0.0294947,-82.2641,94.4911,-21.8198,32.3133,-9.56216,-26.5652,34.4667,0.0153225,0.354328,0.00753944,-2.53527,0.047503,2.80252,-0.841411,-0.00612728,3.71938e-05,0.000294806,-0.000974927,2.56528e-06,9.20056e-06,1.9498e-05,
4.838,0,0,0,0,0,0,0,0,0,0,0,0,0,0,0,0,-0.0321324,0.999287,0.0193165,0,0.995677,0.0336875,-0.0864524,0,-0.0870432,0.0164554,-0.996069,0,0.43188,0.00981942,0.0321629,1,0.387125,-30.2496,0.334665,12.6017,0.209105,2.33443,0.0432277,227.77,-113.487,-38.5714,82.1438,16.6177,7.01718,39.7767,0.0152871,0.354382,0.00752464,-2.53528,0.0475061,2.80252,-0.841413,-0.0021061,0.00185421,-8.90435e-05,-0.00073157,-0.00036795,-0.000102459,-0.000824073,
4.872,0,0,0,0,0,0,0,0,0,0,0,0,0,0,0,0,-0.0321539,0.999287,0.0193181,0,0.995678,0.0337085,-0.0864223,0,-0.0870135,0.0164561,-0.996071,0,0.43189,0.00983245,0.0321797,1,0.125284,-29.7259,0.223581,12.5263,0.190794,2.42415,-0.00987293,-30.9033,83.4819,-122.693,-60.674,-19.7498,11.9825,2.77143,0.0153108,0.354342,0.00752962,-2.53527,0.0475079,2.80251,-0.841407,0.00145464,-0.0015258,0.00102696,0.000132668,0.000283415,-0.000616511,0.00116269,
4.906,0,0,0,0,0,0,0,0,0,0,0,0,0,0,0,0,-0.0321669,0.999286,0.019319,0,0.995675,0.0337221,-0.0864526,0,-0.087044,0.0164548,-0.996069,0,0.43188,0.00983876,0.0321655,1,0.0895788,-30.1742,0.263254,12.566,0.196288,2.38295,-0.0236058,-6.62337,50.3668,76.8089,20.6642,1.97748,6.60219,-32.7699,0.0153229,0.354375,0.00753215,-2.53528,0.0475071,2.80251,-0.841405,-1.09227e-05,0.0013198,0.00101932,0.000414915,-1.39731e-07,-5.94261e-06,0.000987037,
4.94,0,0,0,0,0,0,0,0,0,0,0,0,0,0,0,0,-0.0321551,0.999287,0.0193172,0,0.995677,0.0337098,-0.0864344,0,-0.0870256,0.0164547,-0.99607,0,0.431887,0.00982967,0.0321739,1,0.276041,-29.8767,0.29896,12.5263,0.190794,2.41041,0.0294947,140.369,-6.59696,54.6326,45.8189,1.85274,-4.86053,12.6055,0.0153069,0.354356,0.00752748,-2.53527,0.0475049,2.80251,-0.841411,-0.00478429,-0.000157186,-0.000885296,0.00350807,0.000220063,-0.000225832,-0.00033143,
4.974,0,0,0,0,0,0,0,0,0,0,0,0,0,0,0,0,-0.0321437,0.999287,0.0193169,0,0.995676,0.0336987,-0.0864498,0,-0.0870407,0.0164549,-0.996069,0,0.43188,0.00982604,0.0321686,1,0.236368,-30.0274,0.334665,12.6374,0.196288,2.40401,0.0166774,-48.4272,-61.5233,10.5841,120.198,-11.1119,11.0822,29.5294,0.0153019,0.354364,0.00752495,-2.53528,0.0475072,2.80251,-0.84141,-0.000423377,0.00102062,-0.000837751,-0.00138189,-5.81351e-06,0.00031716,-0.00186636,
5.008,0,0,0,0,0,0,0,0,0,0,0,0,0,0,0,0,-0.0321669,0.999286,0.0193182,0,0.995676,0.0337218,-0.086444,0,-0.0870354,0.0164544,-0.996069,0,0.431882,0.00983525,0.0321703,1,0.125284,-29.9521,0.263254,12.566,0.202696,2.39668,0.0294947,0.169699,6.56549,80.8817,126.994,-2.95773,14.6045,46.4414,0.0153172,0.354361,0.00752999,-2.53528,0.0475055,2.80251,-0.841411,-0.000115719,-0.000552003,-0.000217387,-0.000548854,-0.000315041,-0.000191765,-0.00040995,
5.042,0,0,0,0,0,0,0,0,0,0,0,0,0,0,0,0,-0.0321488,0.999287,0.0193164,0,0.995677,0.0337035,-0.0864369,0,-0.087028,0.0164543,-0.99607,0,0.431885,0.00982823,0.0321723,1,0.276041,-29.9521,0.29896,12.5263,0.196288,2.38295,-0.00346424,-6.10445,64.3091,-15.561,7.7559,3.21441,-29.2292,-0.9576,0.0153046,0.354358,0.00752678,-2.53528,0.0475044,2.80251,-0.841407,-0.000878478,-0.000718581,0.000994847,-0.00462213,5.6503e-05,0.000615662,0.00159655,
5.076,0,0,0,0,0,0,0,0,0,0,0,0,0,0,0,0,-0.0321526,0.999287,0.0193179,0,0.995677,0.0337075,-0.0864385,0,-0.0870297,0.0164555,-0.99607,0,0.431883,0.00982892,0.0321731,1,0.16099,-29.8767,0.263254,12.6017,0.190794,2.39668,0.0496363,-52.4016,14.8587,-123.838,46.6575,-0.496476,7.89437,-11.1167,0.0153062,0.354353,0.00752691,-2.53528,0.0475082,2.80251,-0.841413,0.00187761,-0.000937676,0.000741263,-0.00346615,7.23878e-05,2.07909e-05,-0.000264879,
5.11,0,0,0,0,0,0,0,0,0,0,0,0,0,0,0,0,-0.0321812,0.999286,0.0193198,0,0.995676,0.0337362,-0.086443,0,-0.0870347,0.0164547,-0.996069,0,0.431882,0.00983955,0.0321704,1,0.0895788,-29.9878,0.187876,12.5263,0.202696,2.39027,0.0624537,-61.8061,46.731,-81.7878,-90.9511,17.9074,-11.3449,72.576,0.0153208,0.354362,0.00753527,-2.53528,0.0475034,2.80251,-0.841415,-0.000674529,-0.000185462,0.000853952,0.00341168,-0.000272287,0.000133602,-0.0019121,
5.144,0,0,0,0,0,0,0,0,0,0,0,0,0,0,0,0,-0.0321412,0.999287,0.0193168,0,0.995677,0.0336961,-0.0864452,0,-0.0870361,0.0164551,-0.996069,0,0.431882,0.00982725,0.0321696,1,0.276041,-29.9878,0.29896,12.566,0.190794,2.39027,-0.0236058,47.0087,-45.089,45.7732,-20.8901,-13.4619,-2.27555,-42.5995,0.0153042,0.354363,0.00752535,-2.53528,0.0475081,2.80251,-0.841405,-0.00233858,0.000383545,-0.000982574,0.0020845,0.00018814,-0.000679777,0.00277355,
5.178,0,0,0,0,0,0,0,0,0,0,0,0,0,0,0,0,-0.0321483,0.999287,0.0193181,0,0.995676,0.0337033,-0.0864474,0,-0.0870385,0.0164558,-0.996069,0,0.431879,0.00982634,0.0321709,1,0.236368,-29.9124,0.29896,12.6374,0.190794,2.40401,0.0624537,98.364,22.5807,45.8312,240.854,-4.61212,15.0793,13.0376,0.0153008,0.354355,0.0075265,-2.53529,0.0475082,2.80251,-0.841415,0.000295926,0.00880935,0.000125682,-0.0019465,0.000170981,-0.000117861,-0.00149242,
5.211,0,0,0,0,0,0,0,0,0,0,0,0,0,0,0,0,-0.0321569,0.999287,0.0193172,0,0.995676,0.0337118,-0.0864487,0,-0.0870399,0.0164541,-0.996069,0,0.43188,0.00983355,0.0321682,1,0.16099,-30.0274,0.263254,12.566,0.190794,2.39027,-0.00987293,101.285,-45.3763,115.356,101.864,-11.5545,-3.82965,-37.7809,0.0153133,0.354366,0.00752999,-2.53528,0.0475039,2.80251,-0.841403,0.000142719,0.00095548,-0.000303554,0.000101363,0.000214834,0.000127258,0.00151967,
5.248,0,0,0,0,0,0,0,0,0,0,0,0,0,0,0,0,-0.0321543,0.999287,0.0193174,0,0.995676,0.0337093,-0.0864479,0,-0.0870391,0.0164545,-0.996069,0,0.431881,0.00982855,0.0321692,1,0.200663,-30.0274,0.334665,12.566,0.196288,2.41041,0.0624537,-24.666,-99.4622,88.1949,-89.217,10.6202,33.9752,83.9608,0.0153076,0.354364,0.00752498,-2.53528,0.0475075,2.80251,-0.841415,-0.00432718,0.0014954,-0.00156199,-0.000616397,-0.000137625,-0.000473231,-0.00232571,
5.282,0,0,0,0,0,0,0,0,0,0,0,0,0,0,0,0,-0.032165,0.999286,0.0193167,0,0.995676,0.0337197,-0.0864413,0,-0.0870326,0.0164532,-0.99607,0,0.431881,0.00983154,0.0321727,1,0.125284,-29.8767,0.29896,12.6017,0.202696,2.40401,0.056045,-143.946,48.809,18.1766,117.268,1.29156,6.34543,31.429,0.0153116,0.354353,0.00752738,-2.53529,0.0475023,2.80251,-0.841414,0.00235921,-0.000504556,-0.000390328,-0.00109995,-0.00952324,-0.000130242,-0.00299275,
5.316,0,0,0,0,0,0,0,0,0,0,0,0,0,0,0,0,-0.0321616,0.999286,0.0193167,0,0.995676,0.0337165,-0.0864479,0,-0.0870392,0.0164531,-0.996069,0,0.431882,0.00983424,0.0321694,1,0.0895788,-30.0274,0.29896,12.5263,0.190794,2.39027,-0.0171971,-29.7741,9.4238,108.012,-18.788,6.63684,6.64726,-6.71031,0.0153176,0.354364,0.00752748,-2.53528,0.0475036,2.80251,-0.841406,0.00101257,0.000869765,-0.00102034,0.000906071,0.000254562,0.00024099,0.0023493,
5.35,0,0,0,0,0,0,0,0,0,0,0,0,0,0,0,0,-0.0321583,0.999286,0.0193168,0,0.995677,0.033713,-0.086439,0,-0.0870302,0.0164539,-0.99607,0,0.431884,0.00983084,0.0321721,1,0.200663,-29.9124,0.29896,12.5263,0.202696,2.39027,0.0230861,-81.1232,-6.75093,-13.1764,-65.6801,15.5036,-11.806,-0.277614,0.0153097,0.354359,0.00752748,-2.53528,0.0475037,2.80251,-0.84141,0.000551636,-0.000220942,-0.000292384,0.00117778,-0.00028552,0.000360891,-0.00241378,
5.384,0,0,0,0,0,0,0,0,0,0,0,0,0,0,0,0,-0.0321656,0.999286,0.019318,0,0.995677,0.0337204,-0.0864375,0,-0.0870289,0.0164544,-0.99607,0,0.431883,0.00983322,0.0321733,1,0.16099,-29.8767,0.263254,12.6017,0.196288,2.39027,0.0496363,14.9326,77.4197,-87.249,90.5759,-15.7737,-14.6017,71.3655,0.0153125,0.354353,0.00752991,-2.53528,0.0475044,2.80251,-0.841413,0.000343667,-0.000469995,0.00032517,-0.00117282,1.64574e-05,0.000324851,-0.00076861,
5.418,0,0,0,0,0,0,0,0,0,0,0,0,0,0,0,0,-0.032154,0.999287,0.0193184,0,0.995677,0.0337089,-0.0864415,0,-0.0870327,0.0164558,-0.99607,0,0.431884,0.00983336,0.0321704,1,0.200663,-30.0274,0.263254,12.4906,0.190794,2.39027,-0.0236058,110.781,-55.7178,-16.7951,-179.71,-15.9119,-3.28253,-98.6187,0.0153127,0.354364,0.00753007,-2.53528,0.0475082,2.80251,-0.841405,-0.00175319,0.000687736,0.000241278,0.00180668,0.000298154,0.000185431,0.00285632,
5.452,0,0,0,0,0,0,0,0,0,0,0,0,0,0,0,0,-0.0321603,0.999286,0.0193189,0,0.995677,0.0337151,-0.0864348,0,-0.0870261,0.0164559,-0.99607,0,0.431885,0.0098307,0.0321735,1,0.200663,-29.9124,0.263254,12.5263,0.202696,2.39027,0.0761866,-72.586,82.1657,-35.614,-144.019,12.0041,-14.5259,2.49768,0.0153066,0.354356,0.00752999,-2.53528,0.0475069,2.80251,-0.841416,0.000364464,-0.00106716,0.00057369,0.00106887,-0.000326401,0.000336418,-0.00518792,
5.486,0,0,0,0,0,0,0,0,0,0,0,0,0,0,0,0,-0.0321619,0.999286,0.0193186,0,0.995676,0.0337169,-0.0864425,0,-0.0870338,0.0164553,-0.996069,0,0.431882,0.00983326,0.0321723,1,0.16099,-29.9124,0.263254,12.566,0.202696,2.39668,0.0624537,36.4049,16.5264,-11.4757,13.8708,15.5918,13.4283,-18.8188,0.0153125,0.354355,0.00752999,-2.53528,0.0475065,2.80251,-0.841412,-0.000683422,-0.0018215,0.000527682,0.00015647,-0.000470323,7.21487e-05,-0.00611979,
5.519,0,0,0,0,0,0,0,0,0,0,0,0,0,0,0,0,-0.0321625,0.999286,0.0193193,0,0.995677,0.0337174,-0.0864405,0,-0.0870319,0.016456,-0.99607,0,0.431883,0.0098348,0.0321716,1,0.16099,-29.9521,0.223581,12.566,0.202696,2.39027,0.0166774,-14.4265,22.7043,-29.3058,57.2344,18.9216,-22.1867,42.4199,0.0153129,0.354358,0.00753278,-2.53528,0.0475069,2.80251,-0.84141,-0.00093628,0.000347872,0.000210117,-0.000559965,-0.00020979,0.000208153,-0.000443586,
5.556,0,0,0,0,0,0,0,0,0,0,0,0,0,0,0,0,-0.0321617,0.999286,0.0193185,0,0.995677,0.0337166,-0.0864393,0,-0.0870306,0.0164553,-0.99607,0,0.431884,0.00982978,0.032172,1,0.236368,-29.9521,0.263254,12.5263,0.190794,2.39668,0.089004,-2.23713,-117.946,0.844516,-17.4274,-1.69416,-0.2915,26.5396,0.0153044,0.354358,0.00752999,-2.53528,0.0475046,2.80251,-0.841418,-0.000864448,0.000491672,0.00145503,0.00195184,0.000139155,-5.58489e-05,-0.00264523,
5.59,0,0,0,0,0,0,0,0,0,0,0,0,0,0,0,0,-0.0321654,0.999286,0.0193187,0,0.995677,0.0337203,-0.0864401,0,-0.0870316,0.0164551,-0.99607,0,0.431882,0.00983555,0.0321731,1,0.0895788,-29.8767,0.263254,12.566,0.196288,2.41041,0.0230861,-99.7132,38.2699,-24.743,46.882,-20.6625,28.4681,52.3796,0.0153178,0.354353,0.00753007,-2.53528,0.0475075,2.80251,-0.841411,0.00121601,4.51182e-05,0.00221729,-0.000138299,-2.68663e-05,-0.000408161,0.00100204,
5.624,0,0,0,0,0,0,0,0,0,0,0,0,0,0,0,0,-0.032163,0.999286,0.0193178,0,0.995676,0.033718,-0.0864461,0,-0.0870374,0.0164542,-0.996069,0,0.43188,0.00983269,0.0321702,1,0.125284,-29.9521,0.29896,12.6017,0.196288,2.39027,0.0496363,-97.9328,7.17588,76.7563,52.4717,-7.06017,15.1273,35.053,0.0153144,0.354358,0.00752748,-2.53529,0.0475064,2.80251,-0.841413,-0.00224555,-0.000136054,-0.00119847,-0.00101728,-2.33054e-05,8.0955e-05,-0.00137716,
5.658,0,0,0,0,0,0,0,0,0,0,0,0,0,0,0,0,-0.0321462,0.999287,0.0193172,0,0.995677,0.0337011,-0.0864413,0,-0.0870323,0.0164552,-0.99607,0,0.431882,0.00982964,0.032172,1,0.236368,-29.9124,0.29896,12.6017,0.196288,2.39027,-0.0300145,58.1683,-87.9394,-23.9211,56.9205,-3.74763,-13.4802,-59.3627,0.0153072,0.354355,0.00752749,-2.53528,0.0475075,2.80251,-0.841404,-0.00269934,-3.87868e-05,-0.000855665,-0.00175853,9.57823e-05,0.000261442,0.00221628,
5.692,0,0,0,0,0,0,0,0,0,0,0,0,0,0,0,0,-0.0321692,0.999286,0.0193194,0,0.995676,0.0337242,-0.0864402,0,-0.0870316,0.0164554,-0.99607,0,0.431883,0.00983332,0.0321715,1,0.200663,-29.9521,0.223581,12.566,0.190794,2.38295,0.089004,44.4481,-106.531,-16.6191,-24.4075,-16.9435,-7.88112,61.6237,0.0153097,0.354358,0.00753254,-2.53528,0.0475047,2.80251,-0.841418,-0.000520374,0.000896337,0.000955103,0.000161386,0.000302918,0.00956958,0.00635295,
5.726,0,0,0,0,0,0,0,0,0,0,0,0,0,0,0,0,-0.0321644,0.999286,0.0193193,0,0.995677,0.0337193,-0.0864384,0,-0.0870298,0.0164559,-0.99607,0,0.431884,0.00983575,0.0321722,1,0.16099,-29.9521,0.223581,12.5263,0.202696,2.39668,-0.0236058,3.28516,-86.5777,-103.527,-99.2773,-15.5911,-6.75289,-26.7012,0.015315,0.354358,0.00753277,-2.53528,0.0475069,2.80251,-0.841409,3.53605e-05,0.000900971,0.000546173,0.000636499,-0.000130905,2.26897e-05,-0.00515181,
5.76,0,0,0,0,0,0,0,0,0,0,0,0,0,0,0,0,-0.0321573,0.999286,0.0193184,0,0.995677,0.0337122,-0.0864368,0,-0.0870281,0.0164557,-0.99607,0,0.431884,0.00983313,0.0321738,1,0.200663,-29.8767,0.263254,12.566,0.202696,2.40401,-0.00987293,37.0343,105.407,-93.7987,-58.9424,43.0573,23.1721,-41.6142,0.0153097,0.354353,0.00753204,-2.53528,0.0475054,2.80251,-0.841407,-0.000136993,0.000459728,0.00106042,0.000268258,-0.00414801,5.60007e-05,0.000999142,
5.794,0,0,0,0,0,0,0,0,0,0,0,0,0,0,0,0,-0.0321568,0.999286,0.0193187,0,0.995677,0.0337117,-0.0864377,0,-0.087029,0.016456,-0.99607,0,0.431883,0.00983195,0.0321732,1,0.16099,-29.9124,0.263254,12.566,0.190794,2.39027,0.0294947,-139.691,-6.88597,27.5581,62.9197,-24.933,-1.70471,-49.5161,0.0153096,0.354353,0.00752999,-2.53528,0.0475082,2.80251,-0.841411,0.000930859,0.000807657,0.00633108,-0.000428023,0.000339568,0.000368081,0.000195127,
5.828,0,0,0,0,0,0,0,0,0,0,0,0,0,0,0,0,-0.0321632,0.999286,0.0193191,0,0.995676,0.0337184,-0.0864489,0,-0.0870402,0.0164554,-0.996069,0,0.431879,0.00983161,0.0321688,1,0.200663,-29.9878,0.263254,12.6017,0.196288,2.39668,0.089004,23.517,-100.122,51.9597,152.053,2.0084,-0.681275,5.38564,0.0153097,0.354363,0.00752928,-2.53528,0.0475076,2.80251,-0.841418,0.000312402,0.0010665,-7.06025e-05,-0.00119957,7.57839e-05,-0.000132225,-0.00229845,
5.862,0,0,0,0,0,0,0,0,0,0,0,0,0,0,0,0,-0.0321575,0.999286,0.0193174,0,0.995677,0.0337123,-0.0864352,0,-0.0870264,0.0164547,-0.99607,0,0.431885,0.00983294,0.0321733,1,0.125284,-29.9124,0.29896,12.5263,0.190794,2.38295,0.00294445,-76.5788,-39.3649,87.7102,-26.87,6.00692,-0.174159,17.425,0.015315,0.354355,0.00752725,-2.53528,0.0475078,2.80251,-0.841408,0.000464355,0.000245998,-0.00309063,0.000231637,0.000391292,0.000314616,0.000863531,
5.896,0,0,0,0,0,0,0,0,0,0,0,0,0,0,0,0,-0.0321534,0.999287,0.019317,0,0.995677,0.0337082,-0.0864353,0,-0.0870264,0.0164546,-0.99607,0,0.431885,0.00982967,0.032174,1,0.200663,-29.8767,0.29896,12.5263,0.196288,2.39668,0.0294947,-14.5007,19.1096,56.4914,-67.187,2.04131,12.2368,-21.9211,0.0153094,0.354353,0.00752559,-2.53528,0.0475073,2.80251,-0.841411,0.000595606,-0.00119944,7.26302e-05,0.000288296,-0.000110733,-0.00023279,-0.00640698,
5.93,0,0,0,0,0,0,0,0,0,0,0,0,0,0,0,0,-0.0321623,0.999286,0.019319,0,0.995677,0.0337173,-0.0864412,0,-0.0870326,0.0164557,-0.99607,0,0.431882,0.00983199,0.0321718,1,0.236368,-29.9124,0.263254,12.566,0.190794,2.39027,0.056045,87.0565,-34.6994,-38.2102,-1.44078,-1.94876,-19.0545,43.0779,0.0153071,0.354356,0.00753212,-2.53528,0.047505,2.80251,-0.841414,-0.00121776,-0.000592414,0.00048237,-0.000383144,0.000197279,0.000151345,-0.00186011,
5.964,0,0,0,0,0,0,0,0,0,0,0,0,0,0,0,0,-0.0321563,0.999287,0.019317,0,0.995677,0.033711,-0.0864363,0,-0.0870275,0.0164543,-0.99607,0,0.431884,0.00983102,0.032173,1,0.236368,-29.9124,0.263254,12.5263,0.202696,2.38295,-0.00346424,136.241,107.435,-2.6967,-94.5813,3.67383,-15.1788,6.5396,0.0153072,0.354355,0.00752999,-2.53528,0.0475025,2.80251,-0.841407,-0.00177111,-2.83326e-05,0.000643302,0.000350517,-0.000199459,0.000410279,0.0012366,
5.998,0,0,0,0,0,0,0,0,0,0,0,0,0,0,0,0,-0.0321544,0.999287,0.0193179,0,0.995677,0.0337092,-0.0864349,0,-0.0870261,0.0164555,-0.99607,0,0.431885,0.00983298,0.0321735,1,0.16099,-29.9124,0.263254,12.5263,0.202696,2.39027,-0.0236058,-6.33937,50.3887,-116.852,-107.873,13.7132,-3.39897,-37.8449,0.0153118,0.354355,0.00752999,-2.53528,0.0475069,2.80251,-0.841405,0.000814489,-0.000203183,0.000331669,0.000301276,-0.000364021,0.000145491,0.00175138,
6.032,0,0,0,0,0,0,0,0,0,0,0,0,0,0,0,0,-0.0321599,0.999286,0.0193198,0,0.995677,0.0337149,-0.0864403,0,-0.0870317,0.0164567,-0.99607,0,0.431882,0.00983328,0.0321722,1,0.16099,-29.9124,0.223581,12.6017,0.190794,2.39027,0.0359034,-64.6138,-15.5242,-173.11,131.353,-9.06546,6.12417,-24.2276,0.0153094,0.354355,0.00753278,-2.53528,0.0475082,2.80251,-0.841412,0.00129233,-0.000807979,0.00252108,-0.00106631,0.000351985,0.00075505,0.000179735,
6.066,0,0,0,0,0,0,0,0,0,0,0,0,0,0,0,0,-0.0321615,0.999286,0.0193171,0,0.995677,0.0337161,-0.0864324,0,-0.0870237,0.0164542,-0.99607,0,0.431886,0.00983077,0.032174,1,0.200663,-29.9124,0.29896,12.4906,0.190794,2.38295,0.069778,34.7903,96.6989,82.6667,-79.4167,0.323196,-11.0391,16.2722,0.0153097,0.354355,0.00752733,-2.53528,0.0475046,2.80251,-0.841414,-0.00297369,-4.0762e-05,0.00184697,0.00143279,0.000122129,0.000385853,-0.00223532,
6.1,0,0,0,0,0,0,0,0,0,0,0,0,0,0,0,0,-0.0321572,0.999287,0.019316,0,0.995683,0.0337108,-0.0863725,0,-0.0869637,0.0164555,-0.996076,0,0.431901,0.00983455,0.0321865,1,0.16099,-29.6505,0.223581,12.5263,0.202696,2.25203,-0.00987293,-50.455,28.4469,-112.689,-15.354,16.7637,0.16951,-13.1796,0.0153125,0.354332,0.00753277,-2.53528,0.0475064,2.80255,-0.841403,-0.000411459,-5.80055e-05,0.00136149,0.000228047,-0.000268739,0.000218787,0.0101738,
