0.001,0,0,0,0,0,0,0,0,0,0,0,0,0,0,0,0,0.0157087,0.999699,0.0183368,0,0.996532,-0.0141571,-0.081879,0,-0.0815963,0.0195598,-0.996474,0,0.445227,-0.0114594,0.0593368,1,0.498209,-28.75,0.374338,13.0024,0.0818467,1.91328,-0.129807,92.535,39.5143,-45.9643,82.3977,8.02732,-7.00521,21.1515,-0.0368596,0.293784,0.00944074,-2.51173,0.035827,2.72305,-0.831485,-0.00287237,7.27582e-05,-0.00160411,-0.000720284,-3.4844e-06,9.89397e-05,-0.00016996,
0.035,0,0,0,0,0,0,0,0,0,0,0,0,0,0,0,0,0.01606,0.999694,0.018289,0,0.996525,-0.0145107,-0.0819045,0,-0.0816156,0.0195412,-0.996472,0,0.445215,-0.0116279,0.0593272,1,0.684672,-28.9761,0.671885,13.0381,0.0818467,1.94075,-0.155442,-208.013,-119.119,-21.3952,-32.5429,2.75882,12.5746,2.06974,-0.0370529,0.293803,0.00927696,-2.51173,0.0358248,2.72305,-0.831482,-0.00233675,0.00141855,-0.00452972,0.000715124,-5.94334e-05,-0.000280823,0.00132245,
0.069,0,0,0,0,0,0,0,0,0,0,0,0,0,0,0,0,0.0160949,0.999694,0.0182669,0,0.996524,-0.0145472,-0.0819117,0,-0.0816225,0.0195221,-0.996472,0,0.445206,-0.0116508,0.0593304,1,0.311747,-28.6746,0.374338,13.0777,0.0763536,1.94807,-0.0959325,-87.368,96.6574,-123.602,-7.97133,-10.2024,23.9101,-17.9572,-0.0370157,0.293779,0.00919851,-2.51175,0.0358255,2.72304,-0.831485,0.00592759,-0.00041913,0.00696815,-0.00113344,0.000394766,-0.000375343,-0.000924681,
0.103,0,0,0,0,0,0,0,0,0,0,0,0,0,0,0,0,0.0155776,0.999701,0.0183499,0,0.996532,-0.0140249,-0.0818995,0,-0.0816192,0.0195624,-0.996472,0,0.445219,-0.0113991,0.0593305,1,0.0142004,-28.8253,0.037119,12.9309,0.0882554,1.88582,-0.103257,56.1947,-12.3244,-59.1041,-135.977,16.0672,-11.0416,-33.3038,-0.0367791,0.293789,0.00948863,-2.51174,0.0358232,2.72305,-0.831486,0.00493788,0.00499169,0.0107957,0.000272106,-0.000457921,-5.88131e-05,-0.000190297,
0.137,0,0,0,0,0,0,0,0,0,0,0,0,0,0,0,0,0.0155354,0.999701,0.0183655,0,0.996533,-0.0139817,-0.0818987,0,-0.081619,0.0195746,-0.996471,0,0.445219,-0.0113765,0.059331,1,0.200663,-28.75,0.263254,13.0024,0.0763536,1.88582,-0.0831151,-115.307,15.6211,86.3943,52.9167,-13.5937,-17.5359,23.3548,-0.0367876,0.293787,0.00954062,-2.51174,0.0358245,2.72305,-0.831488,0.000830627,-0.00148302,0.000380575,-0.00066998,0.000274575,0.000252953,-0.00243289,
0.171,0,0,0,0,0,0,0,0,0,0,0,0,0,0,0,0,0.015609,0.9997,0.018358,0,0.996532,-0.0140558,-0.0818913,0,-0.0816103,0.019573,-0.996472,0,0.445221,-0.0114107,0.0593349,1,0.236368,-28.7143,0.223581,12.9309,0.0763536,1.91328,-0.0767064,42.9306,-191.862,-21.8518,-160.038,-2.5791,20.4729,56.0299,-0.0368304,0.29378,0.00951087,-2.51174,0.0358279,2.72304,-0.831489,-0.0013181,0.00267589,0.000343027,0.000804458,7.1139e-05,-0.000141607,-0.00148074,
0.205,0,0,0,0,0,0,0,0,0,0,0,0,0,0,0,0,0.01567,0.999699,0.0183533,0,0.996529,-0.0141164,-0.081918,0,-0.0816358,0.0195736,-0.99647,0,0.44521,-0.0114349,0.0593251,1,0.458536,-28.8611,0.374338,13.0777,0.0763536,1.91969,-0.122483,38.3735,-58.2364,-115.372,255.796,-0.847404,5.52265,28.5375,-0.0368674,0.293795,0.00949507,-2.51175,0.035828,2.72304,-0.831481,-0.00430415,0.000978112,0.000550627,-0.00161418,9.64143e-05,-0.000270693,0.000543661,
0.239,0,0,0,0,0,0,0,0,0,0,0,0,0,0,0,0,0.0157875,0.999698,0.0183254,0,0.996528,-0.0142359,-0.0819145,0,-0.0816305,0.0195554,-0.996471,0,0.445211,-0.0114953,0.0593272,1,0.387125,-28.8253,0.410044,13.0024,0.0882554,1.94075,-0.116074,-1.17503,43.7332,30.1624,-11.0823,23.4082,-3.69451,19.8523,-0.0368938,0.293792,0.00939882,-2.51175,0.0358278,2.72304,-0.831481,0.000815883,-0.000619718,-0.000840339,0.00197451,-0.000265491,-5.98523e-05,-0.000649915,
0.273,0,0,0,0,0,0,0,0,0,0,0,0,0,0,0,0,0.0157048,0.999699,0.0183346,0,0.996529,-0.0141527,-0.0819147,0,-0.0816321,0.0195578,-0.996471,0,0.445212,-0.0114548,0.0593271,1,0.125284,-28.8253,0.223581,12.9667,0.0882554,1.94075,-0.169175,-146.496,-21.8495,80.3794,-171.424,8.40326,33.3364,-33.205,-0.0368467,0.293792,0.00943743,-2.51175,0.035823,2.72304,-0.831476,0.00319174,-0.000233812,-0.000907479,-0.00493174,-0.000346418,-0.000183236,0.00216492,
0.307,0,0,0,0,0,0,0,0,0,0,0,0,0,0,0,0,0.0157674,0.999698,0.0183292,0,0.996528,-0.0142155,-0.081916,0,-0.0816322,0.0195575,-0.996471,0,0.44521,-0.0114993,0.0593256,1,0.609293,-28.8611,0.449717,13.0381,0.112059,1.91328,0.0954127,80.672,-17.5852,-21.818,72.2327,6.94624,15.7961,76.4592,-0.0369121,0.293795,0.00940709,-2.51175,0.0358251,2.72304,-0.83151,-0.00653592,-0.00053946,-0.00150292,-0.00125021,-0.000805586,0.000447843,-0.0051664,
0.341,0,0,0,0,0,0,0,0,0,0,0,0,0,0,0,0,0.0160637,0.999694,0.0182709,0,0.996528,-0.0145167,-0.0818625,0,-0.0815738,0.0195229,-0.996476,0,0.445235,-0.0116597,0.0593401,1,0.756083,-28.8611,0.671885,12.8199,0.106566,1.91328,-0.00987293,163.343,62.4325,14.6593,-44.461,-2.912,24.5491,32.0518,-0.0370427,0.293795,0.00920632,-2.51169,0.0358213,2.72305,-0.831532,-0.00405499,0.000673072,-0.00216015,-0.00299469,-4.76938e-05,-0.000704402,-4.02551e-05,
0.375,0,0,0,0,0,0,0,0,0,0,0,0,0,0,0,0,0.0161065,0.999694,0.0182619,0,0.996526,-0.0145598,-0.0818774,0,-0.081588,0.0195176,-0.996475,0,0.445227,-0.0116826,0.0593355,1,0.609293,-28.9007,0.636179,12.8952,0.100157,1.90596,0.0230861,-246.264,-91.3991,28.2258,11.4492,-3.95757,-7.71426,35.5174,-0.0370564,0.293798,0.00917276,-2.51171,0.0358217,2.72305,-0.831535,0.0026978,0.000148515,0.000898392,-0.000405873,-0.000106542,0.000320578,-0.00178977,
0.411,0,0,0,0,0,0,0,0,0,0,0,0,0,0,0,0,0.016013,0.999695,0.0182759,0,0.996527,-0.0144652,-0.0818872,0,-0.0815995,0.019524,-0.996474,0,0.445221,-0.0116354,0.0593356,1,0.458536,-28.75,0.560801,13.0024,0.100157,1.94807,-0.00346424,94.1519,200.076,188.772,-20.6745,-1.6795,-24.6757,-9.78781,-0.0370055,0.293787,0.00922086,-2.51172,0.0358221,2.72304,-0.831532,0.000957298,-0.00199748,0.00112439,-0.000296077,-0.000177966,-6.85925e-05,0.000205659,
0.445,0,0,0,0,0,0,0,0,0,0,0,0,0,0,0,0,0.0158137,0.999698,0.0183029,0,0.996529,-0.0142642,-0.0818927,0,-0.0816084,0.0195348,-0.996473,0,0.445223,-0.0115394,0.0593312,1,0.276041,-28.9364,0.334665,12.8952,0.0937486,1.91969,0.00294445,-5.83977,-153.585,34.3455,-217.299,-10.8734,8.36719,42.7818,-0.0368951,0.2938,0.00931352,-2.51172,0.0358224,2.72304,-0.831533,0.00489489,0.00148065,0.000646674,0.00157865,6.66147e-05,-1.814e-05,-0.00105983,
0.479,0,0,0,0,0,0,0,0,0,0,0,0,0,0,0,0,0.015665,0.999699,0.0183414,0,0.99653,-0.0141125,-0.0819123,0,-0.0816304,0.0195612,-0.996471,0,0.445217,-0.0114495,0.0593266,1,0.200663,-28.9364,0.223581,13.0381,0.0882554,1.96821,-0.162766,29.8684,-34.945,76.4617,-10.0048,-1.15228,27.3524,-50.1329,-0.0368491,0.293802,0.00945028,-2.51173,0.0358241,2.72304,-0.831507,0.000152617,8.59017e-05,0.00134343,-0.000369524,0.000153107,-0.000930941,0.00355873,
0.513,0,0,0,0,0,0,0,0,0,0,0,0,0,0,0,0,0.0157153,0.999699,0.0183361,0,0.996521,-0.0141612,-0.0820075,0,-0.0817247,0.0195615,-0.996463,0,0.44517,-0.0114683,0.0593026,1,0.311747,-28.9364,0.334665,13.0024,0.0937486,1.96821,-0.142624,3.23446,82.347,-35.6171,2.01611,14.8778,-17.9325,-10.7766,-0.0368726,0.293806,0.00943075,-2.51181,0.0358224,2.72302,-0.831498,0.000913041,-0.000279812,0.000304966,-0.00186321,-0.000286476,9.94066e-06,0.00132391,
0.547,0,0,0,0,0,0,0,0,0,0,0,0,0,0,0,0,0.0156915,0.999699,0.0183409,0,0.996515,-0.0141354,-0.0820938,0,-0.0818114,0.0195655,-0.996456,0,0.445127,-0.0114591,0.059275,1,0.236368,-29.1626,0.187876,13.2245,0.0937486,1.96181,-0.0629735,29.1482,-70.7339,-47.46,31.231,-13.1307,4.85147,4.90787,-0.0368652,0.293827,0.00943996,-2.51188,0.0358228,2.72303,-0.831508,0.000557472,0.000901758,0.00128141,-0.000958791,-4.69941e-05,6.24075e-05,-0.000823668,
0.581,0,0,0,0,0,0,0,0,0,0,0,0,0,0,0,0,0.0155795,0.9997,0.0183607,0,0.996517,-0.0140224,-0.0820815,0,-0.081801,0.0195759,-0.996456,0,0.445134,-0.0113998,0.0592767,1,0.236368,-29.1269,0.112497,13.1491,0.0882554,1.93342,-0.136216,172.371,124.935,-33.9402,65.7142,-5.47286,-14.2336,-47.1156,-0.0368113,0.293829,0.00951032,-2.51187,0.0358241,2.72303,-0.831499,-0.00108545,-0.00104017,0.00620316,0.00199841,0.000272527,0.000372016,0.00146913,
0.615,0,0,0,0,0,0,0,0,0,0,0,0,0,0,0,0,0.0153724,0.999703,0.018393,0,0.99652,-0.0138131,-0.0820899,0,-0.081813,0.0195913,-0.996455,0,0.445135,-0.0113015,0.0592712,1,-0.0215052,-29.2737,-0.0382594,13.1134,0.0882554,1.92702,-0.0767064,-75.0564,-82.4585,3.89245,69.6121,-16.9855,-1.30528,7.64965,-0.0367157,0.293845,0.00962051,-2.51186,0.0358234,2.72303,-0.831505,0.00612081,0.00075327,0.000385409,-0.00103342,0.00024855,-0.000112501,-0.000533811,
0.649,0,0,0,0,0,0,0,0,0,0,0,0,0,0,0,0,0.0152378,0.999705,0.0184151,0,0.996522,-0.0136773,-0.0820838,0,-0.0818093,0.0196022,-0.996455,0,0.44514,-0.0112362,0.0592753,1,-0.24764,-29.1626,-0.224722,13.1134,0.100157,1.97554,-0.0767064,-236.588,-34.2747,1.43906,-130.953,-9.66452,-6.90293,33.4777,-0.0366576,0.293838,0.00969863,-2.51186,0.0358217,2.72303,-0.831505,0.00134618,6.56344e-05,0.000682641,2.1672e-05,-0.000123512,0.000148284,-0.00110119,
0.683,0,0,0,0,0,0,0,0,0,0,0,0,0,0,0,0,0.0151223,0.999706,0.0184371,0,0.996522,-0.01356,-0.0821019,0,-0.0818293,0.0196149,-0.996453,0,0.445135,-0.0111797,0.0592707,1,-0.319052,-29.2379,-0.264395,13.1491,0.0937486,1.99568,-0.0895238,-113.492,21.6371,-42.7227,59.5713,5.19762,17.2502,37.509,-0.0366132,0.293844,0.00977096,-2.51186,0.0358225,2.72302,-0.831508,0.00249614,-0.000113079,0.00205252,-0.000371958,0.000154997,-0.000186026,-0.000980332,
0.717,0,0,0,0,0,0,0,0,0,0,0,0,0,0,0,0,0.0152054,0.999705,0.0184273,0,0.996522,-0.013644,-0.0820844,0,-0.0818103,0.0196117,-0.996455,0,0.445141,-0.0112183,0.0592766,1,0.049906,-29.1269,-0.00255384,13.0777,0.100157,1.96821,-0.122483,39.6229,-7.29346,-54.0304,-216.509,8.70186,-11.7066,-4.11393,-0.0366645,0.293836,0.00974003,-2.51186,0.0358217,2.72302,-0.831505,-0.000794549,0.000445133,-0.00057604,-0.000352847,-2.04081e-05,0.000266835,0.00165201,
0.751,0,0,0,0,0,0,0,0,0,0,0,0,0,0,0,0,0.0153186,0.999703,0.0184182,0,0.996519,-0.0137572,-0.0821004,0,-0.0818242,0.0196122,-0.996454,0,0.445134,-0.0112751,0.0592714,1,0.049906,-29.2379,0.037119,13.1491,0.100157,1.97554,-0.0236058,-29.4337,-86.7542,161.237,55.8877,13.8461,29.7455,-13.4116,-0.036748,0.293843,0.00970089,-2.51186,0.0358249,2.72302,-0.831516,-0.000941201,0.00105924,-0.00115815,-0.000558856,-0.00013097,-0.000314943,-0.000150073,
0.784,0,0,0,0,0,0,0,0,0,0,0,0,0,0,0,0,0.0152636,0.999704,0.0184224,0,0.996519,-0.0137018,-0.0821132,0,-0.081838,0.019612,-0.996453,0,0.445129,-0.0112513,0.0592676,1,-0.061178,-29.2737,-0.149343,13.1849,0.100157,1.98195,-0.0171971,-70.0962,-21.4479,-155.462,-48.3763,10.3427,-15.7297,74.6203,-0.0367133,0.293847,0.00971708,-2.51187,0.0358219,2.72302,-0.831518,0.00233088,0.000677508,0.00256142,9.20519e-05,-9.9993e-05,0.000410873,-0.00155631,
0.819,0,0,0,0,0,0,0,0,0,0,0,0,0,0,0,0,0.0151786,0.999705,0.0184288,0,0.996522,-0.0136168,-0.0820986,0,-0.0818251,0.0196112,-0.996454,0,0.445135,-0.0112091,0.0592689,1,-0.172262,-29.2379,-0.224722,13.1134,0.0937486,1.91969,-0.0831151,-26.8515,76.0799,73.6573,-13.1432,-28.3746,24.034,12.7881,-0.0366448,0.293849,0.00974056,-2.51186,0.0358235,2.72303,-0.831513,0.00137545,-0.000722698,0.00148141,0.000614084,0.000409621,-0.000336256,0.00106969,
0.853,0,0,0,0,0,0,0,0,0,0,0,0,0,0,0,0,0.0150183,0.999707,0.0184551,0,0.996528,-0.0134559,-0.0820493,0,-0.0817785,0.0196237,-0.996457,0,0.445156,-0.0111402,0.0592831,1,-0.358724,-29.0515,-0.375479,12.9309,0.13037,1.87849,0.0432277,-139.6,277.147,7.60778,-121.021,18.5428,-4.11321,53.0315,-0.0365926,0.293834,0.00983228,-2.51184,0.0358216,2.72304,-0.831531,0.00232364,-0.00226945,0.000517388,0.0028896,-0.000458972,-8.09526e-05,-0.00180076,
0.887,0,0,0,0,0,0,0,0,0,0,0,0,0,0,0,0,0.0148536,0.999709,0.018479,0,0.99653,-0.0132898,-0.082047,0,-0.0817792,0.0196339,-0.996457,0,0.445159,-0.011062,0.0592808,1,-0.434103,-29.1626,-0.486563,13.0024,0.13037,1.85103,0.0359034,-155.791,-6.30785,-48.1122,64.8466,-8.05053,-6.95861,27.8115,-0.0365147,0.293842,0.00991869,-2.51184,0.0358183,2.72305,-0.831532,0.00411333,-0.000832176,0.000537554,-0.000330368,5.20114e-05,0.00054247,-0.00289169,
0.921,0,0,0,0,0,0,0,0,0,0,0,0,0,0,0,0,0.0147747,0.99971,0.0184931,0,0.996531,-0.0132099,-0.0820535,0,-0.081787,0.0196416,-0.996456,0,0.445158,-0.0110222,0.0592795,1,-0.469808,-29.1983,-0.561941,13.0024,0.136778,1.89223,-0.0236058,-40.4006,-74.732,-74.7026,39.7439,-2.55847,18.5675,18.5009,-0.0364822,0.293844,0.00996852,-2.51184,0.0358172,2.72304,-0.83153,0.000456274,0.000649947,0.00354949,-0.00513003,0.000180004,-0.000476744,-7.7964e-05,
0.955,0,0,0,0,0,0,0,0,0,0,0,0,0,0,0,0,0.0147587,0.99971,0.0184982,0,0.996529,-0.0131929,-0.0820827,0,-0.0818164,0.0196458,-0.996454,0,0.445146,-0.0110115,0.0592722,1,-0.469808,-29.2379,-0.526235,13.1491,0.136778,1.91969,-0.0767064,42.629,103.796,-20.029,103.263,-2.92508,-22.4632,-22.9858,-0.0364818,0.293849,0.00998863,-2.51185,0.0358144,2.72303,-0.831524,-0.000240029,-0.000700258,-0.000513327,-0.000648536,-1.2694e-05,0.000195186,0.00115036,
0.989,0,0,0,0,0,0,0,0,0,0,0,0,0,0,0,0,0.0148085,0.99971,0.0184948,0,0.996528,-0.0132428,-0.0820846,0,-0.0818174,0.0196465,-0.996454,0,0.445146,-0.0110379,0.0592723,1,-0.207968,-29.2737,-0.375479,13.1134,0.123961,1.95448,0.00935314,192.426,20.5706,97.6938,55.3377,-8.85006,2.79154,56.9804,-0.0365196,0.29385,0.00996961,-2.51185,0.035818,2.72303,-0.831534,-0.00181174,4.36366e-05,-0.00410905,0.000344219,0.00034215,-0.000373627,-0.00102956,
1.023,0,0,0,0,0,0,0,0,0,0,0,0,0,0,0,0,0.0148424,0.999709,0.0184887,0,0.996525,-0.0132766,-0.0821116,0,-0.0818438,0.0196436,-0.996452,0,0.445138,-0.011054,0.0592626,1,-0.172262,-29.4641,-0.339773,13.1134,0.142272,1.96181,-0.00346424,83.8147,24.5519,-4.98286,-75.4916,26.0225,17.0076,56.1608,-0.0365318,0.29387,0.00994785,-2.51185,0.0358169,2.72302,-0.831532,-0.00129898,0.00139521,0.000139815,0.000355914,-0.000579613,-0.000269612,0.00170757,
1.057,0,0,0,0,0,0,0,0,0,0,0,0,0,0,0,0,0.0148716,0.999709,0.018484,0,0.996527,-0.0133067,-0.0820794,0,-0.0818112,0.0196408,-0.996454,0,0.445149,-0.0110663,0.059271,1,-0.172262,-29.2379,-0.3001,12.9667,0.123961,1.90596,-0.0565648,-4.62242,249.497,-15.2681,-128.814,-17.8326,9.28485,-7.52935,-0.0365464,0.29386,0.00993737,-2.51184,0.0358158,2.72304,-0.831526,-0.00214553,-0.00176612,-0.00198571,0.00180426,0.000346165,2.51032e-05,0.000603935,
1.091,0,0,0,0,0,0,0,0,0,0,0,0,0,0,0,0,0.0148744,0.999709,0.0184841,0,0.996528,-0.0133098,-0.082065,0,-0.0817967,0.019641,-0.996455,0,0.445156,-0.0110655,0.0592762,1,-0.283346,-29.1983,-0.339773,12.9667,0.13037,1.91328,-0.0565648,-92.3965,95.2714,49.7178,4.55332,-5.22114,20.7366,-34.6266,-0.0365432,0.293854,0.00993648,-2.51183,0.0358183,2.72303,-0.831523,-0.00322322,-0.000898202,0.000586809,-0.000248794,-3.02727e-05,-0.000410124,0.000225931,
1.125,0,0,0,0,0,0,0,0,0,0,0,0,0,0,0,0,0.0148462,0.999709,0.0184857,0,0.996527,-0.013281,-0.0820879,0,-0.0818201,0.0196406,-0.996454,0,0.44515,-0.0110578,0.0592652,1,-0.283346,-29.4641,-0.375479,12.9667,0.136778,1.89955,0.00935314,-23.2799,16.5422,-13.4474,-26.8275,7.99787,8.37657,44.0665,-0.0365304,0.293879,0.00994003,-2.51183,0.0358162,2.72304,-0.831534,-0.00169324,-0.000993728,0.000471364,0.00111784,-0.00013371,0.00933061,-0.00163331,
1.159,0,0,0,0,0,0,0,0,0,0,0,0,0,0,0,0,0.0148596,0.999709,0.0184849,0,0.996528,-0.0132948,-0.0820705,0,-0.0818025,0.0196406,-0.996455,0,0.445155,-0.0110606,0.059272,1,-0.24764,-29.2737,-0.375479,12.9309,0.142272,1.88582,-0.0565648,41.9305,-52.7648,-8.75215,-77.1947,27.563,-7.36393,2.11006,-0.0365359,0.293865,0.0099397,-2.51183,0.0358169,2.72304,-0.831526,-1.49117e-05,0.000526738,1.09362e-05,0.00271282,-0.000451058,7.7782e-05,0.000480985,
1.193,0,0,0,0,0,0,0,0,0,0,0,0,0,0,0,0,0.0148136,0.99971,0.0184907,0,0.99653,-0.0132488,-0.0820539,0,-0.0817866,0.0196425,-0.996456,0,0.445162,-0.0110395,0.0592743,1,-0.434103,-29.3133,-0.486563,12.8952,0.13037,1.8437,-0.0300145,-17.9726,35.7741,12.5312,26.6367,-6.80153,-27.138,32.6788,-0.0365102,0.293867,0.00995919,-2.51182,0.0358183,2.72305,-0.831529,0.00150073,0.000514314,0.000743866,-0.000794046,0.000199478,0.000375592,-0.00122115,
1.227,0,0,0,0,0,0,0,0,0,0,0,0,0,0,0,0,0.0147889,0.99971,0.0184949,0,0.996533,-0.0132244,-0.0820277,0,-0.0817609,0.0196442,-0.996458,0,0.445176,-0.0110281,0.0592817,1,-0.39443,-29.2737,-0.526235,12.8199,0.13037,1.83729,0.00294445,73.4747,90.9032,-15.7849,93.7293,-14.4759,-5.39595,21.6389,-0.0365013,0.293864,0.00997477,-2.5118,0.0358183,2.72305,-0.83153,-4.25804e-05,-0.00135639,0.00096304,-0.000216607,0.000215463,-5.50516e-05,-0.000650417,
1.261,0,0,0,0,0,0,0,0,0,0,0,0,0,0,0,0,0.0147697,0.99971,0.0184959,0,0.996539,-0.0132066,-0.081955,0,-0.0816886,0.0196427,-0.996464,0,0.44522,-0.0110209,0.0592982,1,-0.505514,-29.4998,-0.561941,12.9667,0.13037,1.8437,-0.0236058,-105.606,-204.078,-51.2452,-49.9549,-15.6533,1.33871,12.6986,-0.0364903,0.293881,0.00998163,-2.51171,0.035818,2.72305,-0.83153,0.00145049,0.00192636,0.000525277,0.00582197,0.000340176,-0.000373861,-0.00104124,
1.295,0,0,0,0,0,0,0,0,0,0,0,0,0,0,0,0,0.0146989,0.999711,0.0185062,0,0.996549,-0.0131373,-0.081844,0,-0.0815788,0.0196458,-0.996473,0,0.445273,-0.0109901,0.0593285,1,-0.580892,-29.3133,-0.712698,12.566,0.123961,1.78877,-0.00346424,9.07512,-9.67956,-183.615,62.0333,-33.3515,-3.91462,9.16935,-0.0364681,0.293865,0.0100264,-2.51163,0.0358155,2.72307,-0.831532,-0.00677206,-0.000250127,0.00454944,0.00358873,0.000618241,0.000315579,-0.00116273,
1.329,0,0,0,0,0,0,0,0,0,0,0,0,0,0,0,0,0.0146613,0.999711,0.0185139,0,0.996558,-0.0131013,-0.0817434,0,-0.0814788,0.019649,-0.996481,0,0.445334,-0.0109711,0.0593501,1,-0.580892,-29.6148,-0.637319,12.4549,0.136778,1.77504,-0.0364232,13.8472,-95.5777,147.122,-96.418,20.9376,-2.76208,-73.3393,-0.0364552,0.293893,0.0100561,-2.51151,0.0358172,2.72307,-0.831528,0.00300103,0.00142278,0.00148456,0.00599628,6.72014e-06,-2.82785e-05,0.000394278,
1.363,0,0,0,0,0,0,0,0,0,0,0,0,0,0,0,0,0.0146576,0.999712,0.0185118,0,0.996563,-0.013099,-0.0816792,0,-0.0814148,0.0196458,-0.996487,0,0.445371,-0.0109737,0.0593643,1,-0.505514,-29.5752,-0.601614,12.3835,0.142272,1.76131,-0.00987293,15.4099,-4.91241,122.907,-31.0857,16.9042,8.09943,-22.886,-0.0364573,0.293906,0.0100549,-2.51144,0.0358138,2.72308,-0.831531,-0.00130262,-0.000142903,-0.000463935,-0.0009753,-0.000207192,4.43628e-05,-7.91451e-05,
1.397,0,0,0,0,0,0,0,0,0,0,0,0,0,0,0,0,0.0147063,0.999711,0.0185069,0,0.996564,-0.0131482,-0.0816637,0,-0.0813984,0.0196446,-0.996488,0,0.445376,-0.0109934,0.0593674,1,-0.358724,-29.5395,-0.561941,12.3081,0.142272,1.73292,-0.0693822,14.8655,24.809,-229.165,44.0497,3.94038,-23.5773,-21.0913,-0.0364867,0.293903,0.0100423,-2.51143,0.0358134,2.72309,-0.831523,-0.00315175,0.000435186,-0.000567343,0.000444633,-8.86855e-05,0.000427971,0.00163029,
1.431,0,0,0,0,0,0,0,0,0,0,0,0,0,0,0,0,0.0147589,0.99971,0.0185015,0,0.99657,-0.0132028,-0.0815785,0,-0.0813121,0.0196424,-0.996495,0,0.445433,-0.0110205,0.0593597,1,0.0142004,-29.9521,-0.00255384,13.1491,0.154173,1.92702,0.00935314,-80.6104,-199.75,24.1479,39.3109,0.113998,25.3804,40.6211,-0.0365212,0.294015,0.0100226,-2.5113,0.0358189,2.72315,-0.831529,4.58075e-05,0.0146163,0.00497967,0.0137885,0.00905694,0.00674658,-0.00030407,
1.465,0,0,0,0,0,0,0,0,0,0,0,0,0,0,0,0,0.0146993,0.999711,0.0185272,0,0.996606,-0.0131498,-0.0811444,0,-0.0808789,0.0196574,-0.99653,0,0.445835,-0.0109893,0.0593738,1,0.049906,-30.6265,0.112497,13.5498,0.154173,2.11378,-0.0300145,-96.9999,-89.4867,-118.084,35.6109,-4.37796,-4.43582,-16.1891,-0.0365411,0.294614,0.010122,-2.51028,0.0358157,2.72317,-0.831505,0.000803101,0.025725,0.00288169,0.0405311,0.000247593,-0.00514578,0.00319802,
1.499,0,0,0,0,0,0,0,0,0,0,0,0,0,0,0,0,0.0146979,0.99971,0.0185454,0,0.996646,-0.0131568,-0.0806468,0,-0.080381,0.019669,-0.99657,0,0.446395,-0.0110031,0.0593502,1,0.422831,-30.44,0.374338,13.3673,0.14868,2.0442,0.0230861,26.4458,-96.6628,-9.00424,-13.9472,4.11571,-22.5885,43.4776,-0.0365927,0.295596,0.0101668,-2.50877,0.0358163,2.72313,-0.831511,-0.00205257,0.0283744,0.0017314,0.0490357,-2.04336e-06,-0.00549548,-0.000135812,
1.533,0,0,0,0,0,0,0,0,0,0,0,0,0,0,0,0,0.0148001,0.999709,0.0185544,0,0.996698,-0.0132709,-0.0799908,0,-0.0797228,0.0196774,-0.996623,0,0.447184,-0.0110719,0.059292,1,0.573588,-30.6265,0.525095,13.3673,0.142272,2.01674,0.0496363,109.337,121.863,67.2899,-51.3468,-10.9875,3.75774,43.227,-0.036706,0.297063,0.0101677,-2.50659,0.035817,2.72308,-0.831515,-0.00587536,0.0486907,-0.000326873,0.0631737,-7.87038e-05,-0.000328829,-0.00850942,
1.567,0,0,0,0,0,0,0,0,0,0,0,0,0,0,0,0,0.0148805,0.999707,0.0185711,0,0.996749,-0.0133628,-0.079328,0,-0.0790582,0.0196916,-0.996675,0,0.448157,-0.0111685,0.0592096,1,0.609293,-30.6265,0.636179,13.2602,0.184386,1.98195,0.109146,56.5123,-145.622,31.0058,-118.413,-13.0035,-2.72993,51.6267,-0.0368603,0.298932,0.010156,-2.50379,0.0358044,2.72281,-0.831581,-0.00561833,0.054749,0.000784237,0.0936871,-4.33887e-05,-0.0096268,-0.00532367,
1.601,0,0,0,0,0,0,0,0,0,0,0,0,0,0,0,0,0.0147827,0.999708,0.0186075,0,0.99682,-0.0132799,-0.0784464,0,-0.0781779,0.0197083,-0.996745,0,0.449386,-0.011202,0.0591878,1,0.347452,-30.7019,0.449717,13.407,0.221007,1.91328,0.0761866,9.54624,94.3351,34.1409,48.639,-0.669339,21.8277,-47.1207,-0.0368943,0.301041,0.0101726,-2.50032,0.0357988,2.72233,-0.831679,0.000876408,0.0624006,-0.00047566,0.118606,2.053e-05,-0.0157061,0.00125121,
1.634,0,0,0,0,0,0,0,0,0,0,0,0,0,0,0,0,0.0147893,0.999707,0.0186468,0,0.996882,-0.0132991,-0.0776506,0,-0.0773813,0.0197375,-0.996806,0,0.450816,-0.0112481,0.0591779,1,0.276041,-30.6622,0.449717,13.1849,0.214598,1.85744,0.0761866,-40.8738,-107.54,144.213,-32.2698,11.3232,-3.15631,-13.8745,-0.0369116,0.303493,0.0101525,-2.49614,0.0357961,2.7214,-0.83169,0.00543112,0.0804317,-0.0021874,0.138961,8.13404e-06,-0.0333274,0.00114117,
1.668,0,0,0,0,0,0,0,0,0,0,0,0,0,0,0,0,0.0148289,0.999706,0.0186826,0,0.996955,-0.0133547,-0.0767011,0,-0.0764305,0.0197635,-0.996879,0,0.452489,-0.0113373,0.0590733,1,0.644999,-30.7773,0.862314,13.1491,0.214598,1.74757,0.0761866,-162.157,-22.7585,67.3762,-14.3465,-11.858,-10.3881,-11.6107,-0.0369775,0.30663,0.0101039,-2.4912,0.0357934,2.72055,-0.831744,-0.00306751,0.10104,-0.00164742,0.155032,0.000121429,-0.0230335,-0.00832358,
1.702,0,0,0,0,0,0,0,0,0,0,0,0,0,0,0,0,0.0149091,0.999704,0.0187177,0,0.997046,-0.0134559,-0.0754976,0,-0.0752249,0.0197884,-0.99697,0,0.45445,-0.0115008,0.0588052,1,0.795756,-30.9994,0.89802,13.2602,0.209105,1.69173,0.0230861,133.165,-1.87382,-61.6158,-81.0199,-9.59098,-17.1658,-39.3569,-0.0371758,0.310713,0.0100461,-2.48539,0.0357903,2.72003,-0.831902,-0.0050308,0.136612,0.000256446,0.187381,-6.85174e-05,-0.01348,-0.00244571,
1.736,0,0,0,0,0,0,0,0,0,0,0,0,0,0,0,0,0.0150377,0.999701,0.0187506,0,0.997145,-0.0136086,-0.0741406,0,-0.0738648,0.0198124,-0.997071,0,0.456813,-0.0116775,0.0584052,1,0.90684,-31.0748,1.04878,12.7842,0.190794,1.55348,0.0432277,29.4979,-49.5439,-32.5796,-128.583,-6.38935,-2.1457,-90.7928,-0.0373438,0.315867,0.00995567,-2.47827,0.0357909,2.71942,-0.832016,-0.00404223,0.172256,-0.00464751,0.22664,-0.000118485,-0.0132789,-0.00364973,
1.77,0,0,0,0,0,0,0,0,0,0,0,0,0,0,0,0,0.0148195,0.999703,0.0188369,0,0.997249,-0.0134119,-0.072771,0,-0.0724982,0.0198639,-0.997171,0,0.459627,-0.0118064,0.0578162,1,0.795756,-30.6622,0.89802,12.7842,0.232909,1.47108,0.109146,21.1902,17.1103,-76.2653,-23.2152,-10.8883,-1.87521,-31.394,-0.0374582,0.322361,0.00992845,-2.46955,0.035783,2.71856,-0.832356,-0.00384019,0.207597,-0.00498435,0.265499,-0.00013985,-0.0327383,-0.0149713,
1.804,0,0,0,0,0,0,0,0,0,0,0,0,0,0,0,0,0.0146629,0.999704,0.0189232,0,0.99736,-0.0132798,-0.0712534,0,-0.0709823,0.0199184,-0.997279,0,0.462721,-0.0118839,0.0570747,1,0.609293,-31.0391,0.862314,13.0777,0.232909,1.46376,0.102737,-32.6526,5.24311,5.64709,-171.992,-18.0684,0.2802,-56.1514,-0.0374753,0.329747,0.00992954,-2.45991,0.035783,2.71782,-0.83252,0.00126137,0.231599,0.000981999,0.30055,0.000571019,-0.0203997,-0.00117968,
1.838,0,0,0,0,0,0,0,0,0,0,0,0,0,0,0,0,0.0145956,0.999703,0.0190166,0,0.997488,-0.0132422,-0.069451,0,-0.0691799,0.0199828,-0.997404,0,0.466291,-0.0119504,0.0563036,1,0.422831,-31.6024,0.636179,12.4549,0.239317,1.33925,0.175064,30.9141,31.3397,-100.835,66.1517,-26.816,29.7309,29.4757,-0.0374599,0.338003,0.00994225,-2.44882,0.0357822,2.71679,-0.832545,0.00143665,0.258776,0.00276636,0.35179,0.00039698,-0.0358211,-0.00251401,
1.872,0,0,0,0,0,0,0,0,0,0,0,0,0,0,0,0,0.0145324,0.999701,0.0191716,0,0.99756,-0.0131893,-0.0684102,0,-0.0681382,0.0201194,-0.997473,0,0.470003,-0.0119942,0.0554419,1,0.573588,-31.2652,0.747263,12.6731,0.239317,1.16621,0.0825953,90.6589,-34.0944,0.125267,-11.8647,18.3144,-7.8819,-43.8911,-0.0374342,0.346886,0.00997586,-2.43665,0.0357818,2.71454,-0.832535,0.00120236,0.256092,0.00218466,0.360983,-0.00032132,-0.0642858,0.00101622,
1.906,0,0,0,0,0,0,0,0,0,0,0,0,0,0,0,0,0.0145726,0.999697,0.0193243,0,0.997639,-0.0132428,-0.0672398,0,-0.0669648,0.020259,-0.99755,0,0.473987,-0.0121038,0.054722,1,0.756083,-31.9,0.973398,12.566,0.221007,1.01424,0.056045,-31.5412,-167.539,42.8946,31.6912,3.19763,7.08492,-36.264,-0.0374691,0.355826,0.00994663,-2.42367,0.0357795,2.71167,-0.832531,-0.00143457,0.262715,0.00318726,0.403425,0.00025634,-0.089707,0.002118,
1.94,0,0,0,0,0,0,0,0,0,0,0,0,0,0,0,0,0.0146137,0.999693,0.0195223,0,0.997675,-0.0132816,-0.0667039,0,-0.0664254,0.0204521,-0.997582,0,0.478052,-0.0122144,0.0540466,1,0.795756,-32.1658,1.12416,12.9309,0.232909,1.13875,0.0825953,-13.3868,94.483,175.505,72.6789,10.1368,-5.24207,-109.389,-0.0375005,0.364896,0.00990008,-2.40994,0.0357782,2.70755,-0.832534,-0.00169224,0.245904,-0.00160084,0.395384,-0.000338881,-0.134918,0.00233153,
1.974,0,0,0,0,0,0,0,0,0,0,0,0,0,0,0,0,0.0145878,0.999689,0.0197487,0,0.997741,-0.0132614,-0.065705,0,-0.0654239,0.020663,-0.997644,0,0.482525,-0.012309,0.0537134,1,0.720377,-31.7532,0.937693,12.7127,0.2265,0.994094,0.175064,103.936,-27.2939,-41.3607,-22.2096,-14.0187,-12.4501,48.5686,-0.037519,0.373677,0.00988594,-2.39528,0.0357789,2.70265,-0.832544,-0.000400599,0.254296,-0.000944091,0.446658,0.00017184,-0.143219,-0.00193466,
2.008,0,0,0,0,0,0,0,0,0,0,0,0,0,0,0,0,0.0145388,0.999684,0.0200131,0,0.997778,-0.0132066,-0.065161,0,-0.0648774,0.0209164,-0.997674,0,0.487076,-0.0123843,0.0535018,1,0.795756,-33.0664,1.15986,13.0777,0.221007,1.23579,0.0954127,-46.8262,-19.8983,-92.6117,-17.1282,-9.07612,17.7841,-40.2839,-0.0375077,0.382372,0.00987032,-2.38002,0.0357735,2.69663,-0.832535,-1.92509e-05,0.26901,-5.08045e-05,0.461992,0.000423535,-0.194428,0.00179881,
2.042,0,0,0,0,0,0,0,0,0,0,0,0,0,0,0,0,0.0145568,0.999678,0.0203222,0,0.997771,-0.0132023,-0.065265,0,-0.064977,0.0212274,-0.997661,0,0.491696,-0.0124836,0.0533604,1,0.831461,-33.6258,1.15986,13.3316,0.221007,1.12501,0.0294947,-116.649,0.730521,-75.5674,116.14,12.7656,11.1308,-16.0136,-0.0375386,0.391162,0.00983551,-2.36402,0.035771,2.6893,-0.832514,0.000302804,0.267923,-0.00285059,0.471228,-0.00024297,-0.233004,0.00195239,
2.076,0,0,0,0,0,0,0,0,0,0,0,0,0,0,0,0,0.0145619,0.999671,0.0206412,0,0.997762,-0.0131834,-0.065411,0,-0.0651186,0.0215479,-0.997645,0,0.496571,-0.0126007,0.0532822,1,0.982218,-32.9156,1.27491,12.8952,0.239317,1.18727,0.148513,94.425,-23.4757,13.1049,47.3025,14.3555,15.2585,24.4429,-0.0375545,0.400301,0.00976179,-2.34705,0.0357668,2.68132,-0.832518,-0.00726062,0.264097,-0.0035883,0.522172,-0.000588401,-0.236975,-0.00104896,
2.11,0,0,0,0,0,0,0,0,0,0,0,0,0,0,0,0,0.0146395,0.999664,0.0209255,0,0.997752,-0.0132394,-0.0655508,0,-0.065253,0.0218385,-0.99763,0,0.501502,-0.0127706,0.0532263,1,1.16868,-34.3399,1.46137,13.5141,0.214598,1.22847,0.129287,101.638,-161.271,229.578,176.982,-0.64036,-47.8715,-7.48146,-0.0375674,0.409537,0.00959657,-2.32979,0.0357563,2.67315,-0.832519,-0.000346263,0.28678,-0.00475252,0.509967,0.000259142,-0.247429,-0.000110579,
2.144,0,0,0,0,0,0,0,0,0,0,0,0,0,0,0,0,0.0147189,0.999657,0.0212321,0,0.997697,-0.0132803,-0.0663729,0,-0.0660694,0.0221605,-0.997569,0,0.506399,-0.0129433,0.0528932,1,1.0933,-34.9389,1.53675,13.6966,0.202696,1.45003,0.102737,-146.824,-12.2584,94.9424,-264.943,8.09399,-47.9316,-68.1881,-0.0375885,0.419626,0.00942811,-2.31191,0.0357338,2.66451,-0.832525,0.00266082,0.295022,-0.0132059,0.515636,0.000790287,-0.262423,0.00198839,
2.178,0,0,0,0,0,0,0,0,0,0,0,0,0,0,0,0,0.014763,0.999651,0.021459,0,0.997724,-0.0133188,-0.0659501,0,-0.0656425,0.0223843,-0.997592,0,0.511573,-0.0131639,0.0525731,1,1.27976,-34.566,1.57246,13.2602,0.244811,1.09755,0.201614,116.549,14.4308,116.541,101.949,2.38022,-19.0116,35.2354,-0.0376254,0.429981,0.00922906,-2.29383,0.0356938,2.65721,-0.83259,-0.00167401,0.296378,-0.00535208,0.539576,-0.00275538,-0.194226,-0.00374876,
2.212,0,0,0,0,0,0,0,0,0,0,0,0,0,0,0,0,0.0147235,0.999645,0.0217513,0,0.997688,-0.0132474,-0.0665141,0,-0.0662036,0.0226807,-0.997548,0,0.51652,-0.0133151,0.0521208,1,1.20439,-35.3158,1.49708,14.3552,0.26953,1.39509,0.201614,-6.90247,-83.5738,-71.9683,-87.176,4.30486,-0.380475,26.3833,-0.0376237,0.440504,0.00909556,-2.27566,0.0356495,2.64898,-0.832639,0.000302008,0.313592,-0.00278236,0.524636,-0.000689227,-0.24618,-0.00188091,
2.246,0,0,0,0,0,0,0,0,0,0,0,0,0,0,0,0,0.0146466,0.99964,0.0220435,0,0.997673,-0.0131457,-0.0667573,0,-0.0664448,0.0229704,-0.997526,0,0.521392,-0.0134468,0.0517505,1,1.16868,-35.2404,1.57246,13.6609,0.26953,1.42256,0.287673,-95.2638,195.486,95.1218,-153.362,-9.23464,19.911,111.502,-0.0376273,0.450656,0.00900518,-2.2579,0.0356161,2.64112,-0.832699,0.000467168,0.300127,-0.00422254,0.516676,-0.000794567,-0.219249,-0.00305897,
2.28,0,0,0,0,0,0,0,0,0,0,0,0,0,0,0,0,0.014487,0.999636,0.0223202,0,0.997675,-0.0129677,-0.066769,0,-0.0664565,0.0232361,-0.997519,0,0.526115,-0.0135503,0.0514357,1,1.12901,-36.3275,1.49708,14.0259,0.293334,1.22206,0.228164,-95.5709,-38.4669,-11.4778,115.248,-16.781,-19.0776,20.2781,-0.0376337,0.460382,0.00896827,-2.24076,0.0355462,2.63368,-0.832761,1.51e-05,0.269764,-0.00434933,0.501469,-0.000915165,-0.235275,-0.000274325,
2.314,0,0,0,0,0,0,0,0,0,0,0,0,0,0,0,0,0.0144812,0.999629,0.0226324,0,0.997577,-0.0129068,-0.0682257,0,-0.0679096,0.023566,-0.997413,0,0.530184,-0.0136565,0.0508871,1,1.05363,-36.7044,1.386,14.7202,0.26953,1.62306,0.241897,-71.873,48.8034,3.84013,200.726,-7.17536,32.9851,73.7533,-0.0376304,0.469817,0.00887516,-2.22468,0.0355345,2.62556,-0.832777,0.00103591,0.257915,-0.00382404,0.448713,-5.83628e-05,-0.230175,-0.00181569,
2.348,0,0,0,0,0,0,0,0,0,0,0,0,0,0,0,0,0.0145577,0.999622,0.0228899,0,0.997487,-0.0129345,-0.0695275,0,-0.0692065,0.023845,-0.997317,0,0.533772,-0.0137943,0.0504469,1,1.53764,-36.2164,1.68354,15.2677,0.256712,1.65053,0.234573,102.775,-77.1036,-174.429,125.241,4.57667,-81.0014,29.8087,-0.0376485,0.478071,0.00873815,-2.21041,0.0355354,2.61823,-0.832786,-0.001495,0.220678,-0.00765573,0.38251,-3.96242e-05,-0.197143,-0.00134698,
2.382,0,0,0,0,0,0,0,0,0,0,0,0,0,0,0,0,0.0146562,0.999616,0.0231074,0,0.997344,-0.0129692,-0.0715372,0,-0.0712114,0.024095,-0.99717,0,0.536408,-0.013951,0.0501438,1,1.16868,-37.5692,1.53675,15.4541,0.305235,1.65053,0.287673,-20.2881,44.8073,-151.699,62.2562,-15.7123,158.201,68.3775,-0.037697,0.484362,0.00855768,-2.19908,0.0355198,2.61117,-0.832835,0.000474513,0.174952,-0.00907496,0.308395,-0.000602199,-0.192291,-0.00481455,
2.416,0,0,0,0,0,0,0,0,0,0,0,0,0,0,0,0,0.0147403,0.99961,0.0232967,0,0.997209,-0.0129946,-0.0733842,0,-0.0730543,0.0243138,-0.997032,0,0.538339,-0.0140631,0.0500979,1,1.20439,-37.6407,1.53675,15.1963,0.244811,1.87849,0.142105,-310.397,68.5098,-7.17329,22.7738,-9.90704,119.587,-35.5343,-0.0377211,0.488653,0.00840972,-2.19056,0.0355231,2.60508,-0.832865,0.00507958,0.103185,-0.0024629,0.213786,-0.00019556,-0.141733,0.00176711,
2.45,0,0,0,0,0,0,0,0,0,0,0,0,0,0,0,0,0.0146806,0.999608,0.023451,0,0.997052,-0.0128714,-0.0755189,0,-0.0751889,0.024491,-0.996869,0,0.53922,-0.0141465,0.0501231,1,1.42655,-37.3431,1.79859,16.073,0.323546,2.0442,0.201614,-29.7643,-31.6041,90.9617,8.16365,36.1773,25.8862,-45.7143,-0.03776,0.490828,0.0082883,-2.18569,0.0355128,2.60024,-0.833035,-0.0057039,0.0275091,-0.000784814,0.0877626,-0.000473427,-0.131836,-0.00944514,
2.484,0,0,0,0,0,0,0,0,0,0,0,0,0,0,0,0,0.0147052,0.999605,0.0235342,0,0.996923,-0.012848,-0.0772063,0,-0.076875,0.0245976,-0.996737,0,0.539138,-0.0141951,0.05029,1,1.24009,-36.5179,1.4217,15.8905,0.299742,1.83729,0.162246,107.046,-58.0413,-42.6644,73.5988,-3.39059,0.459397,-60.1822,-0.0378049,0.490688,0.00820894,-2.18478,0.0355162,2.59749,-0.833118,0.0049481,-0.0145576,-0.00197615,-0.00735002,5.23976e-05,-0.0430918,0.00212341,
2.518,0,0,0,0,0,0,0,0,0,0,0,0,0,0,0,0,0.0146916,0.999604,0.0235743,0,0.99688,-0.0128176,-0.0777643,0,-0.0774329,0.0246437,-0.996693,0,0.538766,-0.014087,0.0504431,1,0.684672,-36.9305,1.12416,16.1087,0.256712,1.76771,0.0294947,-134.825,73.1084,143.152,82.4516,-8.92449,-7.39406,-44.9478,-0.0377074,0.489732,0.00827592,-2.18582,0.0355215,2.59701,-0.832979,0.00351368,-0.0281658,-0.000134517,-0.0462109,0.00514438,0.0025198,0.0136402,
2.552,0,0,0,0,0,0,0,0,0,0,0,0,0,0,0,0,0.0151491,0.999598,0.0235571,0,0.996836,-0.0132631,-0.0782533,0,-0.0779109,0.0246685,-0.996655,0,0.538082,-0.0139764,0.050416,1,0.871134,-36.6687,1.08448,15.7795,0.142272,1.58827,-0.0236058,153.706,71.5669,75.9515,173.059,10.7213,-19.3477,-4.49604,-0.0376208,0.488584,0.00835237,-2.18797,0.0355436,2.59754,-0.832399,0.00321878,-0.0354,0.00316627,-0.073125,0.00144162,0.0347656,0.0206491,
2.586,0,0,0,0,0,0,0,0,0,0,0,0,0,0,0,0,0.0157662,0.999589,0.0235324,0,0.996855,-0.0138892,-0.0778944,0,-0.077537,0.0246869,-0.996684,0,0.537437,-0.0137832,0.0502769,1,0.533915,-36.4425,0.636179,15.5613,0.0516343,1.58095,-0.0959325,-107.564,-157.787,-2.51112,-16.8176,-0.641589,-25.2235,-7.09758,-0.0375464,0.487566,0.00859672,-2.19058,0.0355555,2.59952,-0.831519,0.00272118,-0.0198324,0.00562659,-0.0777713,0.000567522,0.0668303,0.0277306,
2.62,0,0,0,0,0,0,0,0,0,0,0,0,0,0,0,0,0.0161019,0.999583,0.0235765,0,0.996868,-0.0142261,-0.0776744,0,-0.0773081,0.0247538,-0.9967,0,0.536688,-0.0134667,0.0500791,1,0.347452,-36.4425,0.560801,15.5613,-0.0261855,1.49123,-0.129807,-110.974,-171.208,-16.5637,-45.1784,-0.0104218,15.8334,35.7015,-0.0373919,0.486525,0.00896937,-2.19344,0.035572,2.60157,-0.830736,0.00396698,-0.0350439,0.0113511,-0.0882182,0.00050284,0.0630896,0.0301223,
2.654,0,0,0,0,0,0,0,0,0,0,0,0,0,0,0,0,0.0167602,0.999573,0.0235327,0,0.996901,-0.0148998,-0.0771224,0,-0.0767403,0.0247528,-0.996744,0,0.535849,-0.0131182,0.0499584,1,0.125284,-36.3275,0.334665,15.4898,-0.0811171,1.38136,-0.175583,-166.932,-61.181,-147.462,81.6489,-31.8461,11.7502,4.31093,-0.0371131,0.485039,0.00929005,-2.19693,0.0355746,2.60416,-0.829537,0.0104535,-0.0467866,0.0109415,-0.106306,0.000287225,0.0638682,0.034355,
2.688,0,0,0,0,0,0,0,0,0,0,0,0,0,0,0,0,0.0170332,0.99957,0.0234472,0,0.996924,-0.0151874,-0.0767642,0,-0.0763765,0.0246831,-0.996773,0,0.534875,-0.0128901,0.0498373,1,0.276041,-35.8038,0.410044,15.3074,-0.0628066,1.29805,-0.228684,54.4054,78.5667,107.287,35.3403,30.9323,15.295,-12.4906,-0.0368497,0.483357,0.00941971,-2.20074,0.0355756,2.60666,-0.82891,0.00517512,-0.0553529,0.000995247,-0.114258,-0.000595019,0.0612188,0.01532,
2.722,0,0,0,0,0,0,0,0,0,0,0,0,0,0,0,0,0.0171984,0.999568,0.0234117,0,0.996855,-0.0153336,-0.0776225,0,-0.0772315,0.0246736,-0.996708,0,0.533405,-0.0127245,0.049641,1,0.347452,-36.141,0.485422,15.3431,-0.147035,1.62306,-0.261643,-81.4602,-33.6758,-45.9957,-243.944,19.6953,162.93,1.11638,-0.0367135,0.481209,0.00952407,-2.20538,0.0355855,2.6083,-0.828557,0.00206263,-0.0738552,0.00255259,-0.15534,-0.000227349,0.0499233,0.012908,
2.756,0,0,0,0,0,0,0,0,0,0,0,0,0,0,0,0,0.0174869,0.999564,0.0233675,0,0.996767,-0.0155981,-0.078701,0,-0.0783037,0.0246686,-0.996624,0,0.53148,-0.0125709,0.0492975,1,0.573588,-35.653,0.747263,15.9262,-0.189149,1.33284,-0.380662,79.0163,-11.46,12.6519,105.928,-7.35317,49.9078,-105.208,-0.0366721,0.478611,0.00968123,-2.21143,0.0355916,2.61069,-0.828137,-0.000973945,-0.0807551,0.0019186,-0.188883,0.000415991,0.0890662,0.0133848,
2.79,0,0,0,0,0,0,0,0,0,0,0,0,0,0,0,0,0.0178632,0.99956,0.0232593,0,0.996699,-0.0159627,-0.0794759,0,-0.0790712,0.0246027,-0.996565,0,0.529128,-0.0124476,0.0487068,1,0.609293,-35.6927,0.822641,15.6723,-0.232179,1.14607,-0.400803,-17.4192,-113.848,166.483,9.77271,30.4399,17.3547,29.8163,-0.0366738,0.475752,0.00982778,-2.21911,0.035604,2.61474,-0.827707,0.00475792,-0.0928659,-7.20055e-06,-0.249778,-0.00195904,0.144387,0.011771,
2.824,0,0,0,0,0,0,0,0,0,0,0,0,0,0,0,0,0.0182584,0.999557,0.0230768,0,0.996659,-0.0163607,-0.0799053,0,-0.0794939,0.0244591,-0.996535,0,0.526261,-0.0123409,0.0480726,1,0.276041,-35.5023,0.525095,15.1249,-0.177248,2.07167,-0.314744,-98.6215,85.454,164.481,99.8479,-24.1576,-18.9326,-62.5416,-0.0366741,0.471969,0.00994255,-2.22885,0.0356165,2.62029,-0.827295,-0.00013779,-0.130064,0.000957749,-0.32008,-0.0050182,0.157491,0.00971591,
2.858,0,0,0,0,0,0,0,0,0,0,0,0,0,0,0,0,0.0184435,0.999558,0.0228979,0,0.996511,-0.0165159,-0.0816928,0,-0.08128,0.0243251,-0.996394,0,0.522412,-0.0122342,0.0471289,1,0.422831,-35.653,0.560801,16.0016,-0.298097,1.71278,-0.466721,-74.95,197.857,76.3453,29.9822,9.03777,-206.681,-1.33943,-0.0366715,0.46747,0.0100108,-2.2409,0.0356395,2.62605,-0.827167,0.000986695,-0.14199,0.00395363,-0.384749,0.000449345,0.18852,0.0156989,
2.892,0,0,0,0,0,0,0,0,0,0,0,0,0,0,0,0,0.0186559,0.99956,0.0226468,0,0.996365,-0.0167062,-0.0834198,0,-0.0830063,0.0241212,-0.996257,0,0.517875,-0.0121309,0.0460691,1,0.458536,-35.2404,0.671885,15.6366,-0.291688,1.67158,-0.453904,43.0253,-19.3655,29.1102,-46.0404,-11.6216,-126.16,-40.6257,-0.0366719,0.462037,0.0100658,-2.25532,0.035649,2.63331,-0.827029,-0.00316133,-0.168155,-9.88999e-05,-0.44665,-0.000217804,0.239116,0.000674334,
2.926,0,0,0,0,0,0,0,0,0,0,0,0,0,0,0,0,0.0188513,0.999562,0.0223852,0,0.99623,-0.0168854,-0.0849766,0,-0.084563,0.0239032,-0.996131,0,0.512628,-0.0119375,0.0449073,1,0.422831,-34.9786,0.525095,15.0852,-0.340211,1.85103,-0.500596,-50.0077,56.2825,-17.9651,-27.0888,13.7454,-30.6521,-37.9952,-0.0366763,0.455608,0.0102689,-2.27223,0.0356592,2.64225,-0.826793,-0.000374594,-0.189103,0.0100083,-0.536041,0.000508339,0.306002,0.0228068,
2.96,0,0,0,0,0,0,0,0,0,0,0,0,0,0,0,0,0.0190978,0.999565,0.0220387,0,0.996137,-0.0171359,-0.0860145,0,-0.0856011,0.0235967,-0.99605,0,0.506938,-0.011764,0.0436167,1,0.422831,-34.7525,0.560801,16.1087,-0.321901,2.01674,-0.519822,45.0834,-27.4014,-9.01926,266.05,16.4567,-8.91906,-36.4473,-0.0366851,0.448718,0.0104496,-2.29088,0.0356667,2.65298,-0.826538,-0.00276413,-0.210817,0.00622144,-0.578614,-0.000419966,0.322369,0.00260809,
2.994,0,0,0,0,0,0,0,0,0,0,0,0,0,0,0,0,0.0192461,0.999571,0.0216375,0,0.996158,-0.0173247,-0.0857278,0,-0.0853178,0.0232047,-0.996084,0,0.500935,-0.0115629,0.0424418,1,0.311747,-34.0423,0.485422,14.2084,-0.321901,1.32551,-0.519822,-8.51489,-41.5891,90.7408,-195.058,-23.7594,18.0066,-39.5797,-0.0366789,0.440846,0.0106878,-2.31147,0.0357152,2.66601,-0.826351,-0.000739836,-0.234681,0.0033209,-0.616475,0.00602666,0.408042,0.00352264,
3.028,0,0,0,0,0,0,0,0,0,0,0,0,0,0,0,0,0.0191881,0.999581,0.0212433,0,0.996163,-0.0173015,-0.0856826,0,-0.0852808,0.0228063,-0.996096,0,0.49468,-0.011364,0.0415663,1,0.347452,-34.2645,0.374338,14.5377,-0.309999,1.8437,-0.500596,126.734,-139.406,-53.3185,161.244,-2.07554,-74.6438,-11.2708,-0.0366838,0.431964,0.010923,-2.33276,0.0357341,2.67847,-0.826343,-0.00214739,-0.272978,0.00655158,-0.630026,0.00448529,0.373638,0.000721438,
3.062,0,0,0,0,0,0,0,0,0,0,0,0,0,0,0,0,0.0191268,0.99959,0.0208602,0,0.996086,-0.0172531,-0.0865768,0,-0.086183,0.0224349,-0.996027,0,0.487986,-0.0111609,0.0406102,1,0.387125,-32.6141,0.449717,14.2481,-0.298097,1.89955,-0.527146,-28.8223,4.15974,-93.4649,0.426348,-3.97671,0.722912,-71.2755,-0.0366994,0.422882,0.0111536,-2.35465,0.0357413,2.69039,-0.826344,-0.00147541,-0.299044,0.00490588,-0.647174,0.000146528,0.336433,0.00163495,
3.096,0,0,0,0,0,0,0,0,0,0,0,0,0,0,0,0,0.0189864,0.999601,0.0204497,0,0.996108,-0.0171535,-0.086348,0,-0.0859644,0.02201,-0.996055,0,0.481482,-0.0109448,0.0401627,1,0.16099,-32.1658,0.334665,13.8077,-0.262392,1.62947,-0.466721,44.7542,177.502,173.359,-84.2921,-11.5383,-11.9796,17.2581,-0.0366801,0.412701,0.0114036,-2.3768,0.0357501,2.7026,-0.826348,0.00212116,-0.302453,-0.000300951,-0.659383,0.000354809,0.367493,-0.000189562,
3.13,0,0,0,0,0,0,0,0,0,0,0,0,0,0,0,0,0.0188735,0.999611,0.0200652,0,0.996109,-0.0170741,-0.0863503,0,-0.0859758,0.0216173,-0.996063,0,0.475051,-0.0107527,0.0400272,1,-0.061178,-32.9156,0.037119,14.4663,-0.244081,2.07899,-0.447495,13.0401,78.725,-170.662,-141.91,-8.15371,74.5643,10.6374,-0.0367147,0.401968,0.0116553,-2.39855,0.0357497,2.71362,-0.826349,-0.00165223,-0.296126,0.00519601,-0.638415,0.000126007,0.295999,-0.00023588,
3.164,0,0,0,0,0,0,0,0,0,0,0,0,0,0,0,0,0.0188203,0.999619,0.0196955,0,0.996101,-0.0170508,-0.0864475,0,-0.0860804,0.0212461,-0.996062,0,0.468717,-0.010598,0.0400033,1,0.0895788,-32.1658,0.223581,13.8434,-0.22577,1.83729,-0.387986,-4.77663,-163.152,7.35216,85.7291,2.12157,18.9504,47.2383,-0.0368166,0.391214,0.0119006,-2.41981,0.0357568,2.72404,-0.82636,-3.01741e-05,-0.332496,0.00385564,-0.608559,0.00106767,0.259979,-0.00204561,
3.198,0,0,0,0,0,0,0,0,0,0,0,0,0,0,0,0,0.0187852,0.999626,0.0193651,0,0.99598,-0.017015,-0.08784,0,-0.0874794,0.0209378,-0.995946,0,0.462177,-0.0104536,0.0401243,1,0.422831,-31.6778,0.449717,13.6252,-0.219362,2.0442,-0.341294,0.582031,-75.782,-122.236,-255.447,8.78334,-2.64317,16.2314,-0.0369005,0.380011,0.0120799,-2.44081,0.0357565,2.73245,-0.82638,-0.00569765,-0.330224,0.00305138,-0.611288,-0.000245972,0.257088,-0.00412791,
3.232,0,0,0,0,0,0,0,0,0,0,0,0,0,0,0,0,0.0187146,0.999634,0.0190148,0,0.995889,-0.016954,-0.0888678,0,-0.0885146,0.0206001,-0.995862,0,0.455814,-0.0103114,0.0402376,1,0.125284,-31.1145,0.187876,14.1013,-0.22577,2.27949,-0.321152,-157.368,187.856,28.0302,28.6143,-21.7356,-13.3827,-28.7572,-0.0369377,0.369143,0.0122312,-2.46132,0.0357573,2.74107,-0.82641,0.00129416,-0.320791,0.00815916,-0.581613,0.000658797,0.259591,-0.00110663,
3.266,0,0,0,0,0,0,0,0,0,0,0,0,0,0,0,0,0.0184586,0.999645,0.018702,0,0.995773,-0.0166995,-0.0902057,0,-0.0898631,0.0202885,-0.995747,0,0.449565,-0.0101553,0.0404263,1,0.16099,-30.8526,0.29896,13.2959,-0.183656,2.2447,-0.374253,-131.748,124.464,-145.247,-151.025,-13.5239,34.1157,-65.4848,-0.0369312,0.358359,0.0123694,-2.48116,0.0357574,2.74879,-0.826587,0.00173654,-0.305484,0.00487105,-0.573617,0.00013417,0.224967,-0.0059018,
3.3,0,0,0,0,0,0,0,0,0,0,0,0,0,0,0,0,0.0182191,0.999656,0.0183575,0,0.995781,-0.0164928,-0.0901607,0,-0.0898286,0.0199231,-0.995758,0,0.443864,-0.0100222,0.0407032,1,-0.061178,-30.8526,0.037119,14.3195,-0.123231,2.36189,-0.321152,-53.0852,172.798,-108.04,203.392,28.6156,-33.1603,-9.78142,-0.0369599,0.348058,0.0125405,-2.50007,0.0357549,2.75745,-0.826739,0.00311483,-0.280202,0.00443777,-0.545988,-0.000709007,0.262721,-0.00473266,
3.334,0,0,0,0,0,0,0,0,0,0,0,0,0,0,0,0,0.017931,0.999667,0.0180293,0,0.995735,-0.0162245,-0.090714,0,-0.090393,0.0195794,-0.995714,0,0.438243,-0.00992635,0.0406634,1,0.236368,-30.813,0.334665,13.1134,-0.093019,2.27217,-0.169175,52.9678,22.0161,73.9102,-166.169,10.9767,53.1347,102.458,-0.0370036,0.338988,0.0126494,-2.518,0.0357485,2.76576,-0.827018,-0.00854232,-0.258232,0.00159942,-0.498034,-0.000425173,0.225546,-0.0166861,
3.368,0,0,0,0,0,0,0,0,0,0,0,0,0,0,0,0,0.017558,0.99968,0.0176971,0,0.995744,-0.0158836,-0.0906796,0,-0.0903712,0.0192143,-0.995723,0,0.433258,-0.00989135,0.0405882,1,0.16099,-29.9878,0.29896,13.0381,-0.044496,2.32069,-0.169175,57.3103,-112.384,105.767,-126.349,35.5338,-57.9048,6.61609,-0.037046,0.331047,0.0126663,-2.53414,0.0357462,2.77399,-0.827465,-0.00173296,-0.231648,-0.00101109,-0.456905,-0.000864781,0.259686,-0.0203043,
3.403,0,0,0,0,0,0,0,0,0,0,0,0,0,0,0,0,0.0172091,0.999692,0.0173493,0,0.995846,-0.015588,-0.0895967,0,-0.0893004,0.0188195,-0.995827,0,0.428936,-0.00983,0.0404404,1,0.236368,-29.5752,0.29896,12.9309,0.0159288,2.15498,-0.0959325,150.413,24.6889,58.8306,37.229,4.76251,-37.5585,-22.657,-0.0370401,0.324317,0.012735,-2.5487,0.0357384,2.78291,-0.827781,6.52183e-05,-0.172069,0.00331338,-0.381979,-0.000736789,0.238201,-0.0206327,
3.437,0,0,0,0,0,0,0,0,0,0,0,0,0,0,0,0,0.0169113,0.999702,0.0170687,0,0.995924,-0.0153315,-0.08878,0,-0.0884935,0.0185009,-0.995905,0,0.425431,-0.00978746,0.0401446,1,0.236368,-29.4641,0.223581,12.6017,0.0159288,2.07899,-0.149033,110.368,-101.799,-81.85,9.77797,-1.03065,3.74837,-41.6044,-0.037058,0.319464,0.0127993,-2.5603,0.0357352,2.79049,-0.828074,-0.00183249,-0.121969,0.00213313,-0.304545,-0.000633713,0.231705,-0.00108696,
3.471,0,0,0,0,0,0,0,0,0,0,0,0,0,0,0,0,0.0168048,0.999708,0.0168072,0,0.996094,-0.0152837,-0.0868602,0,-0.0865796,0.0182015,-0.996079,0,0.423162,-0.00972503,0.039875,1,0.0895788,-29.1269,0.187876,11.9074,0.0040269,2.09273,-0.142624,-12.9289,-61.094,124.849,-67.068,6.72418,23.7479,50.6675,-0.0370442,0.316416,0.012928,-2.56865,0.0357365,2.79771,-0.828075,0.000575637,-0.0680079,0.00614906,-0.208903,0.000215269,0.196323,-0.00163845,
3.505,0,0,0,0,0,0,0,0,0,0,0,0,0,0,0,0,0.0167228,0.999712,0.0166332,0,0.996224,-0.0152442,-0.0853641,0,-0.0850876,0.0179983,-0.996211,0,0.42179,-0.00967622,0.0395683,1,0.16099,-29.2737,0.187876,12.2367,0.00952007,2.00941,-0.235093,108.962,-5.80703,-87.5602,-60.9431,1.45087,-10.5307,-42.0545,-0.0370473,0.315005,0.0130505,-2.57379,0.0357348,2.80296,-0.828065,-0.00105954,-0.030169,0.000606866,-0.113861,0.000189479,0.132589,0.00515498,
3.539,0,0,0,0,0,0,0,0,0,0,0,0,0,0,0,0,0.0166539,0.999715,0.0165337,0,0.996355,-0.0152116,-0.0838236,0,-0.0835498,0.0178698,-0.996343,0,0.421506,-0.00965018,0.0393485,1,0.200663,-29.9124,0.187876,12.0899,0.0040269,2.10646,-0.208542,152.716,-56.959,-56.2032,-71.7458,-11.7554,50.556,-109.595,-0.0370466,0.315061,0.0131422,-2.57555,0.0357365,2.80632,-0.828058,-0.00745631,0.00901832,0.0041883,-0.0112208,0.00018557,0.076403,0.00239997,
3.573,0,0,0,0,0,0,0,0,0,0,0,0,0,0,0,0,0.0165933,0.999716,0.0165257,0,0.996397,-0.0151608,-0.0833268,0,-0.0830542,0.0178492,-0.996385,0,0.421687,-0.00964499,0.0392546,1,0.16099,-29.8013,0.263254,12.2367,0.0278306,2.19618,-0.0501561,-27.2406,49.8203,-107.737,-119.129,29.7464,-12.2597,-12.237,-0.0370569,0.315588,0.0131792,-2.57523,0.0357334,2.80702,-0.828093,0.000109316,0.0124644,0.00139287,0.0155865,-0.00444272,0.00261633,-0.000764954,
3.605,0,0,0,0,0,0,0,0,0,0,0,0,0,0,0,0,0.0164957,0.999717,0.0165405,0,0.996419,-0.0150667,-0.0830841,0,-0.082813,0.0178521,-0.996405,0,0.421927,-0.00969601,0.0392663,1,0.276041,-29.7616,0.374338,12.1256,0.0214219,2.23097,-0.0767064,37.6652,-54.1047,-91.8924,32.5005,-5.34783,-40.407,-30.2316,-0.0371431,0.315906,0.0131596,-2.57462,0.0357346,2.80697,-0.828295,-0.00139097,0.0112943,0.000408205,0.0209587,-0.000251264,-0.00138214,-0.00873422,
3.642,0,0,0,0,0,0,0,0,0,0,0,0,0,0,0,0,0.0163782,0.999719,0.0165728,0,0.996427,-0.0149483,-0.0830059,0,-0.0827364,0.0178734,-0.996411,0,0.422042,-0.00979935,0.0393213,1,0.422831,-29.0872,0.485422,12.3835,0.00952007,2.19618,-0.0236058,14.4039,69.6147,-8.80157,61.9607,-12.626,9.7615,17.1801,-0.0373682,0.315908,0.0131454,-2.57433,0.0357357,2.80676,-0.828651,-0.00722968,-0.00428416,0.000517801,0.000660098,8.28555e-05,-0.00356577,-0.00622941,
3.676,0,0,0,0,0,0,0,0,0,0,0,0,0,0,0,0,0.0163978,0.999718,0.01659,0,0.996429,-0.0149667,-0.0829828,0,-0.0827127,0.0178919,-0.996413,0,0.42205,-0.00987241,0.0393772,1,0.311747,-29.2737,0.449717,12.4906,-0.00238179,2.25203,-0.0767064,-54.8826,-46.0089,11.0697,-35.0222,-6.05946,3.87324,31.5808,-0.0375492,0.315743,0.0131518,-2.57435,0.0357372,2.80663,-0.828806,-0.000855211,-0.00384698,-0.000803757,-0.00106786,0.000209573,-0.00208334,-0.00575548,
3.71,0,0,0,0,0,0,0,0,0,0,0,0,0,0,0,0,0.0164454,0.999717,0.0165914,0,0.996427,-0.0150138,-0.0830004,0,-0.0827295,0.0178974,-0.996411,0,0.422055,-0.0098998,0.0393956,1,0.276041,-28.9364,0.485422,12.2724,0.0516343,2.16231,0.0359034,-27.9891,-120.519,28.7384,-151.102,6.52098,-25.1621,9.42924,-0.0376114,0.315695,0.0131486,-2.57433,0.0357328,2.80655,-0.828819,0.00114915,0.000589282,-0.00118137,-3.92458e-06,-3.59127e-05,-0.0105177,-0.00177924,
3.744,0,0,0,0,0,0,0,0,0,0,0,0,0,0,0,0,0.0164378,0.999718,0.016596,0,0.996429,-0.0150062,-0.0829795,0,-0.0827086,0.0179011,-0.996413,0,0.422064,-0.00987788,0.0394269,1,0.16099,-28.8253,0.334665,12.3835,0.0699449,2.2447,-0.0629735,-19.2487,-59.438,84.1764,22.7966,-0.169288,4.05559,-46.2134,-0.0375853,0.315605,0.0131709,-2.57434,0.035734,2.80649,-0.828779,1.37029e-05,0.000121039,-0.00107793,-0.000635916,-0.000360166,-0.00023998,0.00255736,
3.778,0,0,0,0,0,0,0,0,0,0,0,0,0,0,0,0,0.0164783,0.999717,0.0165955,0,0.996427,-0.0150464,-0.0829935,0,-0.0827219,0.0179041,-0.996412,0,0.422049,-0.00988084,0.0394555,1,0.276041,-28.6389,0.374338,12.4549,0.0516343,2.27949,-0.0831151,13.1534,-110.953,-11.9648,137.604,0.00503346,-12.6717,-54.3697,-0.0375954,0.315493,0.0131724,-2.5744,0.035736,2.80642,-0.828748,1.92752e-05,-0.000701888,-0.000319942,-0.000916366,-0.00294791,-0.00375062,0.00132123,
3.812,0,0,0,0,0,0,0,0,0,0,0,0,0,0,0,0,0.0164733,0.999717,0.016597,0,0.99643,-0.0150419,-0.0829582,0,-0.0826867,0.0179047,-0.996415,0,0.422061,-0.00987946,0.0394758,1,0.200663,-28.5635,0.334665,12.4906,0.0516343,2.2859,-0.00346424,-23.8602,-113.283,-38.5057,-18.9716,-4.44443,-16.7728,47.3069,-0.0375942,0.315443,0.0131749,-2.5744,0.0357394,2.80641,-0.828752,1.78712e-05,-0.00156271,0.000572895,-5.29129e-05,9.82405e-05,0.000299182,-0.00266989,
3.846,0,0,0,0,0,0,0,0,0,0,0,0,0,0,0,0,0.0165092,0.999716,0.016593,0,0.996432,-0.0150786,-0.0829277,0,-0.0826556,0.0179033,-0.996417,0,0.42207,-0.00988904,0.0394859,1,0.276041,-28.4128,0.410044,12.4549,0.0516343,2.25203,-0.0959325,-51.3061,-86.945,-27.2988,65.3229,-10.3609,-26.0099,-31.5551,-0.0376072,0.315422,0.0131674,-2.5744,0.0357407,2.80642,-0.828737,0.000603844,7.2839e-05,0.000278896,-0.00140678,0.00020865,0.000813519,0.00162986,
3.88,0,0,0,0,0,0,0,0,0,0,0,0,0,0,0,0,0.0165131,0.999716,0.0165919,0,0.996437,-0.0150836,-0.0828697,0,-0.0825975,0.0179016,-0.996422,0,0.422088,-0.00989216,0.0395094,1,0.276041,-28.3731,0.334665,12.4192,0.0635362,2.25844,-0.0959325,-53.7537,-46.5681,-93.0069,-74.1939,5.5845,16.5188,-57.401,-0.0376146,0.315369,0.0131688,-2.57439,0.0357394,2.80642,-0.828737,0.00167939,-0.00297787,0.00149228,-8.38664e-05,-0.000129541,-0.000143109,0.00231452,
3.914,0,0,0,0,0,0,0,0,0,0,0,0,0,0,0,0,0.0164981,0.999717,0.0165905,0,0.996443,-0.0150702,-0.082789,0,-0.0825171,0.0178977,-0.996429,0,0.422117,-0.00989069,0.0395348,1,0.276041,-28.3017,0.374338,12.2367,0.058043,2.18245,-0.0236058,86.7846,33.5859,-59.0774,-198.466,-2.59363,-28.3253,15.3601,-0.0376063,0.315324,0.0131667,-2.57437,0.0357401,2.80643,-0.828745,-0.000474956,-0.000662461,0.000696625,0.00212505,-0.000849216,0.00147842,-0.00165409,
3.948,0,0,0,0,0,0,0,0,0,0,0,0,0,0,0,0,0.0165027,0.999717,0.0165878,0,0.99646,-0.0150785,-0.0825916,0,-0.0823197,0.0178924,-0.996445,0,0.422214,-0.00989174,0.0395719,1,0.311747,-28.4485,0.334665,12.0542,0.058043,2.12752,-0.109665,177.945,91.3322,-45.767,-61.4234,-6.98447,16.5985,-34.5909,-0.0376078,0.315336,0.0131719,-2.57422,0.0357401,2.80648,-0.828735,-0.00223804,0.000132595,0.000290999,0.00856949,6.50263e-05,-0.000511929,0.00183628,
3.982,0,0,0,0,0,0,0,0,0,0,0,0,0,0,0,0,0.0164838,0.999717,0.0165903,0,0.996463,-0.0150602,-0.0825536,0,-0.082282,0.0178928,-0.996448,0,0.422243,-0.00988395,0.0395843,1,0.200663,-28.4881,0.29896,12.0145,0.0461412,2.20351,-0.103257,39.639,-140.095,-20.2109,-106.983,-27.2528,21.8734,-26.0947,-0.0375945,0.315337,0.0131776,-2.57416,0.0357414,2.80647,-0.828736,0.00602276,0.00127248,0.000861239,-0.00142039,0.00046757,-0.000659865,0.00176332,
4.016,0,0,0,0,0,0,0,0,0,0,0,0,0,0,0,0,0.0164801,0.999717,0.0165905,0,0.99646,-0.0150558,-0.0825917,0,-0.0823202,0.0178933,-0.996445,0,0.422227,-0.00988223,0.0395743,1,0.16099,-28.5635,0.29896,12.0899,0.0635362,2.22365,-0.103257,-27.232,94.5691,-114.394,-55.2055,18.8178,19.3208,-19.7878,-0.0375917,0.315349,0.0131776,-2.57418,0.0357395,2.80646,-0.828736,-0.000738025,-0.00178153,0.000129118,-0.00134411,0.00114982,-0.000367448,0.002082,
4.05,0,0,0,0,0,0,0,0,0,0,0,0,0,0,0,0,0.0164637,0.999717,0.016593,0,0.996461,-0.0150395,-0.0825781,0,-0.0823068,0.0178942,-0.996446,0,0.422231,-0.00987483,0.0395806,1,0.125284,-28.3731,0.29896,12.0899,0.0635362,2.19618,-0.0629735,3.89495,85.4421,88.7217,70.2398,3.27572,-0.142019,-31.5364,-0.0375842,0.315332,0.0131865,-2.57418,0.0357395,2.80646,-0.828736,0.000261734,-0.00150478,-0.00056874,2.75961e-05,6.40192e-05,0.000273887,-7.71708e-05,
4.084,0,0,0,0,0,0,0,0,0,0,0,0,0,0,0,0,0.0164634,0.999717,0.0165951,0,0.99646,-0.0150386,-0.0825983,0,-0.082327,0.0178966,-0.996445,0,0.422225,-0.0098771,0.0395723,1,0.200663,-28.6389,0.29896,12.0899,0.058043,2.20351,-0.00346424,-45.1194,-29.5815,-100.596,-85.4113,-10.8981,-18.1957,49.2507,-0.0375934,0.315352,0.0131894,-2.57418,0.0357401,2.80646,-0.828744,0.000680893,0.000722233,0.000852005,0.000860179,0.000103133,8.76018e-05,-0.00168451,
4.118,0,0,0,0,0,0,0,0,0,0,0,0,0,0,0,0,0.0164651,0.999717,0.0165942,0,0.99646,-0.0150405,-0.0825954,0,-0.082324,0.0178958,-0.996445,0,0.422224,-0.00987832,0.0395747,1,0.16099,-28.4881,0.29896,12.1256,0.0635362,2.20991,0.00294445,-148.488,44.8336,-5.58394,9.51162,14.2045,0.642409,14.6372,-0.0375938,0.315344,0.0131872,-2.57418,0.0357395,2.80646,-0.828744,0.00350169,-0.001281,0.000360987,0.00107882,-0.000123397,0.000145221,-0.00285216,
4.149,0,0,0,0,0,0,0,0,0,0,0,0,0,0,0,0,0.0164618,0.999717,0.0165939,0,0.996461,-0.0150374,-0.0825798,0,-0.0823085,0.017895,-0.996446,0,0.422231,-0.00987697,0.03958,1,0.200663,-28.4128,0.29896,12.0542,0.0635362,2.20991,0.00294445,58.6324,-68.8212,-12.81,-115.288,2.85927,1.15002,52.3389,-0.0375901,0.315335,0.0131872,-2.57418,0.0357395,2.80646,-0.828743,-0.000998615,0.000647187,0.000244962,-0.00122255,4.43018e-05,5.06646e-05,-0.00242727,
4.187,0,0,0,0,0,0,0,0,0,0,0,0,0,0,0,0,0.0164675,0.999717,0.0165949,0,0.99646,-0.0150429,-0.0825921,0,-0.0823206,0.0178965,-0.996445,0,0.422227,-0.0098765,0.039575,1,0.236368,-28.5635,0.29896,12.0899,0.058043,2.20351,-0.0428319,31.4648,89.3039,-59.8659,15.2177,4.86834,-16.6688,35.114,-0.037593,0.315346,0.0131904,-2.57418,0.0357401,2.80646,-0.828738,-0.000527548,-0.000769524,0.000293684,-0.00212481,-9.27743e-05,8.74152e-05,-0.000466157,
4.221,0,0,0,0,0,0,0,0,0,0,0,0,0,0,0,0,0.0164795,0.999717,0.0165942,0,0.99646,-0.0150548,-0.0825933,0,-0.0823217,0.0178969,-0.996445,0,0.422225,-0.00987914,0.039575,1,0.276041,-28.5238,0.263254,12.1256,0.058043,2.19618,-0.0959325,168.688,-188.03,-7.20266,112.451,-14.6054,-25.3298,-53.5605,-0.0375987,0.315343,0.0131898,-2.57418,0.0357401,2.80646,-0.828732,-0.00146724,0.00175774,0.00106985,-0.000582075,0.000102978,0.000526367,0.000893215,
4.255,0,0,0,0,0,0,0,0,0,0,0,0,0,0,0,0,0.0164711,0.999717,0.0165938,0,0.99646,-0.0150465,-0.0825926,0,-0.0823211,0.0178958,-0.996445,0,0.422224,-0.00987923,0.0395764,1,0.236368,-28.4485,0.29896,12.201,0.0635362,2.20991,-0.0565648,37.0808,38.0777,14.6408,138.418,10.4067,-8.578,-38.3198,-0.0375959,0.315338,0.0131873,-2.57419,0.0357395,2.80646,-0.82874,-0.000104303,-0.00108191,0.000910342,-0.00188609,-5.68426e-05,2.2119e-05,-0.000490126,
4.289,0,0,0,0,0,0,0,0,0,0,0,0,0,0,0,0,0.0164585,0.999717,0.0165954,0,0.996461,-0.015034,-0.0825853,0,-0.082314,0.0178962,-0.996446,0,0.422229,-0.00987067,0.0395776,1,0.125284,-28.4881,0.263254,12.0899,0.058043,2.20351,-0.0831151,40.159,63.906,7.70155,-53.716,-7.50142,-10.9571,-11.8394,-0.0375828,0.31534,0.0131936,-2.57418,0.0357401,2.80646,-0.828733,-0.00016428,9.13315e-05,-0.000385434,0.000492016,8.66552e-05,0.000127802,0.000979588,
4.323,0,0,0,0,0,0,0,0,0,0,0,0,0,0,0,0,0.0164666,0.999717,0.016596,0,0.99646,-0.0150418,-0.0825954,0,-0.0823239,0.0178977,-0.996445,0,0.422225,-0.00987273,0.0395743,1,0.236368,-28.5635,0.29896,12.1256,0.058043,2.20991,-0.103257,-13.2402,-101.779,-67.0085,-21.4111,-33.2833,-12.0863,-28.4426,-0.0375905,0.315346,0.0131958,-2.57418,0.0357401,2.80646,-0.828731,-0.000386756,0.0021947,-0.000144224,-0.000686365,0.000262645,-4.68108e-05,0.0016583,
4.357,0,0,0,0,0,0,0,0,0,0,0,0,0,0,0,0,0.0164773,0.999717,0.0165947,0,0.99646,-0.0150526,-0.082591,0,-0.0823194,0.0178972,-0.996445,0,0.422226,-0.00987988,0.0395763,1,0.276041,-28.4881,0.334665,12.1256,0.0635362,2.20991,-0.0629735,50.794,-169.133,12.1576,76.0014,1.22264,4.65516,-54.3305,-0.0376019,0.31534,0.0131911,-2.57418,0.0357395,2.80646,-0.828736,-0.000889167,0.000315951,0.000538636,0.001721,-5.06553e-05,-9.6681e-05,0.00155557,
4.389,0,0,0,0,0,0,0,0,0,0,0,0,0,0,0,0,0.0164557,0.999717,0.0165953,0,0.996461,-0.0150313,-0.0825805,0,-0.0823093,0.0178959,-0.996446,0,0.42223,-0.0098716,0.0395798,1,0.0895788,-28.4128,0.334665,12.0542,0.0699449,2.20351,-0.0501561,-272.036,15.4738,74.9252,-127.208,20.5328,-24.3237,23.5792,-0.0375853,0.315335,0.013194,-2.57418,0.0357388,2.80646,-0.828737,0.0038203,-0.000464568,-0.000450165,-0.000321175,-0.000296705,4.39559e-05,-0.000626177,
4.427,0,0,0,0,0,0,0,0,0,0,0,0,0,0,0,0,0.0164645,0.999717,0.0165953,0,0.99646,-0.0150398,-0.0825918,0,-0.0823205,0.0178968,-0.996445,0,0.422226,-0.00987374,0.0395756,1,0.200663,-28.5238,0.334665,12.1256,0.0635362,2.20351,-0.0831151,108.426,83.1614,34.9791,37.1711,7.37159,10.1708,1.40462,-0.0375901,0.315343,0.0131935,-2.57418,0.0357395,2.80646,-0.828735,0.000557686,-0.000725067,-0.00108665,0.000163526,-0.000160422,-0.000103442,0.000799093,
4.461,0,0,0,0,0,0,0,0,0,0,0,0,0,0,0,0,0.016475,0.999717,0.0165945,0,0.996461,-0.0150505,-0.0825852,0,-0.0823136,0.0178967,-0.996446,0,0.422228,-0.00987848,0.039578,1,0.276041,-28.4485,0.334665,12.1256,0.0635362,2.19618,-0.103257,12.981,-114.774,8.93957,-12.6443,-9.3368,-14.9754,-52.113,-0.0375987,0.315338,0.0131914,-2.57418,0.0357395,2.80646,-0.828734,-0.00195319,0.00100346,-0.000632059,-0.000444316,0.000103636,0.000390212,0.00252332,
4.495,0,0,0,0,0,0,0,0,0,0,0,0,0,0,0,0,0.0164761,0.999717,0.0165942,0,0.99646,-0.0150516,-0.0825894,0,-0.0823179,0.0178966,-0.996445,0,0.422228,-0.00988275,0.0395753,1,0.276041,-28.5992,0.374338,12.0542,0.0699449,2.20351,-0.00346424,186.75,-219.014,64.0017,-127.525,19.5968,7.69624,-7.42557,-0.0376054,0.315347,0.0131883,-2.57417,0.0357388,2.80646,-0.828742,-0.000578438,0.00165557,-0.00109928,0.00109804,-0.000349717,-3.48105e-05,0.00821602,
4.529,0,0,0,0,0,0,0,0,0,0,0,0,0,0,0,0,0.0164583,0.999717,0.016596,0,0.996461,-0.0150337,-0.0825867,0,-0.0823154,0.0178969,-0.996446,0,0.422228,-0.00987395,0.0395777,1,0.16099,-28.4485,0.29896,12.1256,0.058043,2.20351,-0.00987293,-50.1239,-32.6453,-25.4221,117.944,-13.828,-5.55883,56.7151,-0.0375906,0.315338,0.0131936,-2.57418,0.0357401,2.80646,-0.828742,-0.000210115,0.0030425,0.000181294,-0.000905216,0.000255465,-0.0007213,-0.00180105,
4.563,0,0,0,0,0,0,0,0,0,0,0,0,0,0,0,0,0.0164671,0.999717,0.016595,0,0.996462,-0.0150427,-0.0825762,0,-0.0823048,0.0178965,-0.996447,0,0.422232,-0.00987368,0.039581,1,0.200663,-28.4128,0.334665,12.0542,0.0635362,2.19618,-0.103257,49.5153,30.4516,16.9103,-101.735,-0.52656,-8.37297,-51.1027,-0.0375905,0.315333,0.0131943,-2.57418,0.0357395,2.80646,-0.828731,-0.00272338,-3.38475e-05,-0.00120008,0.000700001,-4.68907e-05,0.000219552,0.00231817,
4.597,0,0,0,0,0,0,0,0,0,0,0,0,0,0,0,0,0.016474,0.999717,0.0165946,0,0.996461,-0.0150494,-0.0825876,0,-0.0823161,0.0178967,-0.996446,0,0.422228,-0.00987758,0.0395772,1,0.200663,-28.4881,0.334665,12.0899,0.0635362,2.20991,-0.0831151,-105.632,-77.4408,-1.33383,41.2615,6.52139,17.7491,-46.2259,-0.0375966,0.31534,0.0131914,-2.57418,0.0357395,2.80646,-0.828733,0.00111107,0.000777731,-0.000196478,0.000443671,5.11089e-05,-5.65261e-05,0.00217557,
4.631,0,0,0,0,0,0,0,0,0,0,0,0,0,0,0,0,0.0164594,0.999717,0.016596,0,0.996461,-0.0150348,-0.0825875,0,-0.0823162,0.0178969,-0.996446,0,0.422227,-0.00987524,0.0395768,1,0.16099,-28.4881,0.29896,12.1256,0.0635362,2.18977,0.00294445,14.8819,-40.0368,-3.58224,5.48194,-4.80794,-12.5949,43.3084,-0.0375937,0.31534,0.0131936,-2.57418,0.0357395,2.80646,-0.828743,0.00082318,0.00032261,0.000665284,0.00193292,7.52753e-05,-0.00506231,-0.00281387,
4.665,0,0,0,0,0,0,0,0,0,0,0,0,0,0,0,0,0.0164556,0.999717,0.0165966,0,0.996461,-0.0150309,-0.0825865,0,-0.0823153,0.0178972,-0.996446,0,0.422227,-0.00986842,0.0395783,1,0.16099,-28.4128,0.263254,12.1613,0.0699449,2.20351,-0.103257,171.745,-39.4653,12.4422,103.881,12.8302,-1.68868,-49.279,-0.0375843,0.315335,0.0131993,-2.57418,0.0357388,2.80646,-0.828731,-0.000450116,-0.000555434,-1.2115e-05,-0.00190375,-0.000340961,0.00695478,0.00928248,
4.699,0,0,0,0,0,0,0,0,0,0,0,0,0,0,0,0,0.0164512,0.999717,0.016598,0,0.996461,-0.0150265,-0.0825849,0,-0.0823137,0.0178983,-0.996446,0,0.422228,-0.00986715,0.0395793,1,0.200663,-28.4128,0.263254,12.1256,0.0635362,2.20991,-0.0767064,57.0798,61.6879,-99.8213,-39.6064,-4.25136,30.9668,-44.7756,-0.0375849,0.315332,0.0132025,-2.57418,0.0357398,2.80646,-0.828734,-0.000690548,-0.000470197,0.000660779,-0.00053417,9.98369e-06,-0.000635417,0.00149207,
4.733,0,0,0,0,0,0,0,0,0,0,0,0,0,0,0,0,0.0164735,0.999717,0.0165947,0,0.996461,-0.0150491,-0.0825807,0,-0.0823092,0.0178967,-0.996446,0,0.42223,-0.0098771,0.0395796,1,0.236368,-28.4128,0.374338,12.0899,0.0635362,2.19618,-0.0895238,-43.5925,23.7118,177.066,-13.0298,0.0500818,-0.573575,-121.468,-0.0375966,0.315335,0.0131925,-2.57418,0.0357395,2.80646,-0.828733,-0.00211647,-0.000250859,-0.000606839,-6.64631e-05,0.000870666,0.00206042,0.00216646,
4.767,0,0,0,0,0,0,0,0,0,0,0,0,0,0,0,0,0.0164568,0.999717,0.016597,0,0.996461,-0.0150322,-0.0825855,0,-0.0823143,0.0178977,-0.996446,0,0.422227,-0.00987051,0.0395778,1,0.16099,-28.4485,0.29896,12.1613,0.0699449,2.18245,-0.0693822,-38.4406,-87.405,31.5356,97.7688,12.1918,-3.23462,-2.6565,-0.0375899,0.315337,0.0132,-2.57418,0.0357388,2.80646,-0.828735,0.000867404,-0.000165444,0.0043733,-0.00197303,-0.00017953,0.000594257,0.000839705,
4.801,0,0,0,0,0,0,0,0,0,0,0,0,0,0,0,0,0.0164432,0.999717,0.0165985,0,0.996461,-0.0150184,-0.0825853,0,-0.0823143,0.0178981,-0.996446,0,0.422228,-0.00986367,0.0395789,1,0.0895788,-28.4128,0.263254,12.1256,0.0699449,2.18977,-0.0831151,-111.923,15.7108,-83.2202,1.04557,2.03228,-3.31777,-60.2541,-0.0375795,0.315335,0.0132049,-2.57418,0.0357388,2.80645,-0.828733,0.00137707,0.000380904,0.000311428,-0.000243309,-0.000250319,0.000208893,0.0020265,
4.835,0,0,0,0,0,0,0,0,0,0,0,0,0,0,0,0,0.0164598,0.999717,0.0165974,0,0.996461,-0.0150351,-0.0825853,0,-0.082314,0.0178984,-0.996446,0,0.422228,-0.00987482,0.039578,1,0.311747,-28.4881,0.29896,12.1256,0.0763536,2.19618,-0.00987293,167.343,-107.09,-13.2277,82.6312,22.7842,5.98482,61.4498,-0.0376002,0.315337,0.0132,-2.57418,0.0357381,2.80646,-0.828742,-0.00237652,0.000927786,0.000149608,-0.00116282,-0.00086547,-2.48503e-05,-0.00239201,
4.869,0,0,0,0,0,0,0,0,0,0,0,0,0,0,0,0,0.0164724,0.999717,0.0165957,0,0.996461,-0.0150478,-0.082581,0,-0.0823095,0.0178976,-0.996446,0,0.42223,-0.00987845,0.0395795,1,0.236368,-28.4485,0.334665,12.1256,0.0635362,2.19618,-0.0364232,49.1889,-41.0768,4.19529,10.3943,0.280087,19.7973,-10.9573,-0.0376022,0.315335,0.0131946,-2.57418,0.0357395,2.80646,-0.828738,0.000372589,0.000560207,-6.1392e-05,-0.00160084,-6.7134e-05,-9.51569e-05,-0.000394391,
4.903,0,0,0,0,0,0,0,0,0,0,0,0,0,0,0,0,0.0164357,0.999717,0.0165999,0,0.996461,-0.0150108,-0.082586,0,-0.0823151,0.0178989,-0.996446,0,0.422227,-0.00985995,0.0395791,1,0.0895788,-28.4128,0.223581,12.1613,0.0763536,2.20991,-0.0895238,-4.39005,108.663,48.6682,53.7351,12.8707,21.8695,-56.2532,-0.0375771,0.315332,0.0132104,-2.57418,0.0357381,2.80646,-0.828733,-3.07311e-05,-0.000150782,-6.27227e-05,-0.00781017,-0.000521267,0.00032533,0.00230273,
4.937,0,0,0,0,0,0,0,0,0,0,0,0,0,0,0,0,0.0164583,0.999717,0.0166,0,0.996462,-0.0150335,-0.0825773,0,-0.0823059,0.0179007,-0.996446,0,0.42223,-0.00986994,0.0395814,1,0.311747,-28.3731,0.263254,12.1256,0.058043,2.19618,-0.0693822,158.85,55.2094,-185.321,78.1117,-7.47878,11.4583,-19.5206,-0.0375987,0.315329,0.0132089,-2.57418,0.0357401,2.80646,-0.828735,-0.00163937,-0.000824852,0.000736955,-0.000297218,7.61649e-05,-0.000191054,0.00154782,
4.971,0,0,0,0,0,0,0,0,0,0,0,0,0,0,0,0,0.0164725,0.999717,0.016597,0,0.996461,-0.0150478,-0.0825811,0,-0.0823095,0.017899,-0.996446,0,0.42223,-0.00987841,0.0395796,1,0.236368,-28.4485,0.374338,12.0899,0.0635362,2.20351,-0.0171971,-87.4377,18.1331,34.3848,-30.2637,3.44615,17.1756,12.0508,-0.0376026,0.315335,0.0131951,-2.57418,0.035743,2.80646,-0.828741,0.000965204,-0.00078159,-0.000693131,0.0020695,-4.58663e-05,-0.000238221,-0.00153036,
5.005,0,0,0,0,0,0,0,0,0,0,0,0,0,0,0,0,0.0164474,0.999717,0.0165991,0,0.996461,-0.0150225,-0.0825901,0,-0.082319,0.0178991,-0.996445,0,0.422225,-0.00986681,0.0395769,1,0.125284,-28.4485,0.263254,12.201,0.0699449,2.19618,-0.0501561,-58.8399,-142.532,-23.424,218.465,23.9531,-6.57143,15.5737,-0.0375881,0.315337,0.0132057,-2.57419,0.0357388,2.80646,-0.828737,-0.000596567,0.00064389,0.000301578,-0.00160205,-0.000317225,-7.44774e-05,-0.000126115,
5.039,0,0,0,0,0,0,0,0,0,0,0,0,0,0,0,0,0.016451,0.999717,0.0165995,0,0.996462,-0.0150262,-0.0825783,0,-0.0823071,0.0178996,-0.996446,0,0.422231,-0.00986683,0.0395808,1,0.200663,-28.4128,0.263254,12.0899,0.0635362,2.20351,-0.0767064,16.1106,-69.9265,-54.9129,-31.0892,-0.555311,34.554,9.63983,-0.0375902,0.315332,0.0132079,-2.57418,0.0357395,2.80646,-0.828734,0.000232876,0.000867861,0.000793498,9.59709e-05,1.05794e-05,-0.000521791,0.000803158,
5.073,0,0,0,0,0,0,0,0,0,0,0,0,0,0,0,0,0.0164693,0.999717,0.0165994,0,0.996461,-0.0150445,-0.082577,0,-0.0823055,0.017901,-0.996446,0,0.422231,-0.00987519,0.0395793,1,0.311747,-28.4881,0.29896,12.0542,0.0635362,2.19618,-0.0364232,84.0476,-8.17328,-44.0442,-47.444,10.7756,22.7525,-30.8364,-0.0376043,0.315337,0.0132032,-2.57418,0.0357437,2.80646,-0.828739,-0.00160555,-0.000252021,0.000866297,0.00270688,1.93014e-05,7.32617e-06,8.81691e-05,
5.107,0,0,0,0,0,0,0,0,0,0,0,0,0,0,0,0,0.016455,0.999717,0.016598,0,0.996462,-0.0150305,-0.0825721,0,-0.0823009,0.0178984,-0.996447,0,0.422232,-0.00986972,0.039583,1,0.16099,-28.3731,0.29896,12.0899,0.0635362,2.18977,-0.0629735,-24.4208,19.369,-46.9878,-92.6958,-7.93672,-38.013,41.3463,-0.0375915,0.315327,0.0132032,-2.57418,0.0357395,2.80646,-0.828736,0.00104838,-0.000520856,0.000479691,-0.000944121,9.23473e-06,0.000281285,-7.90229e-05,
5.141,0,0,0,0,0,0,0,0,0,0,0,0,0,0,0,0,0.0164523,0.999717,0.0165992,0,0.996462,-0.0150276,-0.0825758,0,-0.0823046,0.0178994,-0.996446,0,0.422232,-0.00987007,0.0395814,1,0.236368,-28.4128,0.263254,12.0542,0.0699449,2.20351,-0.0300145,41.2097,2.00819,-66.5774,-123.044,8.15152,15.749,-20.2984,-0.0375956,0.315332,0.013206,-2.57418,0.0357388,2.80646,-0.828739,-0.000647547,-0.000398187,0.00100504,0.000360703,-0.000157343,-0.000275415,-0.00193396,
5.175,0,0,0,0,0,0,0,0,0,0,0,0,0,0,0,0,0.0164657,0.999717,0.0165974,0,0.996462,-0.0150412,-0.0825744,0,-0.0823029,0.0178987,-0.996447,0,0.422232,-0.00987358,0.0395816,1,0.236368,-28.4128,0.334665,12.0542,0.0635362,2.18977,-0.0767064,-0.901277,40.4365,59.4594,-63.0357,6.55468,-21.0404,-35.0563,-0.0375981,0.315332,0.0132011,-2.57418,0.0357398,2.80646,-0.828734,-0.000133386,-0.000368937,-0.000369349,0.000176621,4.9033e-06,0.00022114,0.00135606,
5.209,0,0,0,0,0,0,0,0,0,0,0,0,0,0,0,0,0.0164504,0.999717,0.0165994,0,0.996461,-0.0150256,-0.0825819,0,-0.0823107,0.0178995,-0.996446,0,0.422228,-0.00987006,0.0395796,1,0.200663,-28.4128,0.29896,12.1613,0.0516343,2.18977,0.00294445,-23.2493,34.3837,118.806,88.9398,-29.7919,-24.6279,53.9458,-0.0375934,0.315332,0.013204,-2.57418,0.0357408,2.80646,-0.828743,0.00122511,0.000298838,-0.000214319,-0.00103366,0.000415198,4.62039e-05,-0.00186314,
5.243,0,0,0,0,0,0,0,0,0,0,0,0,0,0,0,0,0.0164506,0.999717,0.0165988,0,0.996462,-0.015026,-0.082573,0,-0.0823018,0.0178988,-0.996447,0,0.422233,-0.00986992,0.0395826,1,0.16099,-28.3731,0.29896,12.0542,0.0635362,2.20351,-0.0171971,-38.296,103.863,13.6764,-13.079,-10.7505,21.4866,56.6671,-0.0375928,0.315329,0.013204,-2.57418,0.0357395,2.80646,-0.828741,0.000737277,-0.000201774,0.0002015,0.00727797,-6.76956e-05,-0.000375151,-0.00234436,
5.277,0,0,0,0,0,0,0,0,0,0,0,0,0,0,0,0,0.0164572,0.999717,0.0165988,0,0.996461,-0.0150325,-0.08258,0,-0.0823087,0.0178994,-0.996446,0,0.42223,-0.00986901,0.0395792,1,0.16099,-28.4485,0.334665,12.0899,0.0461412,2.18245,-0.0767064,-134.162,-1.78124,59.5584,-41.3632,-30.3902,-24.222,13.6689,-0.0375906,0.315336,0.0132039,-2.57418,0.0357414,2.80646,-0.828734,0.00162593,-0.00035042,-0.000524823,-0.00474236,0.000480948,0.000271576,0.00044728,
5.311,0,0,0,0,0,0,0,0,0,0,0,0,0,0,0,0,0.0164627,0.999717,0.0165983,0,0.996461,-0.015038,-0.0825798,0,-0.0823084,0.0178994,-0.996446,0,0.422229,-0.00987172,0.0395793,1,0.236368,-28.4485,0.334665,12.0899,0.058043,2.19618,-0.0629735,40.6125,-45.4037,55.1234,-15.7012,-26.2893,6.3616,-0.572624,-0.0375959,0.315334,0.0132029,-2.57418,0.0357412,2.80646,-0.828735,-0.000370651,0.000646484,-0.000612197,-0.00377603,0.000169912,-0.000162618,0.00128877,
5.345,0,0,0,0,0,0,0,0,0,0,0,0,0,0,0,0,0.0164481,0.999717,0.0165985,0,0.996462,-0.0150235,-0.0825764,0,-0.0823053,0.0178983,-0.996446,0,0.422231,-0.00986909,0.0395813,1,0.16099,-28.4128,0.334665,12.0899,0.0699449,2.18977,-0.0171971,-181.767,-37.7995,80.7015,-49.7653,21.7669,5.34815,48.684,-0.0375906,0.31533,0.0132037,-2.57418,0.0357388,2.80646,-0.828741,0.00148682,-0.000206459,-0.000832491,-0.00050857,-0.000157824,0.000141905,-0.00347322,
5.379,0,0,0,0,0,0,0,0,0,0,0,0,0,0,0,0,0.0164562,0.999717,0.0165996,0,0.996462,-0.0150314,-0.0825767,0,-0.0823054,0.0179001,-0.996446,0,0.422231,-0.00987282,0.0395809,1,0.276041,-28.4128,0.263254,12.0899,0.0635362,2.18977,0.00294445,46.2375,29.3542,-111.646,19.906,-1.90906,-3.23793,44.7533,-0.0376018,0.315332,0.0132057,-2.57418,0.0357398,2.80646,-0.828743,0.000124862,-0.00224686,0.00148009,-0.00445612,8.44382e-05,0.00021846,-0.00204801,
5.413,0,0,0,0,0,0,0,0,0,0,0,0,0,0,0,0,0.0164493,0.999717,0.0165991,0,0.996462,-0.0150246,-0.0825773,0,-0.0823062,0.0178991,-0.996446,0,0.422231,-0.00986828,0.0395807,1,0.16099,-28.4485,0.29896,12.0899,0.0635362,2.18977,0.00294445,-130.531,-71.7724,70.4702,-12.9034,2.36188,-5.48326,58.5314,-0.0375909,0.315332,0.0132056,-2.57418,0.0357395,2.80646,-0.828739,0.000853997,0.000751336,-9.01311e-05,8.14271e-05,9.54268e-05,0.000154117,-0.00211268,
5.447,0,0,0,0,0,0,0,0,0,0,0,0,0,0,0,0,0.01645,0.999717,0.0165985,0,0.996462,-0.0150254,-0.0825792,0,-0.0823081,0.0178986,-0.996446,0,0.42223,-0.00986962,0.0395803,1,0.200663,-28.4128,0.334665,12.1256,0.0635362,2.18977,-0.0171971,73.8138,57.1135,66.9774,-29.4518,4.69085,-9.59734,50.1122,-0.0375913,0.315332,0.0132031,-2.57418,0.0357395,2.80646,-0.828741,-0.000370115,0.000538733,-0.000606474,-7.58557e-05,3.23256e-05,0.000103042,-0.00217604,
5.481,0,0,0,0,0,0,0,0,0,0,0,0,0,0,0,0,0.0164596,0.999717,0.0165983,0,0.996462,-0.015035,-0.0825781,0,-0.0823067,0.0178992,-0.996446,0,0.42223,-0.00987117,0.0395814,1,0.236368,-28.3731,0.29896,12.1256,0.0635362,2.20351,-0.0693822,-15.1564,53.2056,-87.9405,27.1714,-2.13499,8.32583,-82.9673,-0.0375959,0.315329,0.013204,-2.57418,0.0357395,2.80646,-0.828735,-0.000853226,-0.000621817,0.000741121,-0.0031614,1.79613e-05,-0.00034674,0.00118234,
5.515,0,0,0,0,0,0,0,0,0,0,0,0,0,0,0,0,0.0164584,0.999717,0.0165992,0,0.996462,-0.0150338,-0.0825745,0,-0.0823032,0.0178999,-0.996447,0,0.422232,-0.00987026,0.0395821,1,0.200663,-28.3731,0.263254,12.0899,0.058043,2.19618,-0.0693822,-61.7076,132.578,-99.8257,-65.2098,8.93469,11.911,21.2385,-0.0375966,0.315329,0.0132065,-2.57418,0.0357401,2.80646,-0.828735,0.000298819,-0.00214947,0.00126864,0.000718786,2.56757e-05,-0.000111238,0.000106073,
5.549,0,0,0,0,0,0,0,0,0,0,0,0,0,0,0,0,0.0164453,0.999717,0.0165987,0,0.996462,-0.0150208,-0.0825718,0,-0.0823007,0.0178982,-0.996447,0,0.422234,-0.00986711,0.039583,1,0.125284,-28.3731,0.334665,12.0542,0.0635362,2.20991,-0.0300145,-115.798,47.7215,126.918,-68.8596,-10.675,32.7762,-28.0402,-0.037586,0.315329,0.0132039,-2.57417,0.0357395,2.80646,-0.828739,0.00112963,-0.000599996,-0.000778472,0.0013447,7.1472e-05,-0.000574683,-0.000886034,
5.583,0,0,0,0,0,0,0,0,0,0,0,0,0,0,0,0,0.0164611,0.999717,0.0165978,0,0.996461,-0.0150364,-0.0825824,0,-0.0823111,0.0178988,-0.996446,0,0.422229,-0.00987251,0.039579,1,0.236368,-28.4881,0.334665,12.1256,0.0635362,2.18977,-0.0565648,-130.279,-161.026,69.5879,37.0563,-9.387,-2.41498,-43.2884,-0.0375966,0.315335,0.0132018,-2.57418,0.0357395,2.80646,-0.828736,-0.00600099,0.00112949,-0.00055727,-0.00109102,-7.84456e-05,0.000319726,0.000222632,
5.617,0,0,0,0,0,0,0,0,0,0,0,0,0,0,0,0,0.0164591,0.999717,0.0165995,0,0.996461,-0.0150344,-0.0825788,0,-0.0823075,0.0179003,-0.996446,0,0.42223,-0.00987048,0.0395799,1,0.236368,-28.4485,0.29896,12.0899,0.0516343,2.19618,-0.0629735,-63.7655,-29.5321,-65.2848,16.683,-25.3852,16.5073,38.0428,-0.037597,0.315334,0.0132063,-2.57418,0.0357409,2.80646,-0.828736,-0.00021357,0.000206317,0.000294917,-8.75161e-05,0.000507491,-0.000123708,-0.000182683,
5.651,0,0,0,0,0,0,0,0,0,0,0,0,0,0,0,0,0.0164529,0.999717,0.0165988,0,0.996462,-0.0150283,-0.0825766,0,-0.0823053,0.017899,-0.996446,0,0.422231,-0.00986687,0.0395815,1,0.16099,-28.3731,0.29896,12.1256,0.0635362,2.18977,-0.0959325,-53.9771,6.34507,-7.46022,77.5232,-2.14742,3.65945,-24.227,-0.0375884,0.315329,0.0132063,-2.57418,0.0357396,2.80646,-0.828732,0.00199857,-5.23676e-05,0.000404844,-0.000536503,4.12372e-05,0.000143543,0.00257186,
5.685,0,0,0,0,0,0,0,0,0,0,0,0,0,0,0,0,0.0164489,0.999717,0.0165982,0,0.996462,-0.0150244,-0.0825734,0,-0.0823022,0.0178981,-0.996447,0,0.422233,-0.00987127,0.0395816,1,0.200663,-28.4128,0.334665,12.0542,0.0699449,2.18245,0.0166774,-144.472,74.3265,12.4493,-7.99734,-7.43154,1.23044,12.089,-0.0375934,0.315332,0.0132018,-2.57418,0.0357388,2.80646,-0.828745,0.00112953,-0.000373831,6.36978e-05,0.00679997,-0.000265781,0.000285774,-0.00202651,
5.719,0,0,0,0,0,0,0,0,0,0,0,0,0,0,0,0,0.016451,0.999717,0.0165995,0,0.996461,-0.0150262,-0.0825808,0,-0.0823096,0.0178997,-0.996446,0,0.422229,-0.00987092,0.0395798,1,0.236368,-28.4128,0.29896,12.1613,0.0699449,2.18245,0.00294445,15.3587,50.0769,-17.187,186.182,13.2559,-17.9077,49.788,-0.0375981,0.315332,0.0132063,-2.57418,0.0357388,2.80646,-0.828743,-0.000190565,0.000205376,0.000687521,0.000654554,-0.000197242,0.000411285,-0.00202322,
5.75,0,0,0,0,0,0,0,0,0,0,0,0,0,0,0,0,0.0164491,0.999717,0.0165994,0,0.996461,-0.0150243,-0.082581,0,-0.0823098,0.0178994,-0.996446,0,0.422229,-0.00986925,0.0395796,1,0.200663,-28.4485,0.29896,12.1256,0.0635362,2.18977,-0.00987293,59.8185,-90.0754,-19.3579,2.89576,10.8991,-5.94393,57.4731,-0.0375934,0.315334,0.0132057,-2.57418,0.0357395,2.80646,-0.828741,0.000506572,0.000735263,-3.71268e-05,-0.000759068,-0.00013205,0.000382926,-0.00235786,
5.787,0,0,0,0,0,0,0,0,0,0,0,0,0,0,0,0,0.0164603,0.999717,0.0165994,0,0.996462,-0.0150356,-0.0825766,0,-0.0823052,0.0179002,-0.996446,0,0.422231,-0.00986875,0.0395815,1,0.236368,-28.3731,0.263254,12.1256,0.0635362,2.18977,-0.0895238,-1.41196,64.8227,-68.2499,52.3459,-6.6957,-17.1934,-27.4281,-0.0375959,0.315329,0.0132089,-2.57418,0.0357395,2.80646,-0.82873,-0.00122506,-0.000467593,0.000915767,-0.00590013,2.75461e-05,-2.25565e-05,0.00180738,
5.821,0,0,0,0,0,0,0,0,0,0,0,0,0,0,0,0,0.0164597,0.999717,0.0165986,0,0.996462,-0.0150351,-0.0825768,0,-0.0823054,0.0178994,-0.996446,0,0.422231,-0.00987144,0.0395812,1,0.200663,-28.4128,0.334665,12.0899,0.0635362,2.19618,-0.0428319,-9.53794,99.072,48.7044,-41.3231,5.2022,5.30435,-18.5481,-0.0375934,0.315331,0.0132014,-2.57418,0.0357427,2.80646,-0.828738,0.000258,-0.000576233,-0.000445335,-0.00154097,-2.84507e-05,3.20968e-06,-0.000983302,
5.855,0,0,0,0,0,0,0,0,0,0,0,0,0,0,0,0,0.0164541,0.999717,0.0166,0,0.996462,-0.0150294,-0.0825747,0,-0.0823034,0.0179003,-0.996447,0,0.422231,-0.00986951,0.0395824,1,0.200663,-28.3374,0.29896,12.1256,0.0699449,2.18977,-0.0236058,1.88678,65.9637,-43.6188,110.529,9.57602,15.479,9.38999,-0.0375937,0.315327,0.0132056,-2.57418,0.035743,2.80646,-0.82874,0.000330491,-0.000873911,0.00377626,-0.00499002,-2.9115e-05,0.000110724,-0.00168268,
5.889,0,0,0,0,0,0,0,0,0,0,0,0,0,0,0,0,0.0164519,0.999717,0.0165999,0,0.996461,-0.015027,-0.0825832,0,-0.082312,0.0179001,-0.996446,0,0.422229,-0.00986891,0.0395792,1,0.200663,-28.4485,0.29896,12.1256,0.0516343,2.20351,-0.0300145,94.0318,-53.3677,-20.6913,-13.1049,-31.5506,21.2439,-33.1497,-0.0375934,0.315334,0.0132063,-2.57418,0.0357408,2.80646,-0.828739,-0.000555364,0.000232318,0.000664429,-0.00159628,0.000426094,-0.000504177,-0.000577775,
5.922,0,0,0,0,0,0,0,0,0,0,0,0,0,0,0,0,0.0164619,0.999717,0.0165971,0,0.996462,-0.0150374,-0.0825777,0,-0.0823063,0.0178981,-0.996446,0,0.422231,-0.00987194,0.0395809,1,0.200663,-28.4128,0.374338,12.0899,0.0699449,2.19618,-0.0831151,-92.8801,-16.202,150.078,-44.7561,3.16893,2.75632,14.0145,-0.0375941,0.315332,0.0132009,-2.57418,0.0357388,2.80646,-0.828733,0.000506015,-0.000603753,-0.00224521,-0.000435211,-0.000307273,-0.000174975,0.00749977,
5.959,0,0,0,0,0,0,0,0,0,0,0,0,0,0,0,0,0.0164572,0.999717,0.0165993,0,0.996461,-0.0150324,-0.0825818,0,-0.0823105,0.0179,-0.996446,0,0.422229,-0.0098691,0.0395796,1,0.16099,-28.4485,0.29896,12.1256,0.0635362,2.19618,-0.0629735,-117.314,-110.082,-30.8545,-36.2876,-8.88207,26.3445,18.9232,-0.0375914,0.315333,0.0132043,-2.57418,0.0357427,2.80646,-0.828736,0.00172574,0.00101325,0.000691845,-0.00240909,0.000179226,-0.000150854,-0.000264848,
5.993,0,0,0,0,0,0,0,0,0,0,0,0,0,0,0,0,0.0164573,0.999717,0.0165979,0,0.996462,-0.0150327,-0.0825786,0,-0.0823073,0.0178986,-0.996446,0,0.42223,-0.00986933,0.0395807,1,0.16099,-28.4128,0.334665,12.0899,0.0635362,2.19618,-0.0895238,-151.759,74.2504,84.5837,-108.559,-0.828782,12.7481,-33.838,-0.0375906,0.315332,0.0132032,-2.57418,0.0357395,2.80646,-0.828733,0.00120444,-0.000550056,-0.00103329,2.8805e-05,2.4514e-05,-8.88871e-05,0.00194279,
6.027,0,0,0,0,0,0,0,0,0,0,0,0,0,0,0,0,0.0164589,0.999717,0.0165987,0,0.996462,-0.0150343,-0.0825758,0,-0.0823044,0.0178995,-0.996446,0,0.422231,-0.00987158,0.0395824,1,0.236368,-28.3731,0.29896,12.1256,0.058043,2.20351,-0.0428319,98.3799,45.2994,-41.5043,86.252,-17.5169,21.7558,-23.3771,-0.0375959,0.315327,0.0132032,-2.57418,0.0357412,2.80646,-0.828738,-0.000467168,0.000189403,0.000244503,8.99737e-05,0.000235987,-0.000450614,-0.000520919,
6.061,0,0,0,0,0,0,0,0,0,0,0,0,0,0,0,0,0.0164558,0.999717,0.0166002,0,0.996461,-0.015031,-0.0825792,0,-0.082308,0.0179007,-0.996446,0,0.42223,-0.0098701,0.0395799,1,0.276041,-28.4485,0.263254,12.0899,0.058043,2.18977,-0.0428319,43.7136,-1.90926,-131.601,-95.2611,-13.61,-11.8054,45.0672,-0.0375987,0.315334,0.0132086,-2.57418,0.0357401,2.80646,-0.828738,-0.000928372,-0.000326533,0.000727975,-0.00138802,0.000117485,3.2856e-05,-0.000638866,
6.095,0,0,0,0,0,0,0,0,0,0,0,0,0,0,0,0,0.0164557,0.999717,0.0165981,0,0.996462,-0.0150312,-0.0825725,0,-0.0823012,0.0178985,-0.996447,0,0.422232,-0.00987023,0.0395825,1,0.200663,-28.3731,0.334665,12.0899,0.0699449,2.18245,-0.0629735,3.02051,-10.1597,35.2324,4.63465,3.32324,-21.9537,37.3195,-0.0375934,0.315328,0.0132039,-2.57418,0.0357388,2.80646,-0.828736,0.000714813,0.000207494,-0.00133927,-0.00567459,-0.000157033,0.000324726,-6.37036e-05,
