1544229399.84,0.30029605502444,0.060288681591306,0.166906029224649,0.582489817127272,0.396601310822871,0.415518031106895,0.57511544842898,0.316502382953139,-0.00924024625730198,0.0502001173365251,0.434506871128212,0.557488999768145,0.35140468959715,0.613941803601135
1544229399.94,0.301246426742973,0.0635744609574692,0.163577060742652,0.584103048110749,0.400364739755887,0.415661832043339,0.570751211764204,0.317862576148246,-0.0172610452373444,0.0478682317562202,0.434971170069629,0.554699541423873,0.347087015405181,0.618578292287667
1544229400.04,0.304878098438288,0.0671441532403313,0.158729179735465,0.582642629362976,0.405608755606717,0.416352937747405,0.568031103948784,0.317868203158358,-0.0189883338694308,0.0459623778796742,0.434096969092905,0.555692782331806,0.346770592717983,0.618478382091653
1544229400.14,0.308012998945329,0.0723667150399527,0.159675238959262,0.580355814922445,0.404342753321381,0.42384316314593,0.565730535658667,0.317340472645858,-0.0200295970281042,0.043222572163357,0.434254671142907,0.557496169916012,0.346446590581371,0.616924355974123
1544229400.24,0.311375310233658,0.0737103180040596,0.159103665433583,0.576516615242814,0.404669018585457,0.426031600243087,0.567775178517313,0.316915190215183,-0.0208088088253232,0.0404518081387601,0.428190314756513,0.55917990280652,0.348006335338268,0.618758823137446
1544229400.34,0.313963841737145,0.0756378953091023,0.158389887015994,0.576338613526642,0.403663993700763,0.429702664437106,0.565901760841394,0.31749648780831,-0.0215341187207076,0.0360096824777092,0.429866620027517,0.560183108715307,0.347406948614142,0.617023488816093
1544229400.44,0.314652078419384,0.077893864037063,0.145687676491377,0.582182412525467,0.415662779776663,0.421427490968852,0.557393004898754,0.317902724591675,-0.0217406097625267,0.0342649019558474,0.430315011498497,0.560481781760024,0.347308381254926,0.616494972813438
1544229400.54,0.314701832731136,0.0832200081213967,0.14075101239551,0.582591537550506,0.42245850172662,0.424308549202478,0.549616384187304,0.317245454262889,-0.0218373095705113,0.0319231316696628,0.432182399175855,0.561604509579793,0.346667953869233,0.614524270002708
1544229400.64,0.317283557436477,0.086173620551252,0.137750151194295,0.580226798369178,0.425291786905028,0.427342620273967,0.547578344479365,0.31522734261307,-0.0210992139702151,0.0290811071756924,0.431224340251476,0.565916406812548,0.347905081949736,0.610529477444457
1544229400.74,0.32010420170167,0.0881937171083285,0.133868435983404,0.579722172043169,0.427275000024016,0.428429117323866,0.545716747979315,0.314958514739096,-0.0209686608716937,0.0254379234309455,0.432908065075462,0.567417479709472,0.347633138144349,0.608094739474601
1544229400.84,0.324065099999408,0.0897678866750666,0.124300991933104,0.582196099542608,0.431850162698425,0.425967987348607,0.541391182426252,0.315127905850436,-0.0210551773704037,0.0240189586790707,0.433384849332626,0.567729250992412,0.347529336758064,0.607523192996804
1544229400.94,0.324212843392181,0.0908901727958159,0.117814302170896,0.584910380328699,0.436905073506996,0.420697914510726,0.538523043568155,0.315371943448787,-0.0210821161817974,0.0227901440018847,0.432796956638122,0.566842153102662,0.348443284306168,0.608246697823053
1544229401.04,0.323725081903774,0.0909603344022765,0.112002775232358,0.592328366869299,0.438437240522921,0.415343585436134,0.53330066375512,0.315635779704086,-0.0214820368516156,0.0207439318819952,0.431683963927691,0.568147558279065,0.346833460957929,0.608739564731221
1544229401.14,0.321966104454592,0.0924797036493937,0.105193585768119,0.594732003969555,0.445887576601509,0.409589141155754,0.52888075020186,0.315849312238973,-0.0215910985794296,0.017744910623142,0.432774751325282,0.568862806367283,0.346598033982426,0.60742976959217
1544229401.24,0.320353225269593,0.0958445858058749,0.0952771826750475,0.597937074671626,0.455331501411538,0.405078916283671,0.52062995509085,0.316129928546755,-0.0217344233397317,0.0162698741136066,0.433097090783035,0.569073980204778,0.346528169985187,0.607041961000952
1544229401.34,0.319021644002484,0.100954236261906,0.0896610187730128,0.597041632438591,0.462955109438045,0.405584451121022,0.514504721833658,0.316331003373444,-0.0218371222939224,0.0146531969715675,0.433557347476552,0.569375357223976,0.346428181675537,0.606487628873126
1544229401.44,0.31941145601619,0.101621525127566,0.0848632423205861,0.600300661988784,0.464363801450291,0.404095828731537,0.510599585115611,0.31593539417383,-0.021536579562857,0.0132515155395517,0.43371342961607,0.568966910648603,0.347178856261136,0.606330072916444
1544229401.54,0.320295563179677,0.101833916807851,0.0800712026502377,0.602268594590458,0.465908876757398,0.401642424159628,0.508807253922221,0.315720271193437,-0.0211170620640577,0.0102266150696415,0.434148508922673,0.568996561970307,0.348023073098839,0.605506337916484
1544229401.64,0.321750039039825,0.102918545764224,0.0715175134249338,0.601601621153666,0.469739483878988,0.398947631957574,0.508193952803285,0.315009707548647,-0.0217963695266431,0.00590116948581554,0.428510976507861,0.576562788054949,0.339535278917993,0.607181594593137
1544229401.74,0.321909595773084,0.10377225271145,0.0685214242190336,0.603129910024965,0.470645578782349,0.399399635692159,0.505180147882788,0.31400742940687,-0.0236307448818648,-0.000178394061741152,0.41793905519009,0.58595091466374,0.326950970618751,0.612447168793357
1544229401.84,0.321711121577972,0.103952784032587,0.0662065934254613,0.602737497832323,0.473006369302519,0.397044755320402,0.505299857093431,0.31484881301788,-0.0235873598742574,-8.76340057403419e-05,0.411061681739267,0.580803205071402,0.330461923545351,0.620073260083983
1544229401.94,0.322113706549723,0.103503542318724,0.0665800802387327,0.604221712993521,0.471068743923292,0.398018817628279,0.504570491467243,0.314008131781582,-0.0229497529229069,-0.0019178017391247,0.412487159164334,0.582067381848723,0.330369515961096,0.6179869654256
1544229402.04,0.323880800264067,0.103539644332798,0.0671695227596946,0.600971294706952,0.4706268077016,0.399556212956401,0.507640368271467,0.313600525410777,-0.0226258150002911,-0.00316879013723161,0.411311127728,0.583851987247255,0.329082752560891,0.617773870571992
1544229402.14,0.324089852587347,0.103508950757445,0.0678620925164435,0.602057196937429,0.468980705905406,0.400986676761858,0.506748373617316,0.313840247075755,-0.022307262655553,-0.00348987837583237,0.408123679029415,0.583930225189066,0.329102429300044,0.619800085313766
1544229402.24,0.324316968101436,0.103055270192368,0.0673197115760752,0.601281479281625,0.469732073661353,0.399351552029005,0.508262431760141,0.313472747345363,-0.0234991764348083,-0.00744300352700452,0.397090493870578,0.591686821549256,0.318859002640206,0.624943822529555
1544229402.34,0.323960441399635,0.104288440054249,0.0680269217610717,0.601562754869235,0.469385276814533,0.40161375553186,0.506464317826515,0.313264680183225,-0.0234628458518783,-0.00968840692174203,0.390061836018403,0.596540549426667,0.313715331189055,0.627354626944461
1544229402.44,0.32268345916289,0.108709168556577,0.0683971354848478,0.596581866872539,0.474274951931087,0.404604594150513,0.505419101817432,0.313188846159704,-0.0238967237731295,-0.0107780591873613,0.386843627383042,0.598632500772759,0.310739679402776,0.628833832277131
1544229402.54,0.321756615193041,0.111422523419228,0.0683971354848478,0.594579706206156,0.476782578203273,0.40672900903348,0.503711087132579,0.313189402121824,-0.0236106686480373,-0.0113204306989905,0.384744636127025,0.599983689778149,0.309758886783273,0.629317542287254
1544229402.64,0.320984140232705,0.111286105400499,0.0651560097415028,0.59045952295501,0.483317474236502,0.400594192678946,0.507233736694725,0.312478252581409,-0.0267283124757159,-0.0181985981609579,0.364163812047571,0.61305973939821,0.289929357029981,0.638344297269241
1544229402.74,0.321521206540867,0.109423561141098,0.0642974781828491,0.5907347627909,0.483203549185416,0.397695137333513,0.50929887868154,0.312468960533857,-0.0251129816204988,-0.0187122258521886,0.354512075910237,0.618081693139988,0.286608977373236,0.640430716571345
1544229402.84,0.321296836687581,0.104870663082878,0.0575668910075818,0.583730339778893,0.493747125954332,0.381224475057881,0.519750484030846,0.312155318153595,-0.0279496336603895,-0.0240094924991461,0.331304181339906,0.630188978926403,0.267729424701228,0.649168965228269
1544229402.94,0.323495222698876,0.098805379543771,0.0578524650926064,0.588049819569174,0.487869709622808,0.376743290880117,0.523684111763989,0.311633182376655,-0.0275416868111155,-0.0249247811472124,0.321021715823122,0.635459359268885,0.261817935765274,0.651604043264901
1544229403.04,0.321720322531958,0.0982579898581385,0.0517859262236347,0.57909289760676,0.500796600526107,0.364544529801314,0.5300579842195,0.310287839978758,-0.0299602101491854,-0.0285412518805703,0.302111368477892,0.64535710819737,0.245308957405348,0.657317609190751
1544229403.14,0.317586037142138,0.0979670810572525,0.0381417095395359,0.559839598515793,0.527857529221447,0.340192982583307,0.540568947849373,0.308159921034963,-0.0289089478225932,-0.0286740977444066,0.288670255304292,0.654095856308379,0.236326918953183,0.658010396453474
1544229403.24,0.31286792818146,0.0958716491151331,0.0232710559964855,0.544925353378946,0.551900130147367,0.314972756242713,0.547041834243981,0.306849647818799,-0.0316502449746544,-0.031355657530929,0.26693166798063,0.666054555984807,0.217618073348815,0.661635237296889
1544229403.34,0.311047882194112,0.0971421390948203,0.0205079419302817,0.545357388306718,0.555348821360296,0.31368782728653,0.543850119651786,0.305745814696484,-0.0338149621498343,-0.0331831237992672,0.248695271706097,0.67598770479829,0.199564730015472,0.664353221807813
1544229403.44,0.308917361131595,0.0978749201231805,0.0167313272701851,0.544947495400284,0.560192335062118,0.31029361496907,0.541234373912111,0.306169567214419,-0.0396984600954859,-0.0365909327268102,0.22092641709797,0.684618443924887,0.166255925902538,0.674424251913
1544229403.54,0.307171020028039,0.0999061124753543,0.0147161901014909,0.544210884966698,0.563706932556763,0.310302031912478,0.538313715097614,0.305304116532762,-0.035428997643336,-0.0344062154836495,0.201926009167563,0.690380167617014,0.156786321035214,0.676771128609227
1544229403.63,0.304302141050208,0.0984965600237719,0.00551522312451022,0.523415076130646,0.583783971015204,0.291303376726528,0.548065028963346,0.304518036943883,-0.042154726869232,-0.0377325591845938,0.168142010193208,0.699389604672061,0.123678965534576,0.683583176189366
1544229403.74,0.301160200923038,0.0937646715124348,-0.00865907308817256,0.483139287414185,0.613905377788599,0.258571878497059,0.568187644823128,0.304754217346211,-0.0420631333594429,-0.03715504187734,0.157438316500822,0.701360947610787,0.112407866506182,0.686054275703763
1544229403.83,0.301003903465139,0.0939519745301217,-0.0106586442692351,0.477243002349692,0.617862989147736,0.255557581396492,0.570240971818451,0.304500138496646,-0.0495097770334329,-0.0392127808926901,0.133504719555401,0.706259212185765,0.0756191619080499,0.691126730355223
1544229403.94,0.30050315208714,0.0945426905137529,-0.011310637080815,0.476890795005979,0.618852626709659,0.255678214670066,0.569407803420579,0.302751069922987,-0.0449407321717857,-0.0379417573289398,0.115038873236939,0.710945510462901,0.0686071571940921,0.690373519754898
1544229404.04,0.300239833209205,0.0949343725472407,-0.011364352140839,0.476556131005553,0.61930217664053,0.255930901014871,0.569085619142706,0.301058939321372,-0.0528086734799282,-0.0394138563418287,0.0823120639042201,0.716408335703351,0.0364558076157407,0.691848823632495
1544229404.14,0.300116593612131,0.0953232541150421,-0.011364352140839,0.476154877413566,0.619610736435345,0.256299473111677,0.568919720252337,0.300533991718867,-0.0533503394378588,-0.0390990796701853,0.071434979519298,0.717962367286095,0.0250343536564612,0.691954018702852
1544229404.24,0.30047667797098,0.0949603322729875,-0.0109543852213321,0.478645570221799,0.617876385757796,0.256874008251533,0.568456624479585,0.299297403889655,-0.0578263960894264,-0.0393864418778019,0.0592420631381481,0.72000302092742,-0.00227482565123089,0.691433910781632
1544229404.34,0.300178254004601,0.0950337509242688,-0.0112549611493989,0.48078781448071,0.617304739319691,0.257463292529757,0.567001401462156,0.298971485059202,-0.0540882686805064,-0.0379442201628765,0.0427616908803902,0.721540953303529,-0.00860788627941074,0.690996378277545
1544229404.44,0.299950747525836,0.0949513466439699,-0.0111030763206564,0.482750601216338,0.616515534098435,0.258275783917283,0.565821590859255,0.29848481780718,-0.058471908815393,-0.0373740840028299,0.0211411273341272,0.722571332601719,-0.0307688299823832,0.690287622037896
1544229404.54,0.299680402406928,0.0941604310045063,-0.0119369321374152,0.481656714239949,0.617729222200631,0.256273832617473,0.566340127822964,0.298680640636152,-0.0590997388778123,-0.0365682002968398,0.0118722928614184,0.723542752585327,-0.0433265410175279,0.688816190784535
1544229404.64,0.299646258079542,0.0938571742984559,-0.0119492839802088,0.481538817628589,0.617810848567136,0.256311913335916,0.566334111273281,0.298610817238814,-0.0597986522259297,-0.0361109499147343,0.00773994526240531,0.724605186336492,-0.0586568599435967,0.686619829281932
1544229404.74,0.299453322726701,0.0935996171706579,-0.012494009368872,0.479973766419356,0.619027512344647,0.254877856819548,0.56698095260131,0.299153915165787,-0.0530752931395837,-0.0350186499009661,0.00599459531308446,0.724474795484569,-0.0545827279331467,0.687110661644833
1544229404.84,0.299185064668995,0.093867930835028,-0.0126511720192808,0.481856712525012,0.618472046073456,0.255760181519984,0.565590988585537,0.297837567482229,-0.0597372039073751,-0.0344407659113377,-0.0164310690028206,0.725102710866506,-0.0795968392004387,0.683827772070401
1544229404.94,0.299446906324485,0.0934767985730198,-0.0125985917294388,0.482190081786194,0.618020322278958,0.255510170488692,0.565913561468601,0.297489431771886,-0.0572539260986421,-0.0347321683455782,-0.0143590750482079,0.725784452052354,-0.079520711099658,0.683159719706182
1544229405.04,0.300190609698521,0.0940510412149521,-0.0105942595220322,0.489208573792105,0.612861572125752,0.26042908131102,0.563251594180917,0.297558131617373,-0.0559746902609181,-0.0346792395526118,-0.0126008025835794,0.725800375634583,-0.0799187205497348,0.683131050830396
1544229405.14,0.300190609698521,0.0940510412149521,-0.0105942595220322,0.489208573792105,0.612861572125752,0.26042908131102,0.563251594180917,0.297590256831055,-0.0552266118363186,-0.034609753624538,-0.0121794827247461,0.725807624266288,-0.0798114019439288,0.683143537536021
1544229405.24,0.30031220107943,0.093662064826774,-0.0105942595220322,0.4896054528675,0.612544558201739,0.26006417988229,0.563420169218318,0.297577540035043,-0.0552344074265807,-0.0346125409603768,-0.0118391228894216,0.725811133924636,-0.0800061685455647,0.683123009446251
1544229405.34,0.300433288438706,0.093272931243162,-0.0105942595220322,0.490002126513542,0.612227287265408,0.25969916933546,0.563588507855082,0.297564817358934,-0.0552421927963383,-0.0346153300282846,-0.0114987612283556,0.725814531653785,-0.080200922809244,0.683102376010328
1544229405.44,0.300433288438706,0.093272931243162,-0.0105942595220322,0.490002126513542,0.612227287265408,0.25969916933546,0.563588507855082,0.297564817358934,-0.0552421927963383,-0.0346153300282846,-0.0114987612283556,0.725814531653785,-0.080200922809244,0.683102376010328
1544229405.54,0.300262327018652,0.0935254360954742,-0.0106054139087567,0.491811494462213,0.611509624813002,0.260676712156934,0.562338940866589,0.297564817358934,-0.0552421927963383,-0.0346153300282846,-0.0114987612283556,0.725814531653785,-0.080200922809244,0.683102376010328
1544229405.64,0.299865323921432,0.0935471948522725,-0.0111710722398868,0.49433436578361,0.610947619906992,0.260815394277363,0.560670911179849,0.297462891998959,-0.0552285109105525,-0.0347581036938497,-0.0114960698367827,0.725976952996811,-0.0801754194141333,0.682932797731623
1544229405.74,0.299650489525309,0.0933611445670524,-0.0115918196183849,0.4947285360211,0.611179020912466,0.260296337537034,0.560312142209773,0.297299837246673,-0.0552066233597197,-0.0348201755918547,-0.0114932282276077,0.726148353802644,-0.0801484943108309,0.682753757100117
1544229405.84,0.299891382555341,0.0925844363631023,-0.0115918196183849,0.495519904362327,0.610537586343258,0.259570233738078,0.560648886380824,0.297299837246673,-0.0552066233597197,-0.0348201755918547,-0.0114932282276077,0.726148353802644,-0.0801484943108309,0.682753757100117
1544229405.94,0.299891382555341,0.0925844363631023,-0.0115918196183849,0.495519904362327,0.610537586343258,0.259570233738078,0.560648886380824,0.297264014729518,-0.055399188049725,-0.0348201755918547,-0.0112580459452536,0.726152038093178,-0.0803696173389855,0.682727763155567
1544229406.04,0.300089859391039,0.0928197289740344,-0.0110390721112894,0.497063420123092,0.609281606757201,0.260988250511907,0.559990190215536,0.297864798692563,-0.0556551311770906,-0.0346053564554281,-0.0110101480677001,0.724413640652346,-0.0807915287088144,0.684526393037722
1544229406.14,0.30053143723257,0.0937059622322139,-0.00951328256711548,0.501545526965113,0.605782445906137,0.265299079637631,0.557759904400354,0.297864798692563,-0.0556551311770906,-0.0346053564554281,-0.0110101480677001,0.724413640652346,-0.0807915287088144,0.684526393037722
1544229406.24,0.300349501958977,0.0937117387617037,-0.00979419799090989,0.50167910238029,0.606041765125632,0.26507131115637,0.557466283429013,0.297864798692563,-0.0556551311770906,-0.0346053564554281,-0.0110101480677001,0.724413640652346,-0.0807915287088144,0.684526393037722
1544229406.34,0.300274429587381,0.0939442511719413,-0.00965770830048954,0.50341235702477,0.605158430126432,0.266138378289265,0.556353877350772,0.297701847853095,-0.0556330426304316,-0.0346676652186707,-0.0110071832487023,0.724585452051489,-0.0807645441050092,0.684347757363008
1544229406.44,0.300883704331252,0.0948162416714516,-0.00769609496741749,0.509648985316597,0.600288786930285,0.271524948975676,0.553340298672785,0.297737821757995,-0.0554401942842172,-0.0346676652186707,-0.0112418581656988,0.724581849091401,-0.0805428963793244,0.684373879129748
1544229406.54,0.300900810888228,0.0950312087875241,-0.00741378198816096,0.511303617248804,0.599253876847103,0.272692017528511,0.552360811108314,0.297701847853095,-0.0556330426304316,-0.0346676652186707,-0.0110071832487023,0.724585452051489,-0.0807645441050092,0.684347757363008
1544229406.64,0.301097710651354,0.0952375268083429,-0.00684902643818,0.512818526503071,0.597957989162462,0.274089017445672,0.551668933861307,0.297701847853095,-0.0556330426304316,-0.0346676652186707,-0.0110071832487023,0.724585452051489,-0.0807645441050092,0.684347757363008
1544229406.74,0.300900810888228,0.0950312087875241,-0.00741378198816096,0.511303617248804,0.599253876847103,0.272692017528511,0.552360811108314,0.298337599484549,-0.05569632211339,-0.0344499286017679,-0.0109943868383108,0.722839263438541,-0.0809648850916567,0.686168499766473
1544229406.84,0.301097710651354,0.0952375268083429,-0.00684902643818,0.512818526503071,0.597957989162462,0.274089017445672,0.551668933861307,0.297665749038031,-0.0558258676340548,-0.0346676652186707,-0.0107725071771035,0.724588979005926,-0.0809861833588682,0.684321563811365
1544229406.94,0.301097710651354,0.0952375268083429,-0.00684902643818,0.512818526503071,0.597957989162462,0.274089017445672,0.551668933861307,0.297695014890465,-0.0562254533883587,-0.0345247448679198,-0.0103061186098425,0.72443304013063,-0.0814551652655598,0.684438171303919
1544229407.04,0.301097710651354,0.0952375268083429,-0.00684902643818,0.512818526503071,0.597957989162462,0.274089017445672,0.551668933861307,0.297696969153236,-0.0566444103600642,-0.033739860787345,-0.00986816831538859,0.725044124678255,-0.081875893203801,0.683747010696004
1544229407.14,0.301097710651354,0.0952375268083429,-0.00684902643818,0.512818526503071,0.597957989162462,0.274089017445672,0.551668933861307,0.298384134980162,-0.0579308815807247,-0.0324510683974449,-0.0084895412530125,0.723596654333284,-0.0834399725801176,0.685108444337698
1544229407.24,0.301097710651354,0.0952375268083429,-0.00684902643818,0.512818526503071,0.597957989162462,0.274089017445672,0.551668933861307,0.298711267313124,-0.0583753963013542,-0.0318770201976635,-0.00803472142807048,0.722949725864374,-0.0839887362375436,0.685729559891813
1544229407.34,0.300900810888228,0.0950312087875241,-0.00741378198816096,0.511303617248804,0.599253876847103,0.272692017528511,0.552360811108314,0.299398679125743,-0.0590728624403651,-0.0307266239452674,-0.0073613132908493,0.721650731806121,-0.0848660578843941,0.686996204188558
1544229407.44,0.301097710651354,0.0952375268083429,-0.00684902643818,0.512818526503071,0.597957989162462,0.274089017445672,0.551668933861307,0.299512719465794,-0.0592450607189715,-0.0296876969632394,-0.00496192979654584,0.720901244725737,-0.0839486567835284,0.687916708351977
1544229407.53,0.301035957278975,0.0954325431767762,-0.00684902643818,0.51262483564888,0.598124047170781,0.274267675136272,0.551580134202954,0.300502029474007,-0.061229387602219,-0.0272015254868773,-0.00544772420419624,0.718466394399942,-0.087425041625485,0.690024075316017
1544229407.64,0.300839191199865,0.0952260976572192,-0.00741378198816096,0.511109506767762,0.599419444145425,0.272870899374487,0.552272463867758,0.299652552579566,-0.0613233141183636,-0.0261405068498216,-0.00522708846254451,0.719652462396843,-0.0875295391906825,0.688775428337445
1544229407.74,0.301035957278975,0.0954325431767762,-0.00684902643818,0.51262483564888,0.598124047170781,0.274267675136272,0.551580134202954,0.298345202938813,-0.0613456297497218,-0.025056411639586,-0.00499605235424304,0.721199957347236,-0.0875728262096832,0.68715111954567
1544229407.84,0.301035957278975,0.0954325431767762,-0.00684902643818,0.51262483564888,0.598124047170781,0.274267675136272,0.551580134202954,0.298655949307054,-0.0613699832904482,-0.023398079023517,-0.00501401363361508,0.718888589683475,-0.0878787965281308,0.689529819812714
1544229407.94,0.300899537584882,0.0954367861121877,-0.00690152000487062,0.512697445883768,0.598259363246381,0.274144550297395,0.551427083860173,0.29841192374685,-0.0617548421676859,-0.0190503264250221,-0.0046258672340161,0.717567455544421,-0.0886199886457526,0.690812598110562
1544229408.04,0.301035957278975,0.0954325431767762,-0.00684902643818,0.51262483564888,0.598124047170781,0.274267675136272,0.551580134202954,0.298745493054284,-0.0617715806872592,-0.0173037215584783,-0.00215527107468541,0.716161764815601,-0.0877738260949745,0.692389656822983
1544229408.14,0.300899537584882,0.0954367861121877,-0.00690152000487062,0.512697445883768,0.598259363246381,0.274144550297395,0.551427083860173,0.298851648939908,-0.0619881926197796,-0.0167195986522649,-0.00193776833109058,0.71568622049866,-0.088075638299797,0.692843532682756
1544229408.24,0.300899537584882,0.0954367861121877,-0.00690152000487062,0.512697445883768,0.598259363246381,0.274144550297395,0.551427083860173,0.299223889769115,-0.0620470261974998,-0.0161431457913587,-0.00195776710698713,0.715026309888358,-0.0881829734624271,0.693510855363287
1544229408.34,0.300899537584882,0.0954367861121877,-0.00690152000487062,0.512697445883768,0.598259363246381,0.274144550297395,0.551427083860173,0.300041951986355,-0.0623770646372172,-0.014623369262134,-0.00177643129578317,0.713383546696477,-0.0886746222637466,0.695138526454252
1544229408.44,0.300899537584882,0.0954367861121877,-0.00690152000487062,0.512697445883768,0.598259363246381,0.274144550297395,0.551427083860173,0.300509410063718,-0.0626206196112142,-0.0138349828142334,0.000919033411822136,0.712391816152353,-0.0879755538247147,0.696245184964302
1544229408.54,0.300702490041433,0.0952303493467554,-0.00746618061193136,0.511181774322395,0.59955494354422,0.272748162258177,0.552119102420014,0.30061146136877,-0.0630397219807936,-0.0135451620954657,0.00136890037526929,0.712059658883726,-0.0884799220669666,0.696520259355877
1544229408.64,0.300899537584882,0.0954367861121877,-0.00690152000487062,0.512697445883768,0.598259363246381,0.274144550297395,0.551427083860173,0.300452059844696,-0.0630137868191607,-0.0136148106018048,0.00137501491290872,0.712234590849993,-0.0884517447973791,0.69634494740253
1544229408.73,0.300899537584882,0.0954367861121877,-0.00690152000487062,0.512697445883768,0.598259363246381,0.274144550297395,0.551427083860173,0.299929758876177,-0.0629288067029526,-0.0135281582964629,0.00138820914977644,0.712611924743829,-0.0883909224824226,0.695966495178438
1544229408.84,0.300899537584882,0.0954367861121877,-0.00690152000487062,0.512697445883768,0.598259363246381,0.274144550297395,0.551427083860173,0.299520038228242,-0.0632551162941414,-0.0131494676542737,0.00150551093116998,0.712660275493306,-0.0886496188291534,0.695883833877528
1544229408.94,0.300899537584882,0.0954367861121877,-0.00690152000487062,0.512697445883768,0.598259363246381,0.274144550297395,0.551427083860173,0.299237119910948,-0.0638105693051374,-0.0132188457915493,0.00220439334239405,0.712833244263658,-0.0892971507104723,0.695621970180307
1544229409.04,0.300899537584882,0.0954367861121877,-0.00690152000487062,0.512697445883768,0.598259363246381,0.274144550297395,0.551427083860173,0.299244444274437,-0.0639785329686997,-0.013151456763433,0.00492509629368759,0.712654047850734,-0.0884646897792116,0.69589794522669
1544229409.14,0.300961293734246,0.0952418581088599,-0.00690152000487062,0.512891180559716,0.598093281714287,0.273965942182514,0.55151584364943,0.298991505079425,-0.0638900337029576,-0.0128113073901399,0.00991978868498398,0.71354864671567,-0.0862218778892059,0.695209115544338
1544229409.24,0.3007630917434,0.0954410298608373,-0.00695394550445236,0.512770024246033,0.598394642130371,0.274021408415577,0.551273999236616,0.298606944447631,-0.063804359788631,-0.0126787309478501,0.0120949634389729,0.714793383636435,-0.0848321901971025,0.694066012764887
1544229409.34,0.300961293734246,0.0952418581088599,-0.00690152000487062,0.512891180559716,0.598093281714287,0.273965942182514,0.55151584364943,0.298395649013065,-0.0646309558819888,-0.0119794627294746,0.0105131625922989,0.715597101142059,-0.0867672795241413,0.693023593720566
1544229409.44,0.300824850670281,0.0952461902395518,-0.00695394550445236,0.512963802731694,0.598228537084826,0.273842849887517,0.55136271915126,0.298762940968112,-0.0640504739455838,-0.0116120832204289,0.0119506203582968,0.715082401522862,-0.0849113309597267,0.693761059428962
1544229409.54,0.3007630917434,0.0954410298608373,-0.00695394550445236,0.512770024246033,0.598394642130371,0.274021408415577,0.551273999236616,0.300236675788564,-0.0628299417208239,-0.00971500714392591,0.0152075176109662,0.712706203045888,-0.0815304819192655,0.696542446708051
1544229409.64,0.300824850670281,0.0952461902395518,-0.00695394550445236,0.512963802731694,0.598228537084826,0.273842849887517,0.55136271915126,0.300872803792961,-0.0620598851712872,-0.0089571604603747,0.0188657775898282,0.711627289099778,-0.0784241281919629,0.697911412689148
1544229409.74,0.300627388037291,0.0950398900901129,-0.00751851102818007,0.511448208329898,0.599524791557238,0.27244662570379,0.552053974396533,0.301429787255353,-0.0586875693553955,-0.0090723715886081,0.0283738788368463,0.711161208241898,-0.067395644094985,0.699215621999893
1544229409.83,0.300824850670281,0.0952461902395518,-0.00695394550445236,0.512963802731694,0.598228537084826,0.273842849887517,0.55136271915126,0.301403849040883,-0.0587059554213802,-0.00912182919288171,0.0276611903952959,0.711253498188122,-0.0623871150739985,0.699615013942539
1544229409.94,0.300824850670281,0.0952461902395518,-0.00695394550445236,0.512963802731694,0.598228537084826,0.273842849887517,0.55136271915126,0.301036977659551,-0.0648197702426673,-0.00853140919302141,0.0291189038658703,0.710240212034409,-0.0666983375201168,0.700187305239834
1544229410.04,0.300565762782967,0.0952346018480568,-0.00751851102818007,0.511254010098627,0.599690405670863,0.272625408185735,0.551965706648475,0.299949920648588,-0.0675824468061985,-0.00804648044698782,0.0317010235332293,0.712443017992257,-0.0648522601949977,0.698007289051218
1544229410.14,0.3007630917434,0.0954410298608373,-0.00695394550445236,0.512770024246033,0.598394642130371,0.274021408415577,0.551273999236616,0.300121425268553,-0.0699322513093167,-0.00690378094640978,0.0297960259596469,0.711344869274716,-0.0631778635118255,0.699363447254451
1544229410.24,0.3007630917434,0.0954410298608373,-0.00695394550445236,0.512770024246033,0.598394642130371,0.274021408415577,0.551273999236616,0.301823237356389,-0.0567870892591261,-0.00624508063302587,0.0586293729300366,0.709189844037237,-0.019332824137055,0.702309478545716
1544229410.34,0.3007630917434,0.0954410298608373,-0.00695394550445236,0.512770024246033,0.598394642130371,0.274021408415577,0.551273999236616,0.300493169403387,-0.0588608824405828,-0.00624023373316204,0.0583140090637299,0.712196292694625,-0.0203894924222343,0.699256880994182
1544229410.44,0.3007630917434,0.0954410298608373,-0.00695394550445236,0.512770024246033,0.598394642130371,0.274021408415577,0.551273999236616,0.300976742673263,-0.0575647177138655,-0.00570944089059605,0.0661018265982657,0.710926775545566,-0.0121117332745139,0.700047837115325
1544229410.54,0.3007630917434,0.0954410298608373,-0.00695394550445236,0.512770024246033,0.598394642130371,0.274021408415577,0.551273999236616,0.301856011483132,-0.0586848116024646,-0.00488495874232547,0.0701665002893842,0.709119345137557,-0.00811934116904311,0.70154151187781
1544229410.64,0.300565762782967,0.0952346018480568,-0.00751851102818007,0.511254010098627,0.599690405670863,0.272625408185735,0.551965706648475,0.302763993783635,-0.0588629019675873,-0.00276206763929197,0.079810861386018,0.705934747328083,0.0048625056904916,0.703749042598331
1544229410.74,0.3007630917434,0.0954410298608373,-0.00695394550445236,0.512770024246033,0.598394642130371,0.274021408415577,0.551273999236616,0.303545155887134,-0.0711527281993059,0.00125056276315132,0.0886725191122815,0.699527176331292,-0.00566859676488381,0.70906049173464
1544229410.84,0.300824850670281,0.0952461902395518,-0.00695394550445236,0.512963802731694,0.598228537084826,0.273842849887517,0.55136271915126,0.304836893161616,-0.068432140411308,0.00370911924025619,0.108835119463452,0.694628902846102,0.0152388103611178,0.710924315775579
1544229410.94,0.300443333252692,0.0954509750130559,-0.00697036965535339,0.512918901008495,0.598672203282196,0.273768590139426,0.55095966554599,0.304586753286363,-0.0723201510176567,0.00450411110503841,0.108340698039039,0.694742056469239,0.0170853440410637,0.710847282572217
1544229411.04,0.299475117957988,0.0949050656666413,-0.00634939429642023,0.513901223952409,0.59891966639403,0.272552936398988,0.550377744905232,0.30497395216118,-0.0764161492472645,0.00555066032570686,0.106959035238356,0.691935123974771,0.0214881866232773,0.713669255906783
1544229411.14,0.301305461570801,0.0931077384876148,-0.0023523324207467,0.514235655215254,0.594817612626357,0.27330761050895,0.554126924677648,0.307731189309722,-0.0891089258856238,0.00866431460204733,0.113117420594374,0.685219738143694,0.0111296195875085,0.719412601491106
1544229411.24,0.307879075178993,0.0921078408645054,0.00906520888233689,0.509242405159421,0.584292140510873,0.281740110506393,0.565594711305291,0.30794880609175,-0.0957649083589415,0.00959527739765692,0.111786847080457,0.683107111598248,0.0067592224394021,0.721680461018396
1544229411.34,0.309371135908853,0.087023610081436,0.0137723422464763,0.513559034274022,0.578989872839254,0.27845852918364,0.568760664067059,0.307744719828891,-0.102348130216225,0.0100603503212648,0.109917236334445,0.681683464078626,0.00273969126922673,0.723338337190911
1544229411.44,0.311477795195665,0.0822322242163239,0.0191657690519985,0.515680748114772,0.572175605748572,0.27720003627042,0.574324457168351,0.30648052323949,-0.107443438418865,0.0103608287978698,0.105485826936683,0.683144813918547,0.00291033132697439,0.722618456381544
1544229411.54,0.313811446838969,0.0768847529501014,0.024854804438758,0.518415674552753,0.56431074636649,0.27531410960196,0.580517623304744,0.30579995087347,-0.11451452561166,0.0115511544991854,0.120094550251721,0.677247375257373,0.00639488175009562,0.725859764137838
1544229411.64,0.315805445050856,0.07191140344693,0.0350971308277181,0.515948693620243,0.554851892688543,0.275670699054042,0.591558947539941,0.305605525487009,-0.109878781183123,0.0130617579851416,0.142486612927451,0.674492342297473,0.0319633127969501,0.723696063243111
1544229411.74,0.315656142801795,0.0624949943798168,0.0379274792674214,0.527158793942303,0.547085164521703,0.266920973556398,0.592920418441854,0.305889870137718,-0.113605274789815,0.014273958137606,0.143734200507015,0.672180701293622,0.0325040509200175,0.725573615208556
1544229411.84,0.313188025369229,0.0565281158110566,0.0387190322579367,0.534394368746275,0.544078452485988,0.25875125757941,0.592831411864956,0.306502841897067,-0.110581833472694,0.0171736307345857,0.160767430817478,0.666972092212032,0.0588169538026409,0.725150072291267
1544229411.94,0.312575945198668,0.0491352378329275,0.0402431074621552,0.539638792218193,0.539194558647996,0.249966432506751,0.596301923925733,0.3082210033466,-0.116251440611875,0.0219492172648102,0.178077518372334,0.65665701732934,0.0692158544063177,0.729588325387194
1544229412.04,0.317197516302779,0.0415095050605169,0.0513224692089627,0.541341048396457,0.523200133925325,0.251370067645222,0.608296455910753,0.310002849111602,-0.111062422610519,0.0277529258823639,0.203012239032562,0.646444376474618,0.0996645300084743,0.728671860569295
1544229412.14,0.320513997674966,0.0286260655774904,0.0580214965420243,0.547888634640445,0.507050760585391,0.243335453419231,0.6192781502127,0.308437352575571,-0.105431707805684,0.0320572627309993,0.227314953451237,0.639596605090833,0.129295950634215,0.722860049970489
1544229412.24,0.321154930313806,0.0211730323249173,0.0627635788782771,0.551390930277679,0.497943478386778,0.23846856213685,0.625422320685771,0.310223431795942,-0.0987440479706655,0.0417057797960021,0.253353799868695,0.625660743788466,0.172171266566459,0.717438179039183
1544229412.34,0.320375435856914,0.0130085934444755,0.0650580484322355,0.557595226247089,0.490100236988267,0.230492761502331,0.629096501552449,0.307440307659216,-0.105699087751842,0.0427824754586156,0.257953112038129,0.621939406601351,0.169140382110684,0.719752108469058
1544229412.43,0.320500592449353,0.00430759767835262,0.07010081818238,0.560133867156589,0.480576219532373,0.223025209962412,0.636833026628958,0.305324114041582,-0.1102753727733,0.0438450230824292,0.259257415527405,0.622276639925047,0.166119676936673,0.719695511193518
1544229412.54,0.317422342372137,-0.00684062592019097,0.0724024914828244,0.571804716657129,0.469177143108658,0.211142157426938,0.639007952806659,0.302735261621934,-0.116182269667921,0.045129593431781,0.262425278042607,0.620229908660287,0.161665788132788,0.72132656043911
1544229412.64,0.316703595541713,-0.0105089974746966,0.0752575020357113,0.573568337243155,0.464286046134162,0.208162760314831,0.641970478367456,0.299962322194094,-0.111322116890424,0.0563204103579846,0.295859043469492,0.602770479226863,0.202349471266955,0.7128743698913
1544229412.74,0.315472216179678,-0.0127240291543084,0.0780029711505894,0.57472889498919,0.460909125301284,0.206125298550218,0.644020059296366,0.29694981053876,-0.120743475527618,0.0699365200644895,0.322331921241048,0.58164860177635,0.208820428698067,0.717064198770952
1544229412.84,0.31059918699773,-0.0111881094551514,0.0843602359135837,0.574326175648456,0.45968750212761,0.206297885965065,0.645196114835669,0.29484286847011,-0.1246283718869,0.0756294544954048,0.334760323277026,0.571614434356593,0.211491210293164,0.718654250918608
1544229412.94,0.305986365799658,-0.00689117491620871,0.0866951706724905,0.573543110793602,0.46367734273247,0.207943794681014,0.642503696605253,0.290398230657061,-0.12803271296306,0.0772472836245978,0.345602888679014,0.568709920932062,0.20740974633157,0.717013853629651
1544229413.04,0.302122137188094,-0.00282110372447171,0.0906667835047568,0.571384633623824,0.465840319930308,0.210820845110715,0.641924425499295,0.28629391655128,-0.121567156703948,0.0893737057610889,0.397753491029822,0.548873855515544,0.241783913594113,0.694312746701517
1544229413.14,0.298126536347432,0.00183902658480982,0.0950798747255224,0.568141814634911,0.468310295445219,0.214853182346761,0.641668493599952,0.280992239750575,-0.122708849225635,0.0994831570966261,0.420074500121912,0.534727190793869,0.248299322118366,0.689892522360246
1544229413.24,0.285405721216547,0.0120959059860666,0.100878695783565,0.560048604341786,0.481188264434634,0.223368964588531,0.636325168922187,0.276019341282242,-0.121996261322226,0.101283410798439,0.458777067161081,0.547847928780588,0.234717917185159,0.659009672865397
1544229413.34,0.278894735725568,0.0216179915654518,0.103578817743083,0.550929682834037,0.492372182403063,0.233588435321806,0.632046328564563,0.275663418442804,-0.119889296765613,0.11139555573081,0.481180337058627,0.536451047740156,0.246053785469832,0.648184612022378
1544229413.44,0.273774332919601,0.0273953179028931,0.106995864640424,0.54312190827833,0.498807378676543,0.241386890878675,0.630826569381687,0.27878737076468,-0.111969415100651,0.140704625786314,0.538850798366702,0.483672040409998,0.306166824286622,0.618031593149931
1544229413.54,0.270938837028721,0.0318259682757568,0.111851638271589,0.535446395636038,0.500657268160297,0.249123672434788,0.632911410128818,0.274453378729424,-0.109807294165516,0.154302315049479,0.545732722956793,0.470410357283088,0.312791634145021,0.618911370443175
1544229413.64,0.266508247367674,0.0365814520857919,0.121195850318105,0.52511986622878,0.498518312035924,0.259163592344553,0.639189213816838,0.27227405958573,-0.109375372696965,0.158225589698886,0.549088076278812,0.468436658791327,0.310317343101861,0.618686130246228
1544229413.74,0.263019976551114,0.0439399356808331,0.124056945126396,0.517568850991009,0.503516463433867,0.268307072804457,0.637655839946599,0.270247789027058,-0.108600556531007,0.161598672563087,0.558583605432435,0.467582178552839,0.30601791238487,0.61294722394468
1544229413.84,0.259417079159435,0.0482378912837449,0.125777271637661,0.51391980714438,0.506741654139842,0.272832157088781,0.636130444046331,0.269994126951769,-0.106784814449465,0.172512591083611,0.583075934262206,0.450851507147356,0.318029770807402,0.596332489696314
1544229413.94,0.256847315706225,0.0521941391994853,0.127867837455237,0.509514947162572,0.50894585830944,0.278033273879422,0.635661962479649,0.267553602975415,-0.10616277723689,0.183248674562379,0.576336961030317,0.445712505383331,0.31723007921651,0.607075898661394
1544229414.03,0.255260080772727,0.0562707679870899,0.133595293344453,0.502069837429148,0.508015492171598,0.286561184352455,0.638536471691348,0.267033564522262,-0.104744942716589,0.196103103028188,0.584265844445623,0.426008885027509,0.335294002638921,0.603926969662916
1544229414.14,0.249354385217588,0.0659853636449384,0.134598525408358,0.493332590078766,0.517433181532095,0.297504905818795,0.632753260939444,0.266122692167921,-0.102889832089194,0.198683464645012,0.596426794758399,0.415739259490593,0.345419263802616,0.593398246379693
1544229414.24,0.246200503030978,0.0700372819763205,0.136905336112594,0.488275472293779,0.519379788085809,0.303402006855451,0.63228072967655,0.265837041335306,-0.101828599165529,0.209239118760884,0.593053149000059,0.402622819425376,0.34777907481548,0.604344721876152
1544229414.34,0.244176430439845,0.0736716936124005,0.139305842636235,0.484561567300684,0.522425998135272,0.308665111608032,0.630076989615929,0.26343652394837,-0.0948363070566074,0.212310592791796,0.602457840880734,0.393142506003473,0.349570830708525,0.600236415300159
