0.05633046 0.00425397 0.00078807 -0.04369276 -0.06674403 -0.12543452 scoring
-0.03260365 0.00536403 -0.00734717 0.02097702 0.05934152 0.04502908 scoring
0.4515083 -0.01057338 0.02860043 -0.31350897 -0.63959775 -0.82946512 scoring
0.20399461 -9.25e-05 0.00424395 -0.13944404 -0.29634499 -0.37548469 scoring
0.00182746 -0.00256659 -0.00236908 -0.00324456 -0.01143946 0.00614189 scoring
0.07383893 0.00173455 -0.00151189 -0.04472415 -0.11041665 -0.13372232 scoring
0.07258903 -0.00340357 0.00368595 -0.05423146 -0.10706622 -0.12450128 scoring
0.05167569 0.00205227 0.00066975 -0.04343444 -0.06828654 -0.09399416 scoring
0.12702152 -0.00643584 0.00930082 -0.09144304 -0.16918118 -0.24314539 scoring
-0.02050682 0.00295312 -0.00641377 0.01265828 0.02696953 0.04755891 scoring
0.10951221 -0.00943813 0.01352186 -0.0848782 -0.14263142 -0.21746085 scoring
0.02310129 -0.00727734 0.00417295 -0.01944375 -0.02409027 -0.05725357 scoring
0.19110443 -0.00311949 0.01051158 -0.13031182 -0.26358792 -0.36556579 scoring
0.08075277 -0.00508647 0.01121319 -0.05726138 -0.10900843 -0.1561926 scoring
0.32488873 -0.0139966 0.02613489 -0.23698302 -0.43898568 -0.62042926 scoring
0.13103076 0.00056868 0.00176374 -0.08998933 -0.18721624 -0.2376566 scoring
0.00951377 -0.00215965 -0.00140409 -0.011537 -0.00428556 -0.01192099 scoring
0.01361704 0.01429297 -0.01920874 0.00334356 -0.03276963 0.00291416 scoring
0.0025106 -0.00056353 -0.00603737 -0.00285147 -0.00807805 0.01289113 scoring
-0.01123284 0.00287029 -0.0052327 0.00950217 0.01319878 0.02635415 scoring
0.40803147 -0.00544247 0.02538884 -0.28460361 -0.56949435 -0.75802927 scoring
0.23729833 -0.00444588 0.01736348 -0.16187392 -0.34620699 -0.42775605 pivotedChop
0.0400388 -0.00397723 0.0100974 -0.03380944 -0.05190484 -0.07480649 pivotedChop
0.04736682 0.00124424 0.0014848 -0.02503237 -0.08184614 -0.06980309 pivotedChop
0.08951803 0.00289227 0.00445731 -0.05731753 -0.13553324 -0.15670832 pivotedChop
-0.01878525 -0.00583851 0.00491805 0.01329383 0.01968761 0.04531131 pivotedChop
-0.01160237 -0.0067235 0.00948489 0.003468 0.01601693 0.02419063 pivotedChop
0.04877078 0.00035657 0.00660449 -0.03395763 -0.07425516 -0.08540347 pivotedChop
0.06209887 -0.00998168 0.00966636 -0.03961177 -0.10449149 -0.09801223 pivotedChop
-0.02580688 -0.00074645 0.00168232 0.01908551 0.02437941 0.06153586 pivotedChop
0.03458554 -0.00910979 0.01300532 -0.02668366 -0.05625755 -0.05563149 pivotedChop
0.12023922 -0.00360659 0.01168712 -0.08191468 -0.17639558 -0.22054886 pivotedChop
-0.00492627 -0.01088875 0.01191798 -0.00516533 0.00738165 0.00941229 pivotedChop
0.08270567 -0.0036945 0.00905784 -0.05546508 -0.12447997 -0.14472098 pivotedChop
0.06255762 0.00466713 6.019e-05 -0.03890701 -0.09723269 -0.10893619 pivotedChop
0.02801021 -0.00655762 0.00773364 -0.02040581 -0.04947841 -0.04297376 pivotedChop
-0.00441071 0.00187235 -0.00484638 0.00798719 0.00328307 0.01497143 normalCut
0.01728991 0.00058323 -0.00145606 -0.00998162 -0.02388381 -0.03107718 normalCut
-0.00752016 0.00553056 -0.00831456 0.01311312 0.0042898 0.02129834 normalCut
0.08082548 -0.00031149 -9.11e-05 -0.05027264 -0.11506803 -0.15142837 normalCut
-0.00367716 -0.00171863 0.00054392 0.00186803 0.00689605 0.00599356 normalCut
0.00852018 0.00078707 -0.00543071 -0.00193589 -0.0095754 -0.01817119 normalCut
0.03044758 0.001976 -0.00289064 -0.01931351 -0.04118421 -0.05745889 normalCut
0.04824706 0.01013302 -0.01100349 -0.03111807 -0.06763635 -0.09442676 normalCut
0.00753612 0.00077115 -0.00334176 0.00038935 -0.01533442 -0.00970035 normalCut
0.02042958 -0.00757873 0.00712332 -0.01830928 -0.02475969 -0.03705727 normalCut
-0.0217989 0.00270413 -0.00569297 0.01670338 0.03280984 0.03918933 normalCut
-0.0899927 0.00250823 -0.00921525 0.06593501 0.12279464 0.17812235 normalCut
0.02602208 -0.00178662 0.001677 -0.01796077 -0.03447881 -0.04997188 normalCut
-0.03217643 0.00083081 -0.00490099 0.02076551 0.04997104 0.05701838 normalCut
-0.02540924 0.00141909 -0.005254 0.02285814 0.0309957 0.05461658 normalCut
0.03461333 9.048e-05 0.00083706 -0.02197696 -0.04803432 -0.06405774 normalCut
-0.02837509 0.00106274 -0.00523551 0.02155758 0.03975404 0.05570247 normalCut
0.0233608 -0.00690426 0.00925149 -0.0151727 -0.037277 -0.03935488 movingPivotedChop
0.01897404 -0.00591411 0.00750127 -0.01107304 -0.0311459 -0.03569779 movingPivotedChop
-0.01526187 -0.00253468 0.00297978 0.01396599 0.0198069 0.029639 movingPivotedChop
0.05090012 -0.00023876 -0.00225701 -0.01681078 -0.09869702 -0.08347962 movingPivotedChop
0.11893329 -0.00682271 0.00899144 -0.06692498 -0.19610254 -0.19915488 movingPivotedChop
-0.02840319 -0.00406873 0.00135581 0.02587849 0.03289702 0.04714969 movingPivotedChop
-0.05036683 0.00536779 -0.00716594 0.04620564 0.0632582 0.10221338 movingPivotedChop
0.03368086 0.00144085 0.00068383 -0.01148617 -0.0632104 -0.04931738 movingPivotedChop
0.05357574 -0.00397282 0.00965497 -0.03793157 -0.07838358 -0.09665477 movingPivotedChop
0.08956982 -0.00720098 0.01458971 -0.06408934 -0.13195226 -0.16989186 movingPivotedChop
0.00464068 -0.00952972 0.01255223 -0.0092256 -0.01266987 -0.00962127 movingPivotedChop
0.11396367 -0.00541244 0.01302359 -0.07257451 -0.16865252 -0.21562187 movingPivotedChop
0.02338578 -0.00144327 0.00243022 -0.00674686 -0.0468491 -0.03776673 movingPivotedChop
0.00511017 -0.00621175 0.00500713 0.00467304 -0.02118269 -0.00648804 movingPivotedChop
-0.11033818 -0.00496872 4.366e-05 0.07727867 0.1608109 0.20293248 movingPivotedChop
0.00218455 -0.00361732 0.00206578 0.0081743 -0.0210301 0.01115258 movingPivotedChop
-0.03727318 -0.00403275 0.00715361 0.02244537 0.05143986 0.077949 movingPivotedChop
0.03677135 -0.00264158 0.0059452 -0.01978115 -0.06657031 -0.05798779 movingPivotedChop
-0.033817 -0.00559351 0.00611872 0.02460726 0.03713361 0.06742214 movingPivotedChop
0.04771093 -0.00940287 0.01362863 -0.0322772 -0.07408547 -0.08187522 movingPivotedChop
0.01113107 -0.00429157 0.00496016 -0.0008549 -0.02941958 -0.01584498 movingPivotedChop
0.03538809 -0.00032042 0.00129585 -0.01014285 -0.07018816 -0.05294087 movingPivotedChop
0.03167567 0.00264188 -0.00079067 -0.01816365 -0.05015909 -0.05622594 inHandCut
-0.00596393 0.00184592 -0.00409367 0.00579077 0.00427685 0.01602866 inHandCut
0.00608538 0.00327368 -0.00206651 -0.00106630 -0.01083094 -0.00841551 inHandCut
0.01051902 0.00277267 -0.00109207 -0.00303571 -0.02042292 -0.01667626 inHandCut
-0.01104193 0.00097248 -0.00172907 0.00884855 0.01469627 0.02347233 inHandCut
0.01918115 0.00097572 -0.00035915 -0.01233480 -0.03060957 -0.03170606 inHandCut
0.05335543 -0.00327682 0.00451033 -0.03740647 -0.07481353 -0.09878103 inHandCut
0.01568705 0.00011217 0.00021332 -0.01010059 -0.02479866 -0.02459543 inHandCut
0.00902824 0.00326137 -0.00480097 -0.00248680 -0.01807989 -0.01264533 inHandCut
0.00559742 0.00118760 -0.00220545 -0.00091473 -0.01113766 -0.00694134 inHandCut
0.01313986 0.00214371 -0.00080975 -0.00734134 -0.02109366 -0.02140816 inHandCut
-0.01716010 0.00254104 -0.00444363 0.01401265 0.02210059 0.03512306 inHandCut
-0.00824401 0.00033978 -0.00027850 0.00526564 0.01046039 0.01659907 inHandCut
0.01261468 0.00255607 -0.00241866 -0.00642538 -0.01916270 -0.02248499 inHandCut
0.03877395 0.00165413 -0.00025724 -0.02397928 -0.05798365 -0.07065112 inHandCut
0.00730597 0.00106354 -0.00005045 -0.00474668 -0.00880567 -0.01334805 inHandCut
0.01107367 0.00152292 0.00042299 -0.00735298 -0.01340938 -0.02177869 inHandCut
-0.01809512 -0.00026867 -0.00093638 0.01364165 0.02477502 0.03728827 inHandCut
0.02180424 0.00059482 0.00177237 -0.01476242 -0.03040828 -0.04132852 inHandCut
0.01220482 0.00193476 -0.00141361 -0.00838341 -0.01808745 -0.02265592 inHandCut
0.00353619 -0.00282264 -0.00012773 -0.00397236 -0.00701642 -0.00419068 inHandCut
0.04895293 0.00049043 0.00291490 -0.03384673 -0.06977929 -0.08878553 inHandCut
0.00610021 0.00275564 -0.00382620 -0.00129912 -0.01523258 -0.00547864 inHandCut
0.00163935 -0.00131811 0.00499849 -0.00570327 0.00061221 -0.00579035 inHandCut
-0.00690796 -0.00353776 0.00656222 -0.00209115 0.01276774 0.00986082 inHandCut
0.00498038 2e-05 -0.00014171 -0.00393181 -0.00463629 -0.01320075 dice
0.00180289 -0.00455379 0.00370244 -0.00601069 0.00452082 -0.00766409 dice
-0.00538955 0.00036804 -0.00254786 0.00506602 0.00654962 0.01004637 dice
0.00272033 -0.00228981 -0.00064862 0.00083537 -0.00610762 -0.0034105 dice
0.01569986 0.0035438 -0.00394044 -0.00506864 -0.02648919 -0.0258853 dice
0.0018177 0.00025022 -0.00247697 0.00185294 -0.00390489 -0.00608466 dice
-0.01256507 0.00167745 -0.00461131 0.0129512 0.01455469 0.02353279 dice
0.00929548 0.00555621 -0.00636574 -8.25e-06 -0.0163541 -0.01728006 dice
0.01337519 0.00350797 -0.00531737 -0.00126836 -0.02405285 -0.02338786 dice
0.00262476 0.00315926 -0.00535158 0.00259651 -0.00450064 -0.0098698 dice
0.00305723 0.00456341 -0.00542168 0.00165032 -0.0050891 -0.0074366 dice
-0.01356025 0.00371637 -0.00648737 0.01403451 0.01590047 0.02640492 dice
0.01421341 -0.000545 -0.00181931 -0.00641537 -0.02317249 -0.02650548 dice
-0.00331533 -0.00075469 -0.00220938 0.00325154 0.00509255 0.00249733 dice
-0.00415184 -0.00265638 0.00023832 0.00352601 0.00647781 0.00320473 dice
-0.00768737 -0.00032988 -0.0010575 0.00510025 0.01265482 0.01118752 dice
-0.01011574 -0.00160638 -0.00148524 0.0091722 0.01144863 0.01929064 dice
0.00313774 0.00354121 -0.00250936 0.00061289 -0.00607351 -0.00451036 dice
-0.00425849 0.00094068 -0.00220645 0.00418609 0.007349 0.00701736 dice
-0.00473456 9.533e-05 -0.00186792 0.00559321 0.00660235 0.00825369 dice
-0.00228064 -0.00220916 0.00049793 0.00108442 0.00576553 0.0019708 dice
-0.00176842 0.00015953 -0.0014651 0.00394467 -0.00214654 0.00602739 dice
-0.00173661 -0.00249946 0.00077087 -0.00096066 0.00664443 0.00059876 dice
0.00132501 -0.00157203 -0.00016777 -0.00084543 -0.00265597 -0.0028635 dice
-0.00295754 -0.00429406 0.00271236 -0.00165292 0.01074155 0.0010572 dice
0.02416369 0.00350702 -0.00359654 -0.00544575 -0.0323751 -0.01630026 angledSliceR
0.0014775 0.00577313 -0.01152696 0.00382732 0.00275397 0.00875413 angledSliceR
0.05041203 0.0040503 0.00180624 -0.03127157 -0.05078422 -0.08010104 angledSliceR
0.14373378 0.00281536 0.00836678 -0.08934794 -0.19377509 -0.2306744 angledSliceR
-0.00776784 0.00816554 -0.00909826 0.01581756 0.01842623 0.02200544 angledSliceR
0.08011487 0.00675391 0.00074093 -0.04600583 -0.09840425 -0.13301665 angledSliceR
0.13711258 0.00020072 0.00877448 -0.09263156 -0.17649653 -0.23784409 angledSliceR
0.1295982 0.00564282 0.00629927 -0.0840244 -0.16830839 -0.21235846 angledSliceR
0.02990908 0.00200271 0.00098489 -0.01629389 -0.03415809 -0.05224145 angledSliceR
0.08058168 -0.00246475 0.01107465 -0.05733447 -0.09312006 -0.13490116 angledSliceR
0.05178181 0.00697057 -0.00153521 -0.02889526 -0.05968677 -0.06696215 angledSliceR
0.11234613 0.00967971 -0.00226409 -0.06801786 -0.14622145 -0.19332577 angledSliceR
0.07490806 -0.00237061 0.00136709 -0.04818191 -0.10149883 -0.12390282 angledSliceR
0.07824684 0.00211238 0.00423997 -0.05082259 -0.09798939 -0.13090726 angledSliceR
0.15932696 0.00076081 0.01143797 -0.10473121 -0.2117317 -0.27768646 angledSliceR
0.1236862 0.01058764 -0.00400126 -0.07465747 -0.15878272 -0.22093839 angledSliceR
-0.00761433 0.00230171 -0.00294197 0.01319625 0.01433804 0.04394566 angledSliceR
0.11419704 0.00279529 0.00428147 -0.07657252 -0.14298481 -0.19996418 angledSliceR
0.05100005 0.01050873 -0.0053238 -0.02803533 -0.05478826 -0.08079064 angledSliceR
-0.00904264 0.00199589 -0.01157155 -0.0013168 0.02427956 0.00312251 angledSliceL
-0.10106348 -0.00885745 -0.02221161 0.05038919 0.13474009 0.15936833 angledSliceL
-0.01174904 -0.00698222 -0.00424669 0.00502144 0.01425146 0.01222768 angledSliceL
0.01510505 -0.0068732 -0.00398007 -0.01173327 -0.03088785 -0.02933341 angledSliceL
-0.00730805 -0.01047577 0.00281376 -0.00944843 0.02012907 -0.0005561 angledSliceL
-0.10893279 0.00725745 -0.02663289 0.08517443 0.12986302 0.19311429 angledSliceL
-0.00114681 0.00390431 -0.01234563 0.00322894 -0.00508284 0.0151445 angledSliceL
-0.08593024 -0.00171311 -0.015823 0.04586378 0.11624025 0.13333126 angledSliceL
-0.02528799 -0.00102883 -0.0126585 0.01859172 0.02440605 0.03676019 angledSliceL
0.03040586 0.00390008 -0.0097108 -0.01678895 -0.05723637 -0.0496061 angledSliceL
0.01592814 -0.00642238 -0.00480303 -0.01793087 -0.02718388 -0.03019681 angledSliceL
0.04438344 0.00901492 -0.02160551 -0.02362331 -0.07491612 -0.09092272 angledSliceL
