0,0.92514518,-0.07384971,0.08964694,-0.87571821,-1.08472633,-1.77434334,0.05633046,0.00425397,0.00078807,-0.04369276,-0.06674403,-0.12543452,-1.82072256,0.02078221,-0.08699539,1.21095686,2.78181798,3.20206631
0,0.96054544,-0.09641764,0.11257547,-0.91507173,-1.09664219,-1.90262658,-0.03260365,0.00536403,-0.00734717,0.02097702,0.05934152,0.04502908,-1.88397833,0.02191383,-0.09714216,1.26096328,2.84508915,3.30788005
0,2.83758276,-0.15091288,0.24158778,-2.16717037,-3.89655689,-5.256441,0.4515083,-0.01057338,0.02860043,-0.31350897,-0.63959775,-0.82946512,-0.71764793,-0.00412888,-0.01270323,0.46052167,1.15549814,1.15498727
0,1.18894432,-0.08289273,0.0583596,-0.96984927,-1.58643983,-2.19806566,0.20399461,-0.0000925,0.00424395,-0.13944404,-0.29634499,-0.37548469,0.28629781,-0.00057061,0.02292389,-0.18550765,-0.31094759,-0.67842337
0,-0.02848188,-0.07696969,-0.02150332,-0.15689744,0.24542662,-0.06319152,0.00182746,-0.00256659,-0.00236908,-0.00324456,-0.01143946,0.00614189,-1.44439919,0.02877547,-0.08720321,1.00690925,2.10031842,2.60622593
0,-0.75767792,-0.03923584,-0.05594934,0.30766308,1.37521538,1.20968782,0.07383893,0.00173455,-0.00151189,-0.04472415,-0.11041665,-0.13372232,-0.94087519,0.01164073,-0.06759123,0.69319054,1.41331932,1.61322765
0,-0.24528324,-0.05272419,-0.05821967,0.01136994,0.56375455,0.31033498,0.07258903,-0.00340357,0.00368595,-0.05423146,-0.10706622,-0.12450128,0.59814392,0.02949575,0.00470035,-0.32223709,-0.87586897,-1.13700883
0,0.21371087,-0.05597006,-0.00154292,-0.35266491,-0.0797628,-0.50314956,0.05167569,0.00205227,0.00066975,-0.04343444,-0.06828654,-0.09399416,-1.68029217,0.04311382,-0.12625814,1.23012108,2.32415606,3.1303294
0,0.30572699,-0.04020514,-0.00274628,-0.3972035,-0.18054764,-0.72857588,0.12702152,-0.00643584,0.00930082,-0.09144304,-0.16918118,-0.24314539,-0.50482284,0.03057626,-0.0555872,0.43420852,0.64927903,0.93033694
0,-0.47313467,-0.04770923,-0.00120003,0.12082846,0.92028111,0.7256594,-0.02050682,0.00295312,-0.00641377,0.01265828,0.02696953,0.04755891,-0.23854063,0.00007138,-0.00686266,0.17570104,0.37445302,0.40186797
0,1.60829494,-0.09720595,0.16848514,-1.35745262,-2.06577206,-3.04794741,0.10951221,-0.00943813,0.01352186,-0.0848782,-0.14263142,-0.21746085,-1.48880512,-0.01622993,-0.06432222,0.94169803,2.307113,2.53661469
0,0.68930737,-0.04827705,0.0143796,-0.6243974,-0.79736526,-1.356753,0.02310129,-0.00727734,0.00417295,-0.01944375,-0.02409027,-0.05725357,-0.21123741,0.01923127,-0.0246504,0.18473256,0.27569655,0.40112985
0,-0.51462777,-0.00825047,-0.10326279,0.24038636,0.8816974,0.8904165,0.19110443,-0.00311949,0.01051158,-0.13031182,-0.26358792,-0.36556579,-0.06563298,0.02501112,-0.02103171,0.10060533,0.07113494,0.07366912
0,0.30094008,-0.0930654,-0.00632619,-0.31475831,-0.3138028,-0.5575876,0.08075277,-0.00508647,0.01121319,-0.05726138,-0.10900843,-0.1561926,-0.15814803,0.03218885,-0.02517109,0.16148109,0.20358939,0.29131694
0,1.43696582,-0.04830096,0.07582734,-1.18671365,-1.84057451,-2.72314346,0.32488873,-0.0139966,0.02613489,-0.23698302,-0.43898568,-0.62042926,-0.90120668,0.00364386,-0.03001207,0.58217363,1.44255448,1.49604264
0,1.26142996,-0.06343553,0.07152041,-1.04391476,-1.6289602,-2.3772078,0.13103076,0.00056868,0.00176374,-0.08998933,-0.18721624,-0.2376566,-1.20527223,0.00547951,-0.04522575,0.79922238,1.84481041,2.08711807
0,-0.13366283,-0.0511779,-0.01527186,-0.12167977,0.48871023,0.04675925,0.00951377,-0.00215965,-0.00140409,-0.011537,-0.00428556,-0.01192099,-1.17654862,0.03179499,-0.09368644,0.86555303,1.6995212,2.11663758
0,0.76987065,-0.05930564,0.04622327,-0.74267431,-0.81984374,-1.61288608,0.01361704,0.01429297,-0.01920874,0.00334356,-0.03276963,0.00291416,-1.54882007,0.04452768,-0.1076313,1.10030544,2.23785373,2.80801967
0,1.0393291,-0.05200159,0.04596372,-0.90209874,-1.23997638,-2.05521558,0.0025106,-0.00056353,-0.00603737,-0.00285147,-0.00807805,0.01289113,-1.04704597,0.03257034,-0.08319138,0.76261871,1.54111598,1.84535032
0,2.38223418,-0.1242009,0.20748587,-1.85731592,-3.23631963,-4.41017259,-0.01123284,0.00287029,-0.0052327,0.00950217,0.01319878,0.02635415,-0.40431425,-0.01946788,0.01836813,0.22568089,0.76042719,0.54807212
0,0.89322418,-0.16397931,0.17252758,-0.91014758,-0.98815626,-1.80670784,0.40803147,-0.00544247,0.02538884,-0.28460361,-0.56949435,-0.75802927,-1.09313608,0.01448916,-0.05132001,0.74409105,1.68223482,1.85813109
1,-0.1799138,-0.00954611,-0.00962357,0.13651464,0.22739422,0.36625271,0.23729833,-0.00444588,0.01736348,-0.16187392,-0.34620699,-0.42775605,0.50127369,0.02120925,-0.06190253,-0.36604321,-0.65787661,-0.90802718
1,0.41642027,-0.03269225,0.02495712,-0.27756636,-0.6235504,-0.72691027,0.0400388,-0.00397723,0.0100974,-0.03380944,-0.05190484,-0.07480649,0.31107812,0.00766696,-0.09338404,-0.23955439,-0.36395564,-0.59437673
1,-0.04109912,-0.00672346,-0.02197112,0.01427993,0.0805829,0.07661846,0.04736682,0.00124424,0.0014848,-0.02503237,-0.08184614,-0.06980309,0.15327565,-0.01297218,-0.0561522,-0.18426114,-0.08464142,-0.33572843
1,0.17451222,-0.04244102,0.01349382,-0.14370275,-0.22763085,-0.32415167,0.08951803,0.00289227,0.00445731,-0.05731753,-0.13553324,-0.15670832,0.10909374,-0.03121153,-0.07174385,-0.13340451,-0.06723755,-0.24674584
1,0.06609936,-0.01942953,-0.01099844,-0.06583705,-0.0711986,-0.11678462,-0.01878525,-0.00583851,0.00491805,0.01329383,0.01968761,0.04531131,0.1121664,-0.0156943,-0.06828091,-0.14060529,-0.05460865,-0.23457828
1,0.09208635,-0.02311433,-0.00470662,-0.08850317,-0.09610341,-0.1844223,-0.01160237,-0.0067235,0.00948489,0.003468,0.01601693,0.02419063,0.05000044,-0.00811739,-0.0934099,-0.07939027,0.018428,-0.14178962
1,0.01842787,-0.02142241,-0.0071964,-0.03049925,-0.00703264,-0.029086,0.04877078,0.00035657,0.00660449,-0.03395763,-0.07425516,-0.08540347,0.33218442,0.00141555,-0.08277839,-0.26707603,-0.38699994,-0.64091293
1,0.20770066,-0.04270928,0.0147028,-0.15650363,-0.29776064,-0.36448611,0.06209887,-0.00998168,0.00966636,-0.03961177,-0.10449149,-0.09801223,1.52266863,-0.09897666,0.08269391,-1.16901353,-2.06027031,-2.82798243
1,0.1355472,-0.02795388,0.00518721,-0.10613199,-0.17968321,-0.2510917,-0.02580688,-0.00074645,0.00168232,0.01908551,0.02437941,0.06153586,0.10504195,-0.0171629,-0.07151673,-0.14037112,-0.04871347,-0.26052897
1,0.09797536,-0.01494179,-0.00896574,-0.08050515,-0.11824095,-0.18374974,0.03458554,-0.00910979,0.01300532,-0.02668366,-0.05625755,-0.05563149,0.34646157,-0.00327413,-0.06641294,-0.30814105,-0.38076205,-0.69040714
1,0.03172704,-0.02850588,0.00017017,-0.04265973,-0.03026831,-0.04745732,0.12023922,-0.00360659,0.01168712,-0.08191468,-0.17639558,-0.22054886,0.54748378,-0.02607858,-0.05246137,-0.42121938,-0.72420817,-1.01065495
1,0.02600781,-0.02206697,-0.0046219,-0.03756118,-0.00770684,-0.05882197,-0.00492627,-0.01088875,0.01191798,-0.00516533,0.00738165,0.00941229,-0.02056939,0.00086909,-0.09848514,-0.02325866,0.11652615,-0.0107843
1,-0.061499,-0.00274192,-0.02102719,0.04169489,0.08195188,0.13999066,0.08270567,-0.0036945,0.00905784,-0.05546508,-0.12447997,-0.14472098,0.29235516,-0.01528071,-0.03492082,-0.2679484,-0.33281967,-0.55740117
1,0.01857342,-0.0172969,-0.00523209,-0.02725426,-0.00739437,-0.0329533,0.06255762,0.00466713,0.00006019,-0.03890701,-0.09723269,-0.10893619,0.59024751,-0.01575801,-0.03846731,-0.44749718,-0.76677321,-1.09969363
1,0.28856117,-0.00587174,-0.0070367,-0.1919884,-0.41846231,-0.50405167,0.02801021,-0.00655762,0.00773364,-0.02040581,-0.04947841,-0.04297376,0.47650719,0.00502136,-0.06078643,-0.38747268,-0.58503967,-0.90888176
2,0.1385181,-0.02900425,-0.02613381,-0.13274998,-0.15417032,-0.27107794,-0.00441071,0.00187235,-0.00484638,0.00798719,0.00328307,0.01497143,-0.08320721,0.01124015,-0.02458429,0.07280354,0.08126158,0.15651991
2,0.48604367,0.00508618,-0.0304149,-0.34565415,-0.65833368,-0.89556783,0.01728991,0.00058323,-0.00145606,-0.00998162,-0.02388381,-0.03107718,-0.0591071,0.00372558,-0.02250247,0.05249773,0.04628258,0.09757912
2,-0.13568322,0.0007823,-0.08304427,0.09206994,0.23987552,0.22365016,-0.00752016,0.00553056,-0.00831456,0.01311312,0.0042898,0.02129834,-0.0377977,0.00199264,-0.01113752,0.03151628,0.0362765,0.05860153
2,-0.04036623,0.04866825,-0.12675918,0.04731795,0.0886805,0.05107111,0.08082548,-0.00031149,-0.0000911,-0.05027264,-0.11506803,-0.15142837,0.23721319,0.01972919,-0.04254199,-0.12850375,-0.4087794,-0.43227817
2,0.38661614,-0.00796814,-0.02137882,-0.32406283,-0.47344889,-0.74866972,-0.00367716,-0.00171863,0.00054392,0.00186803,0.00689605,0.00599356,-0.07408018,0.0057713,-0.01964763,0.06074287,0.07203374,0.13847969
2,-0.07595174,-0.00572022,-0.08540033,0.06661326,0.14680205,0.12946616,0.00852018,0.00078707,-0.00543071,-0.00193589,-0.0095754,-0.01817119,0.1069747,0.00033198,-0.01135781,-0.06389658,-0.18627948,-0.19812179
2,-0.0903918,-0.00203756,-0.05787506,0.03880452,0.18679397,0.14843923,0.03044758,0.001976,-0.00289064,-0.01931351,-0.04118421,-0.05745889,0.06739216,-0.00896349,-0.00140232,-0.04456746,-0.11346651,-0.12710146
2,1.0721219,-0.0058811,0.0185944,-0.80507221,-1.46120385,-1.9656358,0.04824706,0.01013302,-0.01100349,-0.03111807,-0.06763635,-0.09442676,-0.07869973,0.01271221,-0.03834632,0.06285014,0.07331367,0.13433735
2,0.13026956,-0.02203513,-0.04993892,-0.10841268,-0.13710798,-0.24570049,0.00753612,0.00077115,-0.00334176,0.00038935,-0.01533442,-0.00970035,-0.02515732,-0.00717522,-0.0084967,0.01601424,0.00589045,0.04886266
2,0.69486307,0.00291835,-0.04956968,-0.46886143,-0.96952124,-1.2471585,0.02042958,-0.00757873,0.00712332,-0.01830928,-0.02475969,-0.03705727,-0.03518147,-0.00818569,0.0072813,0.00991003,0.05484337,0.05329006
2,-0.10463968,-0.04817183,0.0087037,-0.02284027,0.2579801,0.13725526,-0.0217989,0.00270413,-0.00569297,0.01670338,0.03280984,0.03918933,-0.10578786,-0.01916432,-0.00164236,0.05494608,0.13213499,0.17745837
2,0.17983049,-0.00573481,-0.03231624,-0.16750974,-0.17833073,-0.36257693,-0.0899927,0.00250823,-0.00921525,0.06593501,0.12279464,0.17812235,-0.0641055,0.00635219,-0.01984888,0.05632595,0.06987298,0.11638214
2,0.55722635,0.00815979,-0.02760849,-0.38972868,-0.78243553,-0.99079324,0.02602208,-0.00178662,0.001677,-0.01796077,-0.03447881,-0.04997188,0.08285176,0.00067138,-0.01350885,-0.05497274,-0.13916674,-0.15943969
2,0.44998013,-0.02346182,0.01646074,-0.39271108,-0.55640103,-0.86970899,-0.03217643,0.00083081,-0.00490099,0.02076551,0.04997104,0.05701838,-0.07813126,0.00325907,-0.02212723,0.0435932,0.0888213,0.12335932
2,0.44710215,-0.03161533,-0.00005519,-0.34148838,-0.6022789,-0.81702381,-0.02540924,0.00141909,-0.005254,0.02285814,0.0309957,0.05461658,-0.10485524,-0.00422423,-0.01608144,0.074316,0.13420346,0.16879429
2,0.07122079,-0.02686858,-0.01799357,-0.10431213,-0.01634276,-0.15119985,0.03461333,0.00009048,0.00083706,-0.02197696,-0.04803432,-0.06405774,-0.14294128,0.00307997,-0.02016313,0.10401542,0.16914293,0.25278978
2,0.47321175,-0.01036541,-0.0189409,-0.36617302,-0.61798769,-0.89071599,-0.02837509,0.00106274,-0.00523551,0.02155758,0.03975404,0.05570247,-0.13121776,-0.00334247,-0.03259511,0.09960178,0.13629856,0.23387706
3,0.00155174,0.00036542,0.03871564,0.02674739,-0.06330394,0.03456465,0.0233608,-0.00690426,0.00925149,-0.0151727,-0.037277,-0.03935488,-0.57912339,0.01353305,-0.12833249,0.39806277,0.85445515,1.06522722
3,-0.24325854,0.01520534,0.0030527,0.22900511,0.28847622,0.48001214,0.01897404,-0.00591411,0.00750127,-0.01107304,-0.0311459,-0.03569779,-0.22298195,-0.02048835,-0.05865793,0.09132017,0.38520945,0.36739202
3,-0.22607359,0.02077056,-0.01408933,0.21321161,0.26407167,0.41801297,-0.01526187,-0.00253468,0.00297978,0.01396599,0.0198069,0.029639,-0.14210609,-0.01732737,-0.0589264,0.03867018,0.26850409,0.22686551
3,0.0531679,0.02429036,0.00494303,0.04736367,-0.15427433,-0.07032408,0.05090012,-0.00023876,-0.00225701,-0.01681078,-0.09869702,-0.08347962,-1.11397098,0.02538086,-0.16405877,0.74526022,1.70654084,1.978443
3,-0.08598757,0.00568633,0.02064349,0.12067959,0.04105384,0.19944075,0.11893329,-0.00682271,0.00899144,-0.06692498,-0.19610254,-0.19915488,-1.09061861,0.01153534,-0.18144381,0.74215057,1.68509601,1.86449131
3,-0.50613123,0.04089262,-0.04211817,0.41104039,0.69333634,0.918781,-0.02840319,-0.00406873,0.00135581,0.02587849,0.03289702,0.04714969,-0.59526758,-0.03689013,-0.07695239,0.31522464,1.02616252,0.96506516
3,-0.1399021,0.0150579,0.0100147,0.15456923,0.16626566,0.25230409,-0.05036683,0.00536779,-0.00716594,0.04620564,0.0632582,0.10221338,-0.44515246,-0.03304297,-0.05527866,0.20269348,0.78724553,0.70233236
3,-0.37913616,0.01826952,0.00288778,0.30702194,0.49112183,0.70853218,0.03368086,0.00144085,0.00068383,-0.01148617,-0.0632104,-0.04931738,-0.18591111,-0.0113016,-0.09186096,0.11425603,0.34435127,0.27796801
3,0.05510862,-0.00148163,0.04304618,-0.0332443,-0.10050315,-0.0859794,0.05357574,-0.00397282,0.00965497,-0.03793157,-0.07838358,-0.09665477,-0.87294615,-0.02514057,-0.11389948,0.60180992,1.34584067,1.51044285
3,0.06518966,0.01502695,0.02375603,-0.03738252,-0.10739349,-0.12149925,0.08956982,-0.00720098,0.01458971,-0.06408934,-0.13195226,-0.16989186,-0.59941702,-0.01989665,-0.11637897,0.41908656,0.94017292,1.03162621
3,0.53859422,0.02239886,0.03056841,-0.2523512,-0.9080517,-0.90691304,0.00464068,-0.00952972,0.01255223,-0.0092256,-0.01266987,-0.00962127,-0.63792437,0.04619258,-0.20255509,0.51000111,0.9505855,1.1241101
3,-0.13298686,-0.00457044,0.04676551,0.13219578,0.13412178,0.25782942,0.11396367,-0.00541244,0.01302359,-0.07257451,-0.16865252,-0.21562187,-0.68324473,-0.0078408,-0.10920798,0.42263775,1.10495847,1.15306576
3,-0.06938674,-0.04481858,0.09684232,0.05247074,0.05787781,0.1529011,0.02338578,-0.00144327,0.00243022,-0.00674686,-0.0468491,-0.03776673,-0.59852505,0.025202,-0.12206794,0.38814336,0.98584788,1.00696655
3,0.01978846,-0.00150337,0.02840473,0.03031758,-0.08618023,0.00009829,0.00511017,-0.00621175,0.00500713,0.00467304,-0.02118269,-0.00648804,-0.85182293,0.01430767,-0.13646027,0.55693862,1.34478193,1.46157958
3,-0.44815723,0.01787968,-0.02333828,0.37114089,0.57997198,0.8563454,-0.11033818,-0.00496872,0.00004366,0.07727867,0.1608109,0.20293248,-0.19851659,-0.03297627,-0.05167303,0.05812416,0.36843033,0.33020091
3,-0.06306635,0.0229615,-0.00307834,0.10986474,0.04239924,0.13522754,0.00218455,-0.00361732,0.00206578,0.0081743,-0.0210301,0.01115258,-0.52786301,-0.03022913,-0.07005207,0.2580133,0.93312729,0.83454947
3,0.82700799,0.00746933,0.06612725,-0.4916553,-1.30113303,-1.44399854,-0.03727318,-0.00403275,0.00715361,0.02244537,0.05143986,0.077949,-0.12630901,0.00514006,-0.13965255,0.165798,0.17257488,0.2175499
3,-0.14976746,0.01915876,0.0016848,0.17146199,0.14376193,0.30485328,0.03677135,-0.00264158,0.0059452,-0.01978115,-0.06657031,-0.05798779,-0.61740909,-0.00620005,-0.09689242,0.35328094,1.0261864,1.03103146
3,0.64557546,-0.04076229,0.1380087,-0.43282229,-0.97174256,-1.1649545,-0.033817,-0.00559351,0.00611872,0.02460726,0.03713361,0.06742214,-0.65963108,0.02409999,-0.15573767,0.46192883,1.02526905,1.13397356
3,0.40926025,0.00435163,0.05672092,-0.2565834,-0.63122412,-0.73213727,0.04771093,-0.00940287,0.01362863,-0.0322772,-0.07408547,-0.08187522,-0.32594853,-0.01421942,-0.09826212,0.20085707,0.57194686,0.52505806
3,-0.13038232,-0.00942297,0.05110814,0.13371829,0.14985846,0.25766319,0.01113107,-0.00429157,0.00496016,-0.0008549,-0.02941958,-0.01584498,-0.55241734,0.00454235,-0.10141432,0.32613525,0.91825058,0.91144867
3,0.32954222,-0.01913329,0.06040561,-0.20287089,-0.51226249,-0.59412934,0.03538809,-0.00032042,0.00129585,-0.01014285,-0.07018816,-0.05294087,-0.38128373,0.00125935,-0.09656434,0.21260155,0.69257473,0.58765346
4,0.27835432,-0.02478556,-0.01225734,-0.21916679,-0.36974167,-0.49008166,0.03167567,0.00264188,-0.00079067,-0.01816365,-0.05015909,-0.05622594,-0.0454058,-0.00435698,0.00051118,0.02449163,0.06235636,0.07549517
4,0.61148266,-0.04884192,0.00132812,-0.43036345,-0.86628293,-1.09616535,-0.00596393,0.00184592,-0.00409367,0.00579077,0.00427685,0.01602866,0.03420699,-0.00530887,0.00483684,-0.02829944,-0.04617153,-0.06851863
4,0.13265583,-0.01542121,-0.04107801,-0.11633832,-0.15308915,-0.22148217,0.00608538,0.00327368,-0.00206651,-0.0010663,-0.01083094,-0.00841551,0.03954094,-0.00268749,-0.00323864,-0.0305681,-0.06849539,-0.08039695
4,0.29826144,-0.01047266,-0.0664888,-0.22254534,-0.39747591,-0.57045641,0.01051902,0.00277267,-0.00109207,-0.00303571,-0.02042292,-0.01667626,0.02098592,0.00138956,-0.00792311,-0.0202157,-0.03852137,-0.04274751
4,0.11980466,0.00274572,-0.03319914,-0.13718095,-0.0984081,-0.25652565,-0.01104193,0.00097248,-0.00172907,0.00884855,0.01469627,0.02347233,-0.00004521,-0.00546475,-0.0005955,-0.01226717,0.0037477,-0.01239201
4,0.34294902,0.02457196,-0.05154287,-0.27250261,-0.43553286,-0.63093485,0.01918115,0.00097572,-0.00035915,-0.0123348,-0.03060957,-0.03170606,-0.01573111,0.00088259,-0.0111497,0.00128263,0.02017162,0.02114199
4,0.55134208,0.00532555,-0.05356903,-0.37039951,-0.76422237,-0.99574231,0.05335543,-0.00327682,0.00451033,-0.03740647,-0.07481353,-0.09878103,-0.00885784,0.00195764,-0.00933855,0.00051144,0.00521911,0.01241071
4,0.2403825,-0.01369907,-0.05303513,-0.2012697,-0.28770689,-0.46275417,0.01568705,0.00011217,0.00021332,-0.01010059,-0.02479866,-0.02459543,-0.01719764,-0.00371663,-0.00128542,-0.00089606,0.02715866,0.02003424
4,0.16015788,0.05161619,-0.11572533,-0.08813721,-0.21586205,-0.31162396,0.00902824,0.00326137,-0.00480097,-0.0024868,-0.01807989,-0.01264533,0.0195338,-0.00446169,-0.00026977,-0.0180048,-0.02531141,-0.04140113
4,0.19043793,-0.07013843,0.02212228,-0.18962045,-0.21802837,-0.3729229,0.00559742,0.0011876,-0.00220545,-0.00091473,-0.01113766,-0.00694134,-0.03537103,-0.00422111,-0.0092287,0.02718616,0.0201123,0.05588813
4,-0.1841916,0.00099068,-0.05213178,0.07793893,0.33956237,0.30816905,0.01313986,0.00214371,-0.00080975,-0.00734134,-0.02109366,-0.02140816,0.11177019,-0.00093565,-0.00599543,-0.07788837,-0.18374906,-0.20930191
4,0.37025679,0.00616355,-0.04016855,-0.28129872,-0.48640939,-0.68507566,-0.0171601,0.00254104,-0.00444363,0.01401265,0.02210059,0.03512306,0.05853026,0.00388513,-0.01323101,-0.03942084,-0.10096221,-0.11248735
4,0.53493086,0.00950978,-0.03660872,-0.38316001,-0.74117733,-0.93410839,-0.00824401,0.00033978,-0.0002785,0.00526564,0.01046039,0.01659907,0.00988513,-0.00339534,-0.0062768,-0.01587507,-0.0217123,-0.02775185
4,0.16544439,0.00696736,-0.05640982,-0.13749458,-0.19154697,-0.29858198,0.01261468,0.00255607,-0.00241866,-0.00642538,-0.0191627,-0.02248499,0.03718347,0.00106488,-0.01614553,-0.02400912,-0.07750831,-0.07542036
4,0.24063253,-0.06273232,-0.02669883,-0.19039456,-0.30471206,-0.42626828,0.03877395,0.00165413,-0.00025724,-0.02397928,-0.05798365,-0.07065112,0.01725598,-0.0024219,-0.00952703,-0.01668893,-0.03603877,-0.03510933
4,0.17884648,-0.00386518,-0.03568071,-0.1645295,-0.18608697,-0.35289942,0.00730597,0.00106354,-0.00005045,-0.00474668,-0.00880567,-0.01334805,0.10095719,0.00303025,-0.01897744,-0.06157166,-0.17783959,-0.19475736
4,0.38121097,-0.06050932,0.01442858,-0.3263453,-0.473423,-0.71784843,0.01107367,0.00152292,0.00042299,-0.00735298,-0.01340938,-0.02177869,0.00729234,-0.0016026,-0.01030425,-0.00279663,-0.02586295,-0.02350867
4,0.13533386,-0.00706931,-0.04116913,-0.13526443,-0.13929007,-0.26141035,-0.01809512,-0.00026867,-0.00093638,0.01364165,0.02477502,0.03728827,0.12522426,-0.00349452,-0.0031422,-0.08602041,-0.2008553,-0.23135868
4,0.08539467,0.00975451,-0.05213199,-0.09257433,-0.06396146,-0.14807612,0.02180424,0.00059482,0.00177237,-0.01476242,-0.03040828,-0.04132852,0.00778816,0.00041765,-0.00309042,-0.01107057,-0.01652462,-0.01796573
4,0.62315839,0.02779008,-0.07670215,-0.41722927,-0.86661701,-1.11665148,0.01220482,0.00193476,-0.00141361,-0.00838341,-0.01808745,-0.02265592,0.00596602,0.00556775,-0.01524476,0.0016146,-0.0264284,-0.00814172
4,0.48216921,0.00932306,-0.05455979,-0.3010582,-0.70305957,-0.8441344,0.00353619,-0.00282264,-0.00012773,-0.00397236,-0.00701642,-0.00419068,-0.02138308,-0.00032864,-0.00268663,0.00970727,0.02478972,0.03254068
4,1.25037376,0.01160483,-0.05545922,-0.75559491,-1.89768794,-2.17572553,0.04895293,0.00049043,0.0029149,-0.03384673,-0.06977929,-0.08878553,-0.09646042,-0.00832351,-0.00133055,0.04245128,0.13924029,0.16583032
4,-0.0318331,-0.01850438,-0.07447866,0.03012788,0.07254996,0.05148334,0.00610021,0.00275564,-0.0038262,-0.00129912,-0.01523258,-0.00547864,-0.00631457,-0.00532693,-0.0075101,-0.00074143,0.00216162,-0.00016853
4,0.1860306,0.01859766,-0.11706403,-0.11037106,-0.23924298,-0.36056533,0.00163935,-0.00131811,0.00499849,-0.00570327,0.00061221,-0.00579035,-0.06145197,-0.00394325,0.00115538,0.02661549,0.09168021,0.10092492
4,0.63516061,0.03974994,-0.10611191,-0.42019845,-0.89042263,-1.14480899,-0.00690796,-0.00353776,0.00656222,-0.00209115,0.01276774,0.00986082,0.00528381,-0.00011659,-0.00091671,-0.00453909,-0.00795067,-0.00865667
5,0.00334426,-0.00176489,-0.00062927,-0.00382953,-0.00234659,-0.00673139,0.00498038,0.00002,-0.00014171,-0.00393181,-0.00463629,-0.01320075,0.00809542,-0.0025318,-0.0094408,-0.00601594,-0.01521285,-0.01361288
5,0.00442419,-0.00636609,0.00642537,-0.0113589,0.00413209,-0.00970178,0.00180289,-0.00455379,0.00370244,-0.00601069,0.00452082,-0.00766409,0.02311825,-0.01900463,0.01643305,-0.03602952,-0.01334158,-0.03946387
5,-0.00257209,-0.00445213,0.00361753,-0.00274041,0.00904531,0.00350235,-0.00538955,0.00036804,-0.00254786,0.00506602,0.00654962,0.01004637,0.00982902,-0.010415,0.00258506,-0.01446977,-0.00791312,-0.01728851
5,-0.00683768,-0.00174024,0.00167272,0.00299675,0.01142163,0.01495382,0.00272033,-0.00228981,-0.00064862,0.00083537,-0.00610762,-0.0034105,-0.00411051,-0.01527312,0.00661639,-0.00474673,0.01271596,0.01129507
5,0.01427927,-0.00483611,0.00357062,-0.01234139,-0.01889841,-0.02500293,0.01569986,0.0035438,-0.00394044,-0.00506864,-0.02648919,-0.0258853,0.03647482,-0.00717189,-0.00723708,-0.01771229,-0.06362676,-0.05859564
5,-0.0020934,-0.00634515,0.00239656,-0.00225133,0.00930524,0.00387237,0.0018177,0.00025022,-0.00247697,0.00185294,-0.00390489,-0.00608466,0.02835998,-0.01038096,-0.00584951,-0.02213573,-0.03355195,-0.04758827
5,-0.00620893,-0.00613259,0.00266797,-0.00091707,0.01672097,0.00943477,-0.01256507,0.00167745,-0.00461131,0.0129512,0.01455469,0.02353279,0.00745008,-0.01738701,-0.00151009,-0.01499032,0.00219229,-0.01405847
5,-0.00329842,-0.00764541,0.00446577,-0.0037049,0.00962117,0.00680988,0.00929548,0.00555621,-0.00636574,-0.00000825,-0.0163541,-0.01728006,0.03171734,-0.01291813,-0.00725561,-0.02485357,-0.04607447,-0.0460527
5,-0.01104361,-0.00701197,0.00451792,0.00245641,0.02272217,0.01891808,0.01337519,0.00350797,-0.00531737,-0.00126836,-0.02405285,-0.02338786,0.00926157,-0.01954445,-0.00044169,-0.01238815,-0.00826806,-0.01583621
5,-0.00441148,-0.00505401,0.00326049,-0.00109961,0.01034937,0.00886474,0.00262476,0.00315926,-0.00535158,0.00259651,-0.00450064,-0.0098698,0.01814514,-0.00710195,-0.00953226,-0.01344756,-0.02647131,-0.02533294
5,0.00618012,-0.00527236,0.00306839,-0.00902504,-0.00482668,-0.01050975,0.00305723,0.00456341,-0.00542168,0.00165032,-0.0050891,-0.0074366,0.06665584,-0.00692921,-0.00455794,-0.05113184,-0.0918961,-0.10776112
5,0.00328653,-0.00393496,0.00080703,-0.00587755,0.0027301,-0.0083253,-0.01356025,0.00371637,-0.00648737,0.01403451,0.01590047,0.02640492,0.04712511,0.00052252,-0.01425477,-0.03412896,-0.05318477,-0.08453252
5,0.01307407,-0.00507991,0.00449373,-0.01288388,-0.01474665,-0.02362035,0.01421341,-0.000545,-0.00181931,-0.00641537,-0.02317249,-0.02650548,0.05669316,-0.02374051,0.01195079,-0.04995137,-0.08125649,-0.09753471
5,0.00237848,-0.00469277,0.00057776,-0.00458507,-0.00058071,-0.00356978,-0.00331533,-0.00075469,-0.00220938,0.00325154,0.00509255,0.00249733,0.0448471,-0.00888848,-0.01225006,-0.03201673,-0.06721409,-0.07737529
5,0.00010043,-0.00930567,0.00724377,-0.00808365,0.0093033,-0.00580162,-0.00415184,-0.00265638,0.00023832,0.00352601,0.00647781,0.00320473,0.00771341,-0.03335512,0.01759169,-0.02823743,0.01423025,-0.0237566
5,-0.00960079,-0.00714464,0.00584188,-0.00079988,0.02197485,0.01324499,-0.00768737,-0.00032988,-0.0010575,0.00510025,0.01265482,0.01118752,-0.0002751,-0.0239001,0.00731116,-0.01737112,0.01581365,-0.00743319
5,-0.01754998,-0.00762327,0.00534548,0.00577574,0.03204657,0.02891857,-0.01011574,-0.00160638,-0.00148524,0.0091722,0.01144863,0.01929064,0.02379877,-0.03774957,0.02750602,-0.04781372,-0.00004897,-0.0466669
5,0.01173077,-0.00591463,0.00516077,-0.01340762,-0.00923656,-0.02587708,0.00313774,0.00354121,-0.00250936,0.00061289,-0.00607351,-0.00451036,0.05778787,-0.01579569,-0.0033552,-0.04545323,-0.08307656,-0.10731904
5,-0.00616941,-0.00793006,0.00697259,-0.00450241,0.01797508,0.00702883,-0.00425849,0.00094068,-0.00220645,0.00418609,0.007349,0.00701736,-0.00650576,-0.02314258,0.01490982,-0.01503686,0.02504191,0.00530495
5,-0.00882184,-0.00623769,0.00476398,-0.00007103,0.01908383,0.01241443,-0.00473456,0.00009533,-0.00186792,0.00559321,0.00660235,0.00825369,-0.01651604,-0.02058457,0.01232237,-0.00323915,0.03531193,0.02517631
5,-0.00475,-0.00301065,0.00321095,-0.0019483,0.01421218,0.00631824,-0.00228064,-0.00220916,0.00049793,0.00108442,0.00576553,0.0019708,0.00719625,-0.02062705,0.01637773,-0.02562301,0.0096359,-0.01679171
5,-0.00441449,-0.00241828,0.00102565,0.00426701,0.00705754,0.01016868,-0.00176842,0.00015953,-0.0014651,0.00394467,-0.00214654,0.00602739,-0.02110526,-0.02023344,0.01025013,0.00582819,0.03542215,0.03790552
5,-0.00567012,-0.00441882,0.00432503,-0.00079673,0.01346678,0.00926536,-0.00173661,-0.00249946,0.00077087,-0.00096066,0.00664443,0.00059876,-0.00198463,-0.01184744,0.00475619,-0.00688371,0.00745296,0.00168228
5,0.00096037,-0.00242576,0.00269028,-0.00440724,0.00557227,-0.00391464,0.00132501,-0.00157203,-0.00016777,-0.00084543,-0.00265597,-0.0028635,0.00761957,-0.01074028,0.00736304,-0.01649814,0.00478561,-0.01228179
5,-0.00222642,-0.00126853,0.00134972,-0.00082896,0.00628669,0.00447175,-0.00295754,-0.00429406,0.00271236,-0.00165292,0.01074155,0.0010572,-0.00262334,-0.01020255,0.00660062,-0.00706,0.01281084,0.00693094
6,0.22771351,-0.01335581,-0.00758682,-0.21496226,-0.30677349,-0.35669776,0.02416369,0.00350702,-0.00359654,-0.00544575,-0.0323751,-0.01630026,-0.08052664,-0.01276738,0.00047332,0.04323282,0.11541074,0.10848856
6,0.01483429,-0.0048873,-0.03644292,-0.1159865,0.10178195,-0.10072087,0.0014775,0.00577313,-0.01152696,0.00382732,0.00275397,0.00875413,0.10177389,0.00745258,-0.00313247,-0.05646599,-0.16285569,-0.19828208
6,0.38189306,-0.04204011,0.03147433,-0.33367445,-0.46743115,-0.72489106,0.05041203,0.0040503,0.00180624,-0.03127157,-0.05078422,-0.08010104,-0.14824551,-0.01071629,-0.01001943,0.09823341,0.18703336,0.25506642
6,0.42179222,0.00040436,-0.01999126,-0.34441796,-0.59655233,-0.71048161,0.14373378,0.00281536,0.00836678,-0.08934794,-0.19377509,-0.2306744,-0.1944596,0.0047863,-0.03447103,0.13947908,0.24703013,0.32404362
6,-0.18014174,-0.03172057,-0.04025356,0.08241964,0.29264834,0.33238747,-0.00776784,0.00816554,-0.00909826,0.01581756,0.01842623,0.02200544,0.03099645,-0.01293736,0.00535829,-0.02307013,-0.0554856,-0.06125532
6,0.34820763,-0.03267642,-0.00040686,-0.32806061,-0.40692279,-0.66731768,0.08011487,0.00675391,0.00074093,-0.04600583,-0.09840425,-0.13301665,0.05200747,-0.01479988,0.00300998,-0.04306555,-0.0876058,-0.12332152
6,0.7420502,-0.03805586,0.03506146,-0.58220491,-0.99408137,-1.37096643,0.13711258,0.00020072,0.00877448,-0.09263156,-0.17649653,-0.23784409,-0.29512853,-0.00286827,-0.02506016,0.20335644,0.39853435,0.51799286
6,0.62756487,-0.03062791,0.01595055,-0.50425713,-0.86327075,-1.11149825,0.1295982,0.00564282,0.00629927,-0.0840244,-0.16830839,-0.21235846,-0.17740219,-0.00890094,-0.01693278,0.11499137,0.24024526,0.2849848
6,-0.04808464,-0.0164843,-0.06091977,0.02055333,0.05886763,0.14383821,0.02990908,0.00200271,0.00098489,-0.01629389,-0.03415809,-0.05224145,-0.11248457,0.00241972,-0.01543844,0.08326932,0.13674626,0.22256911
6,0.54561138,0.01255697,-0.03854319,-0.3993248,-0.75342667,-0.99014289,0.08058168,-0.00246475,0.01107465,-0.05733447,-0.09312006,-0.13490116,-0.15301775,0.01406702,-0.03738917,0.1229223,0.18011295,0.27020333
6,0.56808314,-0.04068128,0.01287319,-0.44732125,-0.77401426,-1.01125995,0.05178181,0.00697057,-0.00153521,-0.02889526,-0.05968677,-0.06696215,-0.13386462,-0.01182449,-0.01247428,0.09018631,0.16780179,0.21229739
6,0.48729229,-0.04113259,0.01582645,-0.40228695,-0.61729414,-0.9120144,0.11234613,0.00967971,-0.00226409,-0.06801786,-0.14622145,-0.19332577,-0.16456133,-0.01620985,-0.00595154,0.1097513,0.2155221,0.28443003
6,0.33103907,-0.02717585,-0.0216586,-0.25275247,-0.43670953,-0.6189992,0.07490806,-0.00237061,0.00136709,-0.04818191,-0.10149883,-0.12390282,-0.10283821,0.00005345,-0.00720888,0.0747008,0.13414814,0.17087879
6,0.47455281,-0.0382848,0.00995994,-0.38906303,-0.60715519,-0.87714105,0.07824684,0.00211238,0.00423997,-0.05082259,-0.09798939,-0.13090726,-0.11448055,-0.01341635,-0.0072524,0.07215855,0.15415841,0.18443071
6,0.63006751,-0.07073473,0.05409357,-0.5100044,-0.83601557,-1.17470094,0.15932696,0.00076081,0.01143797,-0.10473121,-0.2117317,-0.27768646,-0.25976693,-0.01526667,-0.0141979,0.16834364,0.36084351,0.44740601
6,0.15354506,-0.04163039,0.00157056,-0.17015695,-0.14029981,-0.30685455,0.1236862,0.01058764,-0.00400126,-0.07465747,-0.15878272,-0.22093839,-0.08973594,-0.02577856,0.00826852,0.04765571,0.12075916,0.14628413
6,0.29430265,-0.01747338,-0.03306472,-0.20674542,-0.4304238,-0.49213769,-0.00761433,0.00230171,-0.00294197,0.01319625,0.01433804,0.04394566,-0.04844445,-0.00990927,-0.00629077,0.03273195,0.04729436,0.06572774
6,0.61263864,-0.04016628,0.02063988,-0.50286313,-0.79822044,-1.14882466,0.11419704,0.00279529,0.00428147,-0.07657252,-0.14298481,-0.19996418,-0.13968354,-0.01021572,-0.01203614,0.09413438,0.17754982,0.23164114
6,0.2245146,-0.04175293,0.01066002,-0.24616961,-0.23801528,-0.43480079,0.05100005,0.01050873,-0.0053238,-0.02803533,-0.05478826,-0.08079064,-0.01889798,-0.01504491,-0.00115632,0.00820102,0.00794375,0.00385867
7,0.1113971,-0.0068774,-0.06962828,-0.11878033,-0.06067187,-0.25605646,-0.00904264,0.00199589,-0.01157155,-0.0013168,0.02427956,0.00312251,0.01764934,0.00059346,0.00393573,-0.01137723,-0.027636,-0.03050704
7,0.4815468,-0.02465706,0.00583739,-0.41750146,-0.58889215,-0.9052041,-0.10106348,-0.00885745,-0.02221161,0.05038919,0.13474009,0.15936833,-0.09504215,-0.00661407,-0.02163882,0.05966227,0.10721665,0.15774167
7,0.0472425,-0.0431709,0.00346253,-0.06824808,-0.01928767,-0.09087136,-0.01174904,-0.00698222,-0.00424669,0.00502144,0.01425146,0.01222768,-0.01461329,-0.00642786,0.00123612,0.00730199,0.01152055,0.01932932
7,0.05171639,-0.01924527,-0.02716654,-0.06201589,-0.02687227,-0.11501825,0.01510505,-0.0068732,-0.00398007,-0.01173327,-0.03088785,-0.02933341,0.03906914,-0.00724946,0.00783875,-0.03416456,-0.06232476,-0.07597268
7,0.30060371,-0.00671357,-0.04583248,-0.25220705,-0.34126852,-0.58791886,-0.00730805,-0.01047577,0.00281376,-0.00944843,0.02012907,-0.0005561,-0.01631033,-0.00809613,0.00930779,0.00462733,0.02596975,0.02800163
7,0.48280472,-0.04273798,0.00450346,-0.37956285,-0.62571893,-0.88692436,-0.10893279,0.00725745,-0.02663289,0.08517443,0.12986302,0.19311429,-0.19306225,0.01404718,-0.03134143,0.15235864,0.23420405,0.36691601
7,0.15697092,0.00451824,-0.07106744,-0.13860624,-0.16610323,-0.28715877,-0.00114681,0.00390431,-0.01234563,0.00322894,-0.00508284,0.0151445,-0.01340568,0.0015962,0.00109058,0.01420284,0.00910289,0.03654442
7,0.38857922,-0.0310325,0.02580702,-0.36012994,-0.47953733,-0.72461632,-0.08593024,-0.00171311,-0.015823,0.04586378,0.11624025,0.13333126,-0.00379391,0.0027988,-0.01172401,-0.0022797,-0.00768967,-0.0244888
7,-0.08277855,0.00699542,-0.08342174,0.04383148,0.16891787,0.1566676,-0.02528799,-0.00102883,-0.0126585,0.01859172,0.02440605,0.03676019,0.08011442,-0.00033978,-0.00363572,-0.04875895,-0.1383648,-0.15130397
7,0.37657408,0.00628134,-0.03962309,-0.26829521,-0.52587424,-0.66414989,0.03040586,0.00390008,-0.0097108,-0.01678895,-0.05723637,-0.0496061,0.0208416,0.00869635,-0.00437169,-0.00414258,-0.04051385,-0.027117
7,0.3262323,-0.0256562,-0.03855401,-0.23896527,-0.41155186,-0.61642113,0.01592814,-0.00642238,-0.00480303,-0.01793087,-0.02718388,-0.03019681,-0.01749213,-0.0110102,0.00951086,-0.00516982,0.0313261,0.0213395
7,0.44214362,-0.03213995,0.01624372,-0.34109624,-0.60464985,-0.79421135,0.04438344,0.00901492,-0.02160551,-0.02362331,-0.07491612,-0.09092272,-0.01080235,0.01053734,-0.02002982,0.01909615,-0.0063711,0.01402399
