-1.82072256 0.02078221 -0.08699539 1.21095686 2.78181798 3.20206631 scoring
-1.88397833 0.02191383 -0.09714216 1.26096328 2.84508915 3.30788005 scoring
-0.71764793 -0.00412888 -0.01270323 0.46052167 1.15549814 1.15498727 scoring
0.28629781 -0.00057061 0.02292389 -0.18550765 -0.31094759 -0.67842337 scoring
-1.44439919 0.02877547 -0.08720321 1.00690925 2.10031842 2.60622593 scoring
-0.94087519 0.01164073 -0.06759123 0.69319054 1.41331932 1.61322765 scoring
0.59814392 0.02949575 0.00470035 -0.32223709 -0.87586897 -1.13700883 scoring
-1.68029217 0.04311382 -0.12625814 1.23012108 2.32415606 3.1303294 scoring
-0.50482284 0.03057626 -0.0555872 0.43420852 0.64927903 0.93033694 scoring
-0.23854063 7.138e-05 -0.00686266 0.17570104 0.37445302 0.40186797 scoring
-1.48880512 -0.01622993 -0.06432222 0.94169803 2.307113 2.53661469 scoring
-0.21123741 0.01923127 -0.0246504 0.18473256 0.27569655 0.40112985 scoring
-0.06563298 0.02501112 -0.02103171 0.10060533 0.07113494 0.07366912 scoring
-0.15814803 0.03218885 -0.02517109 0.16148109 0.20358939 0.29131694 scoring
-0.90120668 0.00364386 -0.03001207 0.58217363 1.44255448 1.49604264 scoring
-1.20527223 0.00547951 -0.04522575 0.79922238 1.84481041 2.08711807 scoring
-1.17654862 0.03179499 -0.09368644 0.86555303 1.6995212 2.11663758 scoring
-1.54882007 0.04452768 -0.1076313 1.10030544 2.23785373 2.80801967 scoring
-1.04704597 0.03257034 -0.08319138 0.76261871 1.54111598 1.84535032 scoring
-0.40431425 -0.01946788 0.01836813 0.22568089 0.76042719 0.54807212 scoring
-1.09313608 0.01448916 -0.05132001 0.74409105 1.68223482 1.85813109 scoring
0.50127369 0.02120925 -0.06190253 -0.36604321 -0.65787661 -0.90802718 pivotedChop
0.31107812 0.00766696 -0.09338404 -0.23955439 -0.36395564 -0.59437673 pivotedChop
0.15327565 -0.01297218 -0.0561522 -0.18426114 -0.08464142 -0.33572843 pivotedChop
0.10909374 -0.03121153 -0.07174385 -0.13340451 -0.06723755 -0.24674584 pivotedChop
0.1121664 -0.0156943 -0.06828091 -0.14060529 -0.05460865 -0.23457828 pivotedChop
0.05000044 -0.00811739 -0.0934099 -0.07939027 0.018428 -0.14178962 pivotedChop
0.33218442 0.00141555 -0.08277839 -0.26707603 -0.38699994 -0.64091293 pivotedChop
1.52266863 -0.09897666 0.08269391 -1.16901353 -2.06027031 -2.82798243 pivotedChop
0.10504195 -0.0171629 -0.07151673 -0.14037112 -0.04871347 -0.26052897 pivotedChop
0.34646157 -0.00327413 -0.06641294 -0.30814105 -0.38076205 -0.69040714 pivotedChop
0.54748378 -0.02607858 -0.05246137 -0.42121938 -0.72420817 -1.01065495 pivotedChop
-0.02056939 0.00086909 -0.09848514 -0.02325866 0.11652615 -0.0107843 pivotedChop
0.29235516 -0.01528071 -0.03492082 -0.2679484 -0.33281967 -0.55740117 pivotedChop
0.59024751 -0.01575801 -0.03846731 -0.44749718 -0.76677321 -1.09969363 pivotedChop
0.47650719 0.00502136 -0.06078643 -0.38747268 -0.58503967 -0.90888176 pivotedChop
-0.08320721 0.01124015 -0.02458429 0.07280354 0.08126158 0.15651991 normalCut
-0.0591071 0.00372558 -0.02250247 0.05249773 0.04628258 0.09757912 normalCut
-0.0377977 0.00199264 -0.01113752 0.03151628 0.0362765 0.05860153 normalCut
0.23721319 0.01972919 -0.04254199 -0.12850375 -0.4087794 -0.43227817 normalCut
-0.07408018 0.0057713 -0.01964763 0.06074287 0.07203374 0.13847969 normalCut
0.1069747 0.00033198 -0.01135781 -0.06389658 -0.18627948 -0.19812179 normalCut
0.06739216 -0.00896349 -0.00140232 -0.04456746 -0.11346651 -0.12710146 normalCut
-0.07869973 0.01271221 -0.03834632 0.06285014 0.07331367 0.13433735 normalCut
-0.02515732 -0.00717522 -0.0084967 0.01601424 0.00589045 0.04886266 normalCut
-0.03518147 -0.00818569 0.0072813 0.00991003 0.05484337 0.05329006 normalCut
-0.10578786 -0.01916432 -0.00164236 0.05494608 0.13213499 0.17745837 normalCut
-0.0641055 0.00635219 -0.01984888 0.05632595 0.06987298 0.11638214 normalCut
0.08285176 0.00067138 -0.01350885 -0.05497274 -0.13916674 -0.15943969 normalCut
-0.07813126 0.00325907 -0.02212723 0.0435932 0.0888213 0.12335932 normalCut
-0.10485524 -0.00422423 -0.01608144 0.074316 0.13420346 0.16879429 normalCut
-0.14294128 0.00307997 -0.02016313 0.10401542 0.16914293 0.25278978 normalCut
-0.13121776 -0.00334247 -0.03259511 0.09960178 0.13629856 0.23387706 normalCut
-0.57912339 0.01353305 -0.12833249 0.39806277 0.85445515 1.06522722 movingPivotedChop
-0.22298195 -0.02048835 -0.05865793 0.09132017 0.38520945 0.36739202 movingPivotedChop
-0.14210609 -0.01732737 -0.0589264 0.03867018 0.26850409 0.22686551 movingPivotedChop
-1.11397098 0.02538086 -0.16405877 0.74526022 1.70654084 1.978443 movingPivotedChop
-1.09061861 0.01153534 -0.18144381 0.74215057 1.68509601 1.86449131 movingPivotedChop
-0.59526758 -0.03689013 -0.07695239 0.31522464 1.02616252 0.96506516 movingPivotedChop
-0.44515246 -0.03304297 -0.05527866 0.20269348 0.78724553 0.70233236 movingPivotedChop
-0.18591111 -0.0113016 -0.09186096 0.11425603 0.34435127 0.27796801 movingPivotedChop
-0.87294615 -0.02514057 -0.11389948 0.60180992 1.34584067 1.51044285 movingPivotedChop
-0.59941702 -0.01989665 -0.11637897 0.41908656 0.94017292 1.03162621 movingPivotedChop
-0.63792437 0.04619258 -0.20255509 0.51000111 0.9505855 1.1241101 movingPivotedChop
-0.68324473 -0.0078408 -0.10920798 0.42263775 1.10495847 1.15306576 movingPivotedChop
-0.59852505 0.025202 -0.12206794 0.38814336 0.98584788 1.00696655 movingPivotedChop
-0.85182293 0.01430767 -0.13646027 0.55693862 1.34478193 1.46157958 movingPivotedChop
-0.19851659 -0.03297627 -0.05167303 0.05812416 0.36843033 0.33020091 movingPivotedChop
-0.52786301 -0.03022913 -0.07005207 0.2580133 0.93312729 0.83454947 movingPivotedChop
-0.12630901 0.00514006 -0.13965255 0.165798 0.17257488 0.2175499 movingPivotedChop
-0.61740909 -0.00620005 -0.09689242 0.35328094 1.0261864 1.03103146 movingPivotedChop
-0.65963108 0.02409999 -0.15573767 0.46192883 1.02526905 1.13397356 movingPivotedChop
-0.32594853 -0.01421942 -0.09826212 0.20085707 0.57194686 0.52505806 movingPivotedChop
-0.55241734 0.00454235 -0.10141432 0.32613525 0.91825058 0.91144867 movingPivotedChop
-0.38128373 0.00125935 -0.09656434 0.21260155 0.69257473 0.58765346 movingPivotedChop
-0.04540580 -0.00435698 0.00051118 0.02449163 0.06235636 0.07549517 inHandCut
0.03420699 -0.00530887 0.00483684 -0.02829944 -0.04617153 -0.06851863 inHandCut
0.03954094 -0.00268749 -0.00323864 -0.03056810 -0.06849539 -0.08039695 inHandCut
0.02098592 0.00138956 -0.00792311 -0.02021570 -0.03852137 -0.04274751 inHandCut
-0.00004521 -0.00546475 -0.00059550 -0.01226717 0.00374770 -0.01239201 inHandCut
-0.01573111 0.00088259 -0.01114970 0.00128263 0.02017162 0.02114199 inHandCut
-0.00885784 0.00195764 -0.00933855 0.00051144 0.00521911 0.01241071 inHandCut
-0.01719764 -0.00371663 -0.00128542 -0.00089606 0.02715866 0.02003424 inHandCut
0.01953380 -0.00446169 -0.00026977 -0.01800480 -0.02531141 -0.04140113 inHandCut
-0.03537103 -0.00422111 -0.00922870 0.02718616 0.02011230 0.05588813 inHandCut
0.11177019 -0.00093565 -0.00599543 -0.07788837 -0.18374906 -0.20930191 inHandCut
0.05853026 0.00388513 -0.01323101 -0.03942084 -0.10096221 -0.11248735 inHandCut
0.00988513 -0.00339534 -0.00627680 -0.01587507 -0.02171230 -0.02775185 inHandCut
0.03718347 0.00106488 -0.01614553 -0.02400912 -0.07750831 -0.07542036 inHandCut
0.01725598 -0.00242190 -0.00952703 -0.01668893 -0.03603877 -0.03510933 inHandCut
0.10095719 0.00303025 -0.01897744 -0.06157166 -0.17783959 -0.19475736 inHandCut
0.00729234 -0.00160260 -0.01030425 -0.00279663 -0.02586295 -0.02350867 inHandCut
0.12522426 -0.00349452 -0.00314220 -0.08602041 -0.20085530 -0.23135868 inHandCut
0.00778816 0.00041765 -0.00309042 -0.01107057 -0.01652462 -0.01796573 inHandCut
0.00596602 0.00556775 -0.01524476 0.00161460 -0.02642840 -0.00814172 inHandCut
-0.02138308 -0.00032864 -0.00268663 0.00970727 0.02478972 0.03254068 inHandCut
-0.09646042 -0.00832351 -0.00133055 0.04245128 0.13924029 0.16583032 inHandCut
-0.00631457 -0.00532693 -0.00751010 -0.00074143 0.00216162 -0.00016853 inHandCut
-0.06145197 -0.00394325 0.00115538 0.02661549 0.09168021 0.10092492 inHandCut
0.00528381 -0.00011659 -0.00091671 -0.00453909 -0.00795067 -0.00865667 inHandCut
0.00809542 -0.0025318 -0.0094408 -0.00601594 -0.01521285 -0.01361288 dice
0.02311825 -0.01900463 0.01643305 -0.03602952 -0.01334158 -0.03946387 dice
0.00982902 -0.010415 0.00258506 -0.01446977 -0.00791312 -0.01728851 dice
-0.00411051 -0.01527312 0.00661639 -0.00474673 0.01271596 0.01129507 dice
0.03647482 -0.00717189 -0.00723708 -0.01771229 -0.06362676 -0.05859564 dice
0.02835998 -0.01038096 -0.00584951 -0.02213573 -0.03355195 -0.04758827 dice
0.00745008 -0.01738701 -0.00151009 -0.01499032 0.00219229 -0.01405847 dice
0.03171734 -0.01291813 -0.00725561 -0.02485357 -0.04607447 -0.0460527 dice
0.00926157 -0.01954445 -0.00044169 -0.01238815 -0.00826806 -0.01583621 dice
0.01814514 -0.00710195 -0.00953226 -0.01344756 -0.02647131 -0.02533294 dice
0.06665584 -0.00692921 -0.00455794 -0.05113184 -0.0918961 -0.10776112 dice
0.04712511 0.00052252 -0.01425477 -0.03412896 -0.05318477 -0.08453252 dice
0.05669316 -0.02374051 0.01195079 -0.04995137 -0.08125649 -0.09753471 dice
0.0448471 -0.00888848 -0.01225006 -0.03201673 -0.06721409 -0.07737529 dice
0.00771341 -0.03335512 0.01759169 -0.02823743 0.01423025 -0.0237566 dice
-0.0002751 -0.0239001 0.00731116 -0.01737112 0.01581365 -0.00743319 dice
0.02379877 -0.03774957 0.02750602 -0.04781372 -4.897e-05 -0.0466669 dice
0.05778787 -0.01579569 -0.0033552 -0.04545323 -0.08307656 -0.10731904 dice
-0.00650576 -0.02314258 0.01490982 -0.01503686 0.02504191 0.00530495 dice
-0.01651604 -0.02058457 0.01232237 -0.00323915 0.03531193 0.02517631 dice
0.00719625 -0.02062705 0.01637773 -0.02562301 0.0096359 -0.01679171 dice
-0.02110526 -0.02023344 0.01025013 0.00582819 0.03542215 0.03790552 dice
-0.00198463 -0.01184744 0.00475619 -0.00688371 0.00745296 0.00168228 dice
0.00761957 -0.01074028 0.00736304 -0.01649814 0.00478561 -0.01228179 dice
-0.00262334 -0.01020255 0.00660062 -0.00706 0.01281084 0.00693094 dice
-0.08052664 -0.01276738 0.00047332 0.04323282 0.11541074 0.10848856 angledSliceR
0.10177389 0.00745258 -0.00313247 -0.05646599 -0.16285569 -0.19828208 angledSliceR
-0.14824551 -0.01071629 -0.01001943 0.09823341 0.18703336 0.25506642 angledSliceR
-0.1944596 0.0047863 -0.03447103 0.13947908 0.24703013 0.32404362 angledSliceR
0.03099645 -0.01293736 0.00535829 -0.02307013 -0.0554856 -0.06125532 angledSliceR
0.05200747 -0.01479988 0.00300998 -0.04306555 -0.0876058 -0.12332152 angledSliceR
-0.29512853 -0.00286827 -0.02506016 0.20335644 0.39853435 0.51799286 angledSliceR
-0.17740219 -0.00890094 -0.01693278 0.11499137 0.24024526 0.2849848 angledSliceR
-0.11248457 0.00241972 -0.01543844 0.08326932 0.13674626 0.22256911 angledSliceR
-0.15301775 0.01406702 -0.03738917 0.1229223 0.18011295 0.27020333 angledSliceR
-0.13386462 -0.01182449 -0.01247428 0.09018631 0.16780179 0.21229739 angledSliceR
-0.16456133 -0.01620985 -0.00595154 0.1097513 0.2155221 0.28443003 angledSliceR
-0.10283821 5.345e-05 -0.00720888 0.0747008 0.13414814 0.17087879 angledSliceR
-0.11448055 -0.01341635 -0.0072524 0.07215855 0.15415841 0.18443071 angledSliceR
-0.25976693 -0.01526667 -0.0141979 0.16834364 0.36084351 0.44740601 angledSliceR
-0.08973594 -0.02577856 0.00826852 0.04765571 0.12075916 0.14628413 angledSliceR
-0.04844445 -0.00990927 -0.00629077 0.03273195 0.04729436 0.06572774 angledSliceR
-0.13968354 -0.01021572 -0.01203614 0.09413438 0.17754982 0.23164114 angledSliceR
-0.01889798 -0.01504491 -0.00115632 0.00820102 0.00794375 0.00385867 angledSliceR
0.01764934 0.00059346 0.00393573 -0.01137723 -0.027636 -0.03050704 angledSliceL
-0.09504215 -0.00661407 -0.02163882 0.05966227 0.10721665 0.15774167 angledSliceL
-0.01461329 -0.00642786 0.00123612 0.00730199 0.01152055 0.01932932 angledSliceL
0.03906914 -0.00724946 0.00783875 -0.03416456 -0.06232476 -0.07597268 angledSliceL
-0.01631033 -0.00809613 0.00930779 0.00462733 0.02596975 0.02800163 angledSliceL
-0.19306225 0.01404718 -0.03134143 0.15235864 0.23420405 0.36691601 angledSliceL
-0.01340568 0.0015962 0.00109058 0.01420284 0.00910289 0.03654442 angledSliceL
-0.00379391 0.0027988 -0.01172401 -0.0022797 -0.00768967 -0.0244888 angledSliceL
0.08011442 -0.00033978 -0.00363572 -0.04875895 -0.1383648 -0.15130397 angledSliceL
0.0208416 0.00869635 -0.00437169 -0.00414258 -0.04051385 -0.027117 angledSliceL
-0.01749213 -0.0110102 0.00951086 -0.00516982 0.0313261 0.0213395 angledSliceL
-0.01080235 0.01053734 -0.02002982 0.01909615 -0.0063711 0.01402399 angledSliceL
