0.21379552 -0.0100989 0.0212564 -0.17603268 -0.26498092 -0.42280003 scoring
0.27812645 -0.01454459 0.02979047 -0.21952864 -0.34331263 -0.54457473 scoring
0.11786722 -0.00991141 0.01679422 -0.10373031 -0.12163006 -0.23761907 scoring
-0.08236139 -0.00652404 0.00347124 0.04039255 0.14792669 0.14291059 scoring
0.01838703 -0.00260618 0.00376792 -0.02804014 0.01999151 -0.05246067 scoring
-0.14871369 -0.00392474 -0.00053873 0.07774707 0.25690125 0.25378279 scoring
-0.17533174 6.841e-05 -0.01145162 0.11181145 0.28647212 0.30939835 scoring
-0.13414554 -0.00288067 -0.00334228 0.07741663 0.26042589 0.21564565 scoring
-0.06805559 -0.00063005 -0.00263653 0.0321446 0.14353414 0.09753458 scoring
-0.06383252 -0.0013866 -0.00084806 0.02735592 0.13273909 0.08037596 scoring
0.15779955 -0.00289832 0.01824375 -0.12513075 -0.18597075 -0.29671465 scoring
0.04047857 -0.00298406 0.00599202 -0.04070048 -0.01841944 -0.10042749 scoring
-0.1050969 -0.00170878 -0.00240684 0.05833843 0.18786866 0.17699073 scoring
-0.06341249 -0.00335366 -0.00216646 0.0326495 0.11876149 0.10808537 scoring
0.26593274 -0.01250745 0.02894181 -0.21217167 -0.31995116 -0.53819716 scoring
0.1635313 -0.01353023 0.02170477 -0.13977016 -0.18396353 -0.33265615 scoring
-0.02568367 -0.00484398 0.00618725 -0.00641318 0.09353011 0.00239775 scoring
0.01327711 -0.00888304 0.00978229 -0.03423155 0.03311753 -0.06352861 scoring
0.04862903 -0.00459003 0.01069183 -0.06017514 -0.01388557 -0.12680811 scoring
-0.05102065 -0.00426906 0.00490341 0.01189026 0.11239266 0.09001765 scoring
0.01321904 -0.01336022 0.01452933 -0.03801401 0.03381939 -0.05590124 scoring
0.03290018 -0.00703939 0.0215353 -0.0015706 -0.10605465 -0.07100524 pivotedChop
-0.11490629 -0.00776933 0.03905414 0.09440906 0.1005197 0.2303548 pivotedChop
0.19579732 0.00366436 0.03335844 -0.09562305 -0.35409239 -0.3137564 pivotedChop
0.13387548 0.0122006 0.0393621 -0.06714424 -0.24010935 -0.21533324 pivotedChop
0.1887049 0.01020352 0.02921278 -0.09114886 -0.34090148 -0.30784189 pivotedChop
0.2108664 -0.00103674 0.05008676 -0.12604576 -0.3621729 -0.3489787 pivotedChop
0.09403297 -0.00143302 0.03854075 -0.0504417 -0.18246669 -0.15146258 pivotedChop
-0.38457915 0.0435644 -0.02623671 0.33132399 0.49093346 0.7408715 pivotedChop
0.21177736 0.01128916 0.0361331 -0.1033792 -0.37742409 -0.34600643 pivotedChop
0.17357708 -0.00361026 0.04967362 -0.0758572 -0.32822236 -0.27367019 pivotedChop
-0.0336387 0.02557698 0.01680569 0.06315871 -0.015307 0.09654486 pivotedChop
0.23207325 -0.00578243 0.05233495 -0.14337582 -0.38002635 -0.39312866 pivotedChop
0.0155737 0.00966649 0.01402313 0.0310964 -0.08445731 -0.01252656 pivotedChop
-0.12373708 0.01843052 0.0129569 0.11637905 0.12758478 0.25480228 pivotedChop
-0.05036669 0.0075793 0.01506444 0.06912644 -0.00752366 0.1339043 pivotedChop
0.00412014 -0.00224038 -0.00027594 -0.00647039 -0.00133393 -0.00786572 normalCut
0.01037964 3.913e-05 -0.00068811 -0.00926693 -0.01037922 -0.01804344 normalCut
-0.01152363 -0.00078673 -0.00245718 0.00594888 0.02071619 0.02021381 normalCut
-0.02727883 -0.0017874 0.00053904 0.01497495 0.04814066 0.04983233 normalCut
0.02759427 -0.00224739 0.00242258 -0.02214912 -0.03465018 -0.05017886 normalCut
-0.00818068 -0.00251977 -0.00676996 0.00509489 0.01025639 0.01128937 normalCut
-0.00756372 -0.00064274 -0.00477431 0.00320117 0.01200369 0.01068415 normalCut
-0.00044245 -0.00142026 0.00493897 -0.00110463 0.0110379 0.0026632 normalCut
-0.0022652 -0.00161628 0.00148357 0.00068066 0.00962979 0.00367139 normalCut
0.04498895 -0.0033369 0.00468636 -0.03033767 -0.05909716 -0.08112873 normalCut
-0.00482369 -0.00027707 0.00018156 0.00149594 0.01255915 0.01078239 normalCut
-0.00254145 -0.00108753 -0.00017205 -0.00186022 0.00993842 0.00367203 normalCut
0.0217438 -3.644e-05 0.00078189 -0.01511079 -0.029113 -0.03616741 normalCut
0.01405665 -0.00207618 0.00213748 -0.01307567 -0.0147906 -0.02507328 normalCut
0.01012952 -0.0003932 -0.00040721 -0.00769233 -0.01329663 -0.01456816 normalCut
0.01656287 -0.00073478 0.00053715 -0.01325137 -0.01867463 -0.02788625 normalCut
0.0242311 9.889e-05 0.0008514 -0.01895987 -0.03045517 -0.04184556 normalCut
0.07368414 -0.00659958 0.027439 -0.04819768 -0.11080875 -0.1307736 movingPivotedChop
-0.03069981 0.00362332 0.00412307 0.04077253 0.01502864 0.06441365 movingPivotedChop
-0.0164853 -0.00140592 0.01434719 0.02937634 -0.00013272 0.04194982 movingPivotedChop
0.17853007 -0.00904702 0.02992281 -0.11130077 -0.27874766 -0.31391462 movingPivotedChop
0.1571322 -0.00705115 0.0338749 -0.09910195 -0.24864456 -0.26799077 movingPivotedChop
0.01631479 -0.00292475 0.01976396 0.00401523 -0.0433851 -0.01151892 movingPivotedChop
0.03194845 0.00203065 0.01131808 -0.00101304 -0.06843691 -0.04037108 movingPivotedChop
0.02746885 -0.00712324 0.02477509 -0.01039848 -0.05955175 -0.03755074 movingPivotedChop
0.07439673 -0.00423879 0.03043369 -0.0589576 -0.11428237 -0.12874676 movingPivotedChop
0.03174096 -0.01135764 0.0420039 -0.0414202 -0.04546658 -0.05463634 movingPivotedChop
0.14182154 -0.00740242 0.03370484 -0.096362 -0.2168215 -0.2437498 movingPivotedChop
0.12146877 -0.0094978 0.03095084 -0.07254527 -0.19933832 -0.20218862 movingPivotedChop
0.10329718 -0.00845691 0.02514434 -0.06571109 -0.16882453 -0.1760776 movingPivotedChop
0.13343225 -0.00545261 0.02201646 -0.08115188 -0.2182668 -0.222822 movingPivotedChop
-0.11766494 0.00514116 0.00386621 0.09697091 0.150291 0.22704166 movingPivotedChop
0.05114261 -0.00521323 0.01905724 -0.02341062 -0.09610313 -0.07525619 movingPivotedChop
0.11228965 -0.00865458 0.03962695 -0.08602431 -0.16830802 -0.19754965 movingPivotedChop
0.11976137 -0.00332919 0.0241731 -0.06528123 -0.20257937 -0.19899383 movingPivotedChop
0.21656222 -0.01420263 0.04514243 -0.14969572 -0.32736527 -0.38329113 movingPivotedChop
0.09904718 -0.01080004 0.03675461 -0.06817051 -0.1544068 -0.17293105 movingPivotedChop
0.04375511 -0.00680931 0.02010488 -0.01702452 -0.09068371 -0.05855626 movingPivotedChop
0.13114092 -0.01205184 0.03645041 -0.0816902 -0.21541085 -0.21944928 movingPivotedChop
0.05113047 0.00099901 -0.00914342 -0.03483081 -0.08217049 -0.09243949 inHandCut
-0.03043596 -0.00052271 -0.01745085 0.02338469 0.02474636 0.06890064 inHandCut
0.00135801 0.0077707 -0.01312617 0.00193698 -0.00238175 -0.00185284 inHandCut
0.00648865 0.01354323 -0.01668533 0.00158657 -0.01843559 -0.01466685 inHandCut
-0.04532662 0.00570698 -0.0048853 0.02865977 0.06270593 0.07777225 inHandCut
-0.01465276 0.00662572 -0.00504527 0.00592919 0.0176069 0.01609422 inHandCut
0.0584782 0.00179409 -0.00099976 -0.03896684 -0.08628234 -0.11868967 inHandCut
-0.02126598 0.00815424 -0.00411253 0.01482509 0.02695444 0.03341494 inHandCut
-0.01262294 0.00429408 -0.00670948 0.01188069 0.00899537 0.02398896 inHandCut
-0.02624973 0.01214878 -0.01742861 0.03197876 0.02109723 0.05019831 inHandCut
0.00271456 0.00619397 -0.00641297 -6.717e-05 -0.01522064 -0.00869736 inHandCut
-0.04608645 0.00676932 -0.00753419 0.03518083 0.06504304 0.08154032 inHandCut
-0.00038723 0.00474978 -0.01102073 -0.00891294 -0.00329318 -0.01112605 inHandCut
-0.02580534 0.0107465 -0.01339105 0.02693047 0.03169944 0.03998255 inHandCut
0.03239489 0.0042834 0.00191075 -0.01680549 -0.04403458 -0.06610493 inHandCut
-0.02011554 0.00885129 -0.00736177 0.01740892 0.02684983 0.01958784 inHandCut
-0.04523278 0.01313149 -0.00862896 0.03956231 0.0663604 0.07309066 inHandCut
-0.01296372 0.00595044 -0.0042304 0.01589501 0.01028767 0.02247068 inHandCut
-0.01899895 0.00385543 -0.00530599 0.00358024 0.03089295 0.02223818 inHandCut
0.0162206 0.00907196 -0.01390024 -0.01433203 -0.02396993 -0.04175105 inHandCut
0.00850934 -0.00311175 -0.01110225 -0.01499675 -0.02132391 -0.0249876 inHandCut
0.08216125 0.01124649 -0.01513456 -0.05434874 -0.13195039 -0.15424035 inHandCut
0.03007601 0.0132396 -0.03211463 -0.01018389 -0.06944404 -0.05235745 inHandCut
0.00506491 0.01030123 -0.01456497 -0.01208982 -0.00740328 -0.02122492 inHandCut
-0.03315686 0.00515954 -0.00743179 0.01138417 0.06394716 0.05636556 inHandCut
-0.00191851 0.0005098 -0.00040742 0.00018444 0.00338705 0.00201497 dice
0.00198462 -0.00110093 0.00103247 -0.00328263 -0.00032627 -0.00475534 dice
-0.00250161 9.513e-05 -0.00048626 0.00190021 0.00393249 0.0040191 dice
-0.00131729 -0.00054607 -0.0001574 0.00183104 0.00156973 0.00285166 dice
0.00252148 0.00015556 0.00066661 -0.00108361 -0.00344861 -0.00361183 dice
-0.0019683 0.00048906 -0.001598 0.00218077 0.00279424 0.00198115 dice
-0.00584797 3.687e-05 -0.00088707 0.00474579 0.0080127 0.01067058 dice
0.00072804 0.00043801 -0.00057656 0.00021318 -0.00046116 -0.00264344 dice
0.00403717 0.00091236 -0.00113807 -0.00093102 -0.00635539 -0.00774724 dice
-0.00388496 0.00126932 -0.00214996 0.00414221 0.00519284 0.00631559 dice
-0.00035704 0.00169542 -0.00207925 0.00122579 0.00027607 -0.00062735 dice
-0.00502146 0.00062789 -0.00137562 0.00420419 0.00764118 0.00890504 dice
0.00260627 0.00067402 -0.00084151 -0.00036675 -0.00386428 -0.00524852 dice
0.00011967 -0.00024224 -0.00089842 -0.0002738 0.00099067 -0.00267475 dice
-0.0021712 -0.00186309 0.00170802 0.00052686 0.00540876 0.00169339 dice
-0.00366904 -0.0007619 -0.00043213 0.0017341 0.00618356 0.00504354 dice
-0.00661036 -0.00081306 -4.987e-05 0.00476838 0.00955346 0.01192 dice
0.00222752 0.00097524 -0.00121311 -0.00042713 -0.00396147 -0.00356106 dice
-0.0025518 -0.00071494 0.00060276 0.00091489 0.00535325 0.00367843 dice
-0.00334863 -0.00080376 0.00079754 0.00178608 0.00636336 0.00513019 dice
-0.00329984 -0.00168671 0.00162899 0.00113806 0.00683596 0.00446227 dice
7.191e-05 -0.00055337 0.00071037 -0.00058883 -0.00027881 -0.00031197 dice
-0.00092523 -0.0018886 0.00125241 -0.00116195 0.00382906 0.00032222 dice
-4.042e-05 -0.00040567 -2.609e-05 4.5e-07 -2.059e-05 -0.0008733 dice
-0.00127921 -0.00190069 0.00120649 -0.00089007 0.00444077 0.00099969 dice
0.08215178 -0.01319031 0.00882226 -0.06770082 -0.11947928 -0.14039814 angledSliceR
0.07436805 -0.00325284 -0.00699473 -0.06155118 -0.08473797 -0.15703843 angledSliceR
0.01377645 -0.00141635 0.00449552 -0.00707731 -0.00776953 -0.00694259 angledSliceR
0.00278933 -0.02700587 0.02928442 -0.0472749 0.02505517 -0.02222003 angledSliceR
-0.01418333 -0.00346249 -0.01363405 -0.00029834 0.03050564 0.02805961 angledSliceR
-0.15602027 -0.00374787 -0.01052834 0.08424463 0.24925803 0.26901197 angledSliceR
0.02895081 -0.00268301 0.00098058 -0.02612497 -0.03665683 -0.03204837 angledSliceR
-0.04716602 -0.00630614 0.00452441 0.01443345 0.07342147 0.09362787 angledSliceR
0.09354646 -0.00452712 -0.00366048 -0.07733985 -0.11577862 -0.18077019 angledSliceR
0.01379729 -0.0070221 0.00809464 -0.02118896 -0.00848725 -0.01787586 angledSliceR
-0.159534 0.00555473 -0.01065952 0.11189329 0.22198602 0.31765375 angledSliceR
0.14764877 0.00018309 -0.0028396 -0.10583983 -0.21746799 -0.26380639 angledSliceR
0.01603248 -0.00219308 -0.01031313 -0.0136996 -0.02956329 -0.02184538 angledSliceR
0.03016166 -0.00180035 -0.0027019 -0.03389642 -0.02770282 -0.05982943 angledSliceR
0.11270199 -0.00798575 0.00919246 -0.08665499 -0.1606674 -0.19040246 angledSliceR
-0.02047456 0.00395211 -0.01151114 0.00702386 0.04666029 0.02765202 angledSliceR
0.03946217 0.01211435 -0.0151928 -0.02141542 -0.06552772 -0.05052038 angledSliceR
-0.04567081 0.00124907 -0.0045285 0.02625719 0.08155033 0.09322964 angledSliceR
-0.08197752 0.0032037 -0.00883323 0.04979375 0.1302971 0.16364344 angledSliceR
0.11408093 -0.00321499 0.0065026 -0.06412588 -0.1693151 -0.20610884 angledSliceL
-0.07678462 -0.01024056 -0.00463117 0.06669832 0.10419222 0.1173823 angledSliceL
-0.06947126 -0.01645705 0.01042481 0.0347266 0.11440329 0.10972705 angledSliceL
0.00401133 -0.01336389 0.01013221 -0.00533327 -0.00155854 -0.01886477 angledSliceL
-0.01025195 -0.00632153 0.00316103 0.01673841 0.0107741 0.02532663 angledSliceL
0.03789016 -0.01579031 0.02027403 -0.04418585 -0.02282431 -0.09578882 angledSliceL
-0.04394521 -0.00414662 -0.00535974 0.0402556 0.05313298 0.08344469 angledSliceL
0.00486546 -0.0099393 0.01053278 -0.00680037 0.01662826 -0.02632015 angledSliceL
-0.00239899 -0.00772418 -0.0043238 0.00586722 0.00224393 -0.00833156 angledSliceL
-0.0210905 0.00283998 -0.00126529 0.02154434 0.02280503 0.03366853 angledSliceL
0.10649076 -0.01713175 0.02665267 -0.07673429 -0.154854 -0.21655595 angledSliceL
0.07905553 -0.00527317 0.01299732 -0.04411632 -0.09869657 -0.1393913 angledSliceL
