-2.50771326 0.12620311 -0.28383119 2.058334 3.18177271 4.76751456 scoring
-3.11232124 0.17222152 -0.38904179 2.54372962 3.88179449 6.08906428 scoring
-5.57884215 0.15949356 -0.42490225 4.05300986 7.7321466 10.36567512 scoring
-1.56348638 0.0810077 -0.15925893 1.31998705 1.93806882 2.99973446 scoring
0.7558151 0.02037201 0.00516435 -0.25765962 -1.57722643 -1.1292292 scoring
1.30752444 0.03355747 -0.08606358 -0.43286013 -2.51296856 -2.06939276 scoring
1.73583387 0.07323701 0.02340273 -0.80393692 -3.13802888 -2.86282048 scoring
0.17247866 0.06079268 -0.09683383 0.29168845 -0.83632948 -0.10989133 scoring
0.22186549 0.09515854 -0.09987063 0.27853468 -0.96047427 -0.07531639 scoring
0.29102347 0.07683206 -0.10794362 0.16356479 -1.1171983 -0.05802155 scoring
-5.25777176 0.03923441 -0.43373491 3.67035237 7.23084262 9.63133679 scoring
-0.02377876 0.06638918 -0.08846339 0.3135483 -0.572111 0.4374845 scoring
1.44948781 0.05598176 0.02311944 -0.68318648 -2.76167826 -2.37732305 scoring
-0.04850266 0.08587958 -0.02578051 0.26306659 -0.43443588 0.23119542 scoring
-3.19473152 0.16968235 -0.36302495 2.54605941 4.08461311 6.15415313 scoring
-2.36827271 0.11871774 -0.24720623 1.9174274 3.03063527 4.55794306 scoring
0.74192029 0.05922739 -0.08631292 -0.11098845 -1.65596226 -0.9246879 scoring
-0.74143037 0.10099672 -0.15309402 0.87951075 0.54361855 1.78651838 scoring
-1.27080317 0.15235802 -0.27278141 1.31916467 1.25471235 2.73106016 scoring
-4.50729036 0.09651549 -0.34307647 3.3149594 6.2382809 8.28004458 scoring
-2.46784067 0.13280605 -0.27782146 2.06104322 3.05912237 4.87824582 scoring
0.96200635 0.11757231 -0.29606287 -0.89725075 -1.19537224 -1.65264762 pivotedChop
0.56349942 0.1261789 -0.4546271 -0.63652291 -0.58492186 -1.00625463 pivotedChop
0.25518774 -0.01011706 -0.25186284 -0.62836236 0.05415707 -0.53630032 pivotedChop
0.48342475 0.00834449 -0.38981552 -0.6725824 -0.4345712 -0.98835127 pivotedChop
0.49908609 -0.00287499 -0.30013221 -0.72249353 -0.39812035 -0.93544342 pivotedChop
0.25150563 0.0232741 -0.39527933 -0.50132445 -0.08831407 -0.57787229 pivotedChop
0.70232672 0.08272405 -0.40304868 -0.78712144 -0.74337934 -1.29691512 pivotedChop
5.85873997 -0.24736803 0.17101525 -4.5072462 -8.21374279 -10.64614072 pivotedChop
0.18968506 -0.01803383 -0.31341722 -0.56017042 0.05095506 -0.54233324 pivotedChop
0.56264358 0.03513191 -0.31110149 -0.84338392 -0.44062164 -1.13483252 pivotedChop
1.0597431 0.0010019 -0.34401278 -1.04935143 -1.36345257 -1.90229269 pivotedChop
-0.33245828 0.06080485 -0.42743329 -0.09572186 0.79609302 0.46177222 pivotedChop
0.78095387 -0.01254752 -0.17509892 -0.9032149 -0.89304637 -1.42843914 pivotedChop
1.6764112 0.02666038 -0.24539251 -1.41219661 -2.20811421 -3.03029521 pivotedChop
1.07492372 0.03264048 -0.25219494 -1.17601557 -1.22047962 -2.03728339 pivotedChop
0.01114865 0.01363267 0.01273599 0.02097475 -0.0371971 0.00409876 normalCut
-0.07548778 0.00625447 0.0148379 0.07182715 0.09154247 0.1507306 normalCut
0.26005383 -0.00392525 0.04153324 -0.17294194 -0.38568474 -0.45032573 normalCut
0.01112224 -0.00693422 0.04329411 8.402e-05 0.0032237 -0.01181702 normalCut
-0.14201317 0.0152781 0.0096057 0.12171679 0.19703055 0.26580154 normalCut
0.19309635 0.01964161 0.03929577 -0.12495788 -0.29377849 -0.33988123 normalCut
0.05954516 0.02079185 0.01870606 -0.00469673 -0.13139884 -0.08356659 normalCut
-0.26986587 0.01098527 -0.03084326 0.22010366 0.32967484 0.51266042 normalCut
0.02336387 0.02726692 0.00119884 0.01633469 -0.08861028 -0.02329517 normalCut
-0.38880316 0.02158071 -0.01414179 0.26798413 0.51813115 0.71435441 normalCut
0.04463784 0.01427099 0.00084008 0.00560273 -0.09940363 -0.06495997 normalCut
-0.03703711 0.01038926 0.01349157 0.0582014 0.00816869 0.09563151 normalCut
-0.0092995 -0.00311404 0.02333183 0.02263655 0.01871671 0.01943671 normalCut
-0.00869505 0.01063434 0.01043111 0.03338998 0.0006947 0.03824535 normalCut
0.03773259 0.0193641 -0.00473854 -0.00168547 -0.07621847 -0.04854236 normalCut
-0.00023581 0.0147446 0.01436388 0.0284265 -0.02287928 0.02525195 normalCut
-0.0477677 0.01419783 0.01728767 0.05804559 0.06800537 0.11601306 normalCut
-0.57257005 0.18755327 -0.45122219 0.29930166 0.82225037 1.08416574 movingPivotedChop
0.54089725 0.0800171 -0.25475954 -0.65083107 -0.6627049 -1.04294804 movingPivotedChop
0.61228791 0.08884774 -0.25508313 -0.67582367 -0.74487106 -1.10630227 movingPivotedChop
-1.05535392 0.1688592 -0.42718936 0.51596041 1.75463161 1.92389439 movingPivotedChop
-0.38824568 0.17421584 -0.54176465 0.11726073 0.73093543 0.55871843 movingPivotedChop
0.54913291 0.09921738 -0.35588564 -0.58496779 -0.69002155 -1.02156919 movingPivotedChop
-0.4308844 0.095767 -0.29807796 -0.01337806 0.77197905 0.73149782 movingPivotedChop
0.6100606 0.15203796 -0.39951622 -0.51258005 -0.83354994 -1.11215007 movingPivotedChop
-0.57049934 0.14760043 -0.49311287 0.46294176 0.92207988 0.9968824 movingPivotedChop
-0.40900478 0.18910379 -0.59553156 0.41720515 0.60123179 0.75621882 movingPivotedChop
-1.58152921 0.24149952 -0.62212797 0.95005727 2.52578979 2.76354895 movingPivotedChop
-0.52067782 0.14243627 -0.39599798 0.16623495 0.9431221 0.89756056 movingPivotedChop
-0.84269399 0.17239449 -0.38209983 0.425075 1.47145366 1.45544581 movingPivotedChop
-0.73686254 0.17284855 -0.40138378 0.31314745 1.32324781 1.19226872 movingPivotedChop
1.11047909 0.05492754 -0.20716662 -1.07340214 -1.45342483 -2.03009701 movingPivotedChop
-0.53789301 0.11430646 -0.38944502 0.11658427 0.91325461 0.86663433 movingPivotedChop
-1.18042902 0.16730249 -0.55237375 0.74143235 1.84811449 2.06559958 movingPivotedChop
-0.29171337 0.11448373 -0.32554277 -0.10295725 0.67268385 0.41400316 movingPivotedChop
-2.40600771 0.23226958 -0.59728139 1.47533427 3.7272565 4.25481506 movingPivotedChop
-0.42252237 0.18933011 -0.54097108 0.25960227 0.66188893 0.73588264 movingPivotedChop
-0.26090804 0.11566027 -0.32838095 -0.09098669 0.582825 0.38673017 movingPivotedChop
-1.0376584 0.18871147 -0.47781987 0.5517208 1.64816045 1.79327282 movingPivotedChop
-0.0610348 0.00317081 0.04485227 0.05398202 0.12280336 0.1477622 inHandCut
-0.08951784 0.00894105 0.03446839 0.06660677 0.16239233 0.18501021 inHandCut
-0.01130445 0.01135331 0.00776406 0.02834395 -0.01102653 0.02652644 inHandCut
0.09303994 0.00261231 0.03181426 -0.04835901 -0.15065047 -0.14861798 inHandCut
-0.05422153 -0.00214367 0.0102611 0.05327116 0.0672545 0.11212481 inHandCut
-0.10521284 -0.00197003 0.0017458 0.08869331 0.13552841 0.19746277 inHandCut
-0.13260035 -0.00117002 0.00910678 0.08875596 0.19056282 0.23839302 inHandCut
-0.03820908 -0.00154647 0.02334003 0.03680019 0.05097173 0.08022784 inHandCut
0.02261602 -0.01098095 0.02431111 -0.01859851 -0.03491308 -0.03845092 inHandCut
0.03538417 0.00979403 0.00093821 -0.01246399 -0.0614213 -0.05400378 inHandCut
0.1156221 0.00251084 0.00864668 -0.06471206 -0.18002816 -0.19984275 inHandCut
-0.03923726 0.00303271 -0.00154527 0.0392534 0.03466006 0.07579365 inHandCut
-0.07534157 0.00184051 0.00724626 0.05859912 0.10261285 0.14123192 inHandCut
0.0156047 0.00171541 0.00335769 -0.00037052 -0.04219809 -0.02319177 inHandCut
0.03994708 0.00762124 0.02113628 -0.02374601 -0.05295377 -0.06688969 inHandCut
-0.00388938 0.00266479 -0.00139559 0.01427405 -0.01693531 0.0122157 inHandCut
-0.02099663 0.01097162 0.00019744 0.03247923 0.00899748 0.05182498 inHandCut
-0.07693734 -0.00022593 0.00607001 0.0604152 0.10104985 0.15141063 inHandCut
0.06526326 -0.00140579 0.02564474 -0.03682721 -0.09178798 -0.11400779 inHandCut
-0.06527408 -0.00993809 0.03216672 0.04112622 0.11237707 0.11281352 inHandCut
-0.0466961 0.00098753 0.02983103 0.03366504 0.08827301 0.0966001 inHandCut
-0.38829319 -0.00517438 0.00711425 0.24231352 0.57063034 0.67380953 inHandCut
0.08965876 0.01150427 0.01468751 -0.05456354 -0.14339125 -0.1596457 inHandCut
0.02500095 -0.00386731 0.04757422 -0.01913988 -0.02759341 -0.04271935 inHandCut
-0.20466371 -0.00502076 0.02138584 0.15012218 0.28015746 0.37155411 inHandCut
-0.00599523 0.00648502 0.00152136 0.00852702 0.00490404 0.00568078 dice
-0.01353666 0.0146108 -0.01403268 0.02539876 0.00223618 0.01864576 dice
0.00715373 0.01088984 -0.01350943 0.00486318 -0.02371642 -0.01332417 dice
0.0217777 0.00671079 -0.01216234 -0.00643543 -0.03959022 -0.04166133 dice
-0.00456486 0.01619218 -0.01989683 0.01757439 -0.00559286 0.0076918 dice
0.01131118 0.01191509 -0.00600448 -0.0008705 -0.02960136 -0.02805423 dice
0.01475021 0.01444361 -0.00905244 0.00155666 -0.03717068 -0.02659093 dice
-0.00254767 0.01763176 -0.01304684 0.0149852 -0.00764882 0.0053651 dice
0.0194941 0.01591333 -0.01613451 0.00029511 -0.04801671 -0.03292839 dice
0.00873056 0.01326437 -0.01442391 0.00420013 -0.02323813 -0.01780315 dice
-0.0018688 0.00981606 -0.00648384 0.00905641 -0.00154821 0.0023787 dice
0.00253995 0.00948109 -0.00480333 0.00464754 -0.01487268 -0.00507953 dice
-0.02827104 0.00831262 -0.00942393 0.0260005 0.02922534 0.04903827 dice
0.00301401 0.01054041 -0.00571131 0.00600921 -0.01231211 -0.00808378 dice
0.0104337 0.01940025 -0.0223209 0.01132934 -0.03684431 -0.01016759 dice
0.03043106 0.01289845 -0.01165088 -0.00874886 -0.0555345 -0.05208367 dice
0.04051491 0.00942407 -0.01215316 -0.01907933 -0.07116564 -0.07802868 dice
-0.01878541 0.00876719 -0.00857797 0.02121692 0.01130634 0.04085587 dice
0.01033963 0.01728304 -0.01595043 0.01180571 -0.0336045 -0.01455496 dice
0.01664615 0.01324116 -0.01151699 0.00305103 -0.03865185 -0.02321409 dice
0.01379907 0.00358323 -0.00890857 -0.0019321 -0.03557548 -0.02445311 dice
0.01646244 0.00559207 -0.00819069 -0.00513255 -0.03005389 -0.0299912 dice
0.00947266 0.01152449 -0.01321513 0.00371657 -0.02641519 -0.01764612 dice
0.00126469 0.00600582 -0.00794429 0.00683191 -0.01579284 0.00082466 dice
0.00605596 0.0028447 -0.00411717 0.00073381 -0.01365198 -0.01380818 dice
-0.08833245 0.01457334 0.00891835 0.09045604 0.12791416 0.13505407 angledSliceR
-0.1508506 0.00090192 0.01019339 0.15329666 0.17363337 0.29268851 angledSliceR
-0.0897995 0.03638072 -0.01018639 0.10575603 0.13698452 0.18310163 angledSliceR
-0.05208129 0.03149255 -0.02526338 0.08946936 0.0575681 0.0875108 angledSliceR
0.00683647 0.01144953 0.02441352 0.02595049 -0.01504965 -0.02314699 angledSliceR
-0.04508532 0.03603192 0.0083252 0.10344269 0.04869638 0.11609811 angledSliceR
-0.19811861 0.0294142 -0.00287581 0.18809639 0.289123 0.38898404 angledSliceR
-0.03749145 0.03267905 0.00109911 0.08921699 0.06154897 0.08063625 angledSliceR
-0.070391 0.00195384 0.03279674 0.06495707 0.11327524 0.09232565 angledSliceR
-0.18467193 -0.00212388 0.02966465 0.14846971 0.28557441 0.34133714 angledSliceR
-0.11035956 0.0286081 0.00723967 0.11442531 0.18076008 0.18800515 angledSliceR
-0.15515878 0.03212865 0.00438339 0.1635733 0.22015887 0.3074298 angledSliceR
-0.15528147 0.01196709 0.01653182 0.12932169 0.21229115 0.29507097 angledSliceR
-0.16353226 0.02674272 0.01321215 0.16712787 0.22386227 0.33634991 angledSliceR
-0.1605735 0.04328889 -0.00033193 0.16924641 0.23640472 0.32469095 angledSliceR
0.00196539 0.04057174 0.00283591 0.05740662 -0.00792753 0.03827545 angledSliceR
-0.18675971 0.01092219 0.00999628 0.1443026 0.2775625 0.33201325 angledSliceR
-0.15919756 0.03946209 -0.00921916 0.16696755 0.22953886 0.31999354 angledSliceR
-0.05716574 0.04004982 -0.00338197 0.10500612 0.08531528 0.13823005 angledSliceR
0.14913721 0.00520374 0.06052075 -0.06438028 -0.25931891 -0.24127046 angledSliceL
-0.26879314 0.04188069 -0.02104915 0.24187431 0.32358585 0.51475503 angledSliceL
0.0207776 0.03001718 -0.00833252 0.01614522 -0.07542797 -0.04229886 angledSliceL
-0.03126527 0.02339511 0.01551016 0.04765215 0.01441807 0.08045556 angledSliceL
-0.03519715 0.00745673 0.04000909 0.0634961 0.01995562 0.10290554 angledSliceL
-0.12489763 0.02807519 -0.00573858 0.12104021 0.13728402 0.24139163 angledSliceL
0.02959174 -0.00453158 0.06194302 0.00657252 -0.05266141 -0.07096078 angledSliceL
-0.19796375 0.0172386 -0.00584603 0.1675465 0.2528378 0.36522624 angledSliceL
0.12238457 0.0185462 0.0171772 -0.05671979 -0.22974586 -0.21875171 angledSliceL
-0.21649726 -0.01321739 0.04464003 0.15707546 0.32985727 0.41149244 angledSliceL
0.04335262 0.02837711 0.01891152 -0.01251679 -0.07164959 -0.04857098 angledSliceL
-0.26970458 0.00858619 -0.00488723 0.20487664 0.36028517 0.4730214 angledSliceL
