-0.49646333 0.01904414 -0.03916244 0.36500149 0.73174892 0.89405502 scoring
-0.40567564 0.0147322 -0.0334195 0.3182532 0.58410236 0.76731934 scoring
-0.32890954 0.0069696 -0.02041884 0.24051066 0.49378229 0.60547095 scoring
-0.16834613 -0.00089332 0.00515447 0.12394436 0.26342279 0.31587889 scoring
0.03611719 0.01409358 0.00064032 0.00015596 -0.05724472 -0.04369433 scoring
0.09644739 -0.00460019 0.01198412 -0.05317109 -0.16165072 -0.15969604 scoring
0.0854187 0.00137858 0.0016879 -0.01497697 -0.15571651 -0.09951164 scoring
0.00268088 -0.00264175 0.00478197 0.01613978 -0.01987775 0.01245048 scoring
0.03405086 -0.00335673 0.00899101 -0.00692029 -0.05845599 -0.04410105 scoring
-0.14719351 0.01733277 -0.02289012 0.12968172 0.18462449 0.29303251 scoring
-0.22307189 0.00355298 -0.01203443 0.17237461 0.32164641 0.41905831 scoring
-0.16225217 0.00607862 -0.01076379 0.12826635 0.22273287 0.31604564 scoring
0.09927049 0.0106144 -0.00019103 -0.04537669 -0.16861669 -0.15602122 scoring
0.04790689 0.00145564 -0.00045192 -0.02086653 -0.0940982 -0.07638695 scoring
-0.38595619 -0.00219396 -0.0078463 0.27545612 0.55505534 0.69920277 scoring
-0.18067016 0.01344417 -0.01680502 0.15243881 0.25530582 0.33033719 scoring
-0.08327799 -0.0044014 0.00932296 0.07517458 0.10782223 0.1756215 scoring
-0.12957665 -0.00071701 0.00222015 0.10419079 0.17674839 0.24253937 scoring
-0.29284841 0.00555596 -0.0038482 0.21407399 0.40313556 0.56020761 scoring
-0.50942302 0.00949361 -0.02208421 0.35250172 0.79256128 0.90831917 scoring
-0.13052669 0.01698563 -0.02614298 0.12298455 0.18673084 0.25054578 scoring
0.03306956 -0.00783221 -0.00552699 -0.0313397 0.00264384 -0.08796025 pivotedChop
-0.15968485 0.02887152 -0.04905987 0.14538868 0.23926171 0.27457819 pivotedChop
-0.45514182 0.02162518 -0.05481787 0.32214701 0.70446174 0.78676232 pivotedChop
-0.34980493 0.01847555 -0.05889208 0.2669528 0.51926157 0.61726164 pivotedChop
-0.43236645 0.01530009 -0.05202738 0.30750311 0.65632113 0.75605234 pivotedChop
-0.43239226 0.02838541 -0.07513565 0.3266946 0.63397975 0.77413744 pivotedChop
-0.24847035 0.02740907 -0.05953217 0.19819986 0.37380994 0.42941403 pivotedChop
-0.7285434 0.00576615 -0.02899971 0.47099996 1.11662568 1.29211009 pivotedChop
-0.3380448 0.02087184 -0.05519116 0.24857555 0.52146803 0.58552808 pivotedChop
-0.54708601 0.02980698 -0.07291524 0.38586207 0.83375485 0.95852981 pivotedChop
-0.21597187 0.00478786 -0.03623828 0.15892764 0.34953186 0.35476495 pivotedChop
-0.30072564 0.02639759 -0.05670966 0.2432945 0.43033859 0.5464386 pivotedChop
-0.23672661 0.01108657 -0.03140189 0.16056987 0.38522669 0.40418744 pivotedChop
-0.11523155 0.00464217 -0.02365377 0.09492017 0.19948751 0.18723363 pivotedChop
-0.23298996 0.01178682 -0.0346676 0.16943832 0.38701634 0.38559807 pivotedChop
-0.01063761 0.00433583 -0.00058578 0.01352515 0.00321713 0.02899208 normalCut
0.02743941 -0.00014282 0.00407085 -0.01474273 -0.04350536 -0.04753391 normalCut
-0.01023218 0.01042587 -0.00739013 0.01557235 0.00257212 0.03109646 normalCut
0.03382313 -0.00760906 0.01359829 -0.02578311 -0.04753594 -0.06495446 normalCut
-0.02471505 0.00058064 -0.00076 0.01809105 0.033389 0.04531758 normalCut
0.06560635 0.0032023 0.01211819 -0.04271388 -0.10687272 -0.11865067 normalCut
0.04819101 -0.00112293 0.01183818 -0.03215032 -0.07197177 -0.0883203 normalCut
0.00072251 -0.00868503 0.01569763 0.01793163 -0.0056014 0.01011995 normalCut
-0.02400489 0.00136915 0.0036413 0.01406915 0.02701224 0.04829995 normalCut
-0.08596246 -0.00452272 0.00308809 0.05320246 0.12029552 0.16009728 normalCut
0.04399616 -0.00219116 0.00531083 -0.02280324 -0.0675315 -0.07605247 normalCut
-0.00994261 0.00292567 -0.00093183 0.01290653 0.00214115 0.03079188 normalCut
-0.0108095 -0.00027822 0.0023224 0.00748143 0.01796273 0.01049312 normalCut
0.00204224 0.0016466 0.00263964 0.00636263 -0.00322933 0.00031038 normalCut
0.01058148 0.00206786 -0.00027626 -0.00232115 -0.01985576 -0.01648276 normalCut
0.04871314 0.00237287 0.00055493 -0.03029322 -0.07315593 -0.09170199 normalCut
0.00391771 -0.00231824 0.00348534 -0.00200837 -0.00454161 -0.00887765 normalCut
-0.10851276 0.00497453 -0.02183334 0.08005723 0.16486181 0.19472765 movingPivotedChop
0.03371374 -5.915e-05 0.00044112 -0.03064528 -0.01218639 -0.07156224 movingPivotedChop
-0.04704603 0.00612983 -0.01330279 0.02423249 0.10009285 0.06889696 movingPivotedChop
-0.16068158 0.00684739 -0.02052485 0.12564841 0.24723865 0.28482701 movingPivotedChop
-0.23810128 0.01890566 -0.03620274 0.1926162 0.34595755 0.44135417 movingPivotedChop
-0.19447512 0.00628957 -0.01405469 0.13044029 0.32653638 0.33091796 movingPivotedChop
-0.2028747 0.00346055 -0.01742899 0.13015371 0.32416292 0.36087234 movingPivotedChop
-0.04041119 0.01356073 -0.02192573 0.03414245 0.08217585 0.06288265 movingPivotedChop
-0.04899109 0.01361075 -0.02796237 0.06231806 0.06582113 0.08861056 movingPivotedChop
-0.05106735 0.02118875 -0.0428242 0.07720817 0.06601347 0.09691004 movingPivotedChop
-0.24328923 0.015791 -0.03481444 0.19270329 0.36981212 0.43830948 movingPivotedChop
-0.16064888 0.01075216 -0.02731829 0.11474286 0.25951783 0.26863098 movingPivotedChop
-0.12547378 0.01183171 -0.0265971 0.10529282 0.18861637 0.2215067 movingPivotedChop
-0.11366211 0.00339546 -0.01050677 0.08278659 0.18520755 0.18035122 movingPivotedChop
-0.04127488 -6.996e-05 -0.00568285 0.01603928 0.10084425 0.0605898 movingPivotedChop
-0.28517083 0.0187597 -0.03280002 0.20387557 0.43653455 0.51815056 movingPivotedChop
-0.08618353 0.01164802 -0.03105233 0.08313907 0.12269413 0.16032441 movingPivotedChop
-0.12257717 0.00264473 -0.01528629 0.07900257 0.21236038 0.20740398 movingPivotedChop
-0.35295993 0.01272667 -0.04040593 0.2563545 0.5233583 0.6366322 movingPivotedChop
-0.10766498 0.0138169 -0.02643776 0.08881506 0.16267326 0.18931307 movingPivotedChop
-0.09035138 0.01024634 -0.01715751 0.07188934 0.14888735 0.15612409 movingPivotedChop
-0.16274221 0.02106082 -0.03483711 0.12766408 0.24753721 0.28354378 movingPivotedChop
-0.03529149 0.00210254 -0.01446454 0.02375373 0.05189351 0.06810443 inHandCut
-0.03869464 0.00285074 -0.01438975 0.03477509 0.05357245 0.07855395 inHandCut
-0.06668677 7.48e-05 -0.01271168 0.04707101 0.09417038 0.11483638 inHandCut
0.00772811 -0.01165563 0.00220882 -0.01049444 -0.00623249 -0.01138839 inHandCut
-0.10210609 -0.0137145 -0.00485005 0.05794344 0.15073028 0.18451111 inHandCut
-0.05466559 -0.011424 -0.00073381 0.02622734 0.0991299 0.08623979 inHandCut
0.00995597 -0.0102542 0.00346454 -0.01467351 -0.00015863 -0.03945622 inHandCut
-0.00344308 -0.01457143 0.00168132 -0.0077557 0.02253718 -0.01027317 inHandCut
-0.003878 -0.00616206 -0.00101651 -0.00472437 0.0222023 -5.357e-05 inHandCut
-0.01079991 -0.00366317 -0.00378119 0.00391405 0.02703408 0.01146492 inHandCut
-0.02338865 -0.00181952 -0.00742367 0.01121059 0.04543528 0.03392036 inHandCut
-0.07543785 0.00140099 -0.00745549 0.05659243 0.10386019 0.15241919 inHandCut
-0.04125976 -0.00407541 -0.00989255 0.03293743 0.05453843 0.08603002 inHandCut
-0.09872948 -0.01039609 0.00087473 0.06029739 0.15656619 0.17421025 inHandCut
-0.09133392 -0.00107579 -0.01417983 0.06768753 0.12558431 0.17932401 inHandCut
-0.00056053 -0.00219104 -0.00418605 0.00061375 0.00297719 0.00241605 inHandCut
-0.05181578 -0.00115375 -0.01112098 0.03509481 0.06785383 0.10071504 inHandCut
-0.02612276 -0.01000252 7.901e-05 0.00896327 0.04384164 0.03803785 inHandCut
-0.02751649 -0.00925084 -0.00490968 0.00923114 0.04821119 0.0416368 inHandCut
0.04345316 -0.00346528 -0.00139585 -0.02498391 -0.05270343 -0.07978423 inHandCut
-0.03420125 0.01057132 -0.01169476 0.04776855 0.04797992 0.08178201 inHandCut
0.02545731 0.01561587 -0.02598463 0.00796755 -0.04405222 -0.04435884 inHandCut
0.00579043 0.00763675 -0.00452896 0.01765363 -0.00195613 0.00689194 inHandCut
-0.02159808 0.00529861 -0.01608081 0.02244662 0.02743803 0.04987 inHandCut
-0.04520001 0.00164895 -0.01003204 0.03149326 0.07860119 0.08751128 inHandCut
0.00396892 -0.00218321 0.00416065 -0.00536376 -0.00315774 -0.01023476 dice
0.00389772 0.00180828 0.00158035 -0.00058411 -0.00627746 -0.00838359 dice
-1.172e-05 0.00123235 -0.00218666 0.00165351 -0.00177331 0.00099615 dice
0.00356982 0.00264726 -0.00185339 0.00028254 -0.00479079 -0.00595078 dice
0.00131975 0.00076008 0.00249137 -0.00189806 0.00039732 -0.00597118 dice
-0.00867382 -0.00037361 -7.501e-05 0.00495041 0.01344599 0.01218476 dice
-0.00543992 0.00073914 -0.00058811 0.0045544 0.00837428 0.0077768 dice
-0.00149705 0.00473151 -0.00457096 0.00523986 0.00012275 0.0039386 dice
0.00108736 0.00077999 -0.0004595 0.00170344 -0.00147402 -0.00247967 dice
0.00167076 -0.00052614 0.00077749 -0.00105505 0.00094285 -0.00792894 dice
0.00589234 -0.00019517 0.00222645 -0.00392872 -0.00428465 -0.01352935 dice
-0.00960656 0.00035071 -0.00063702 0.00744557 0.01535881 0.01590214 dice
0.00822412 -1.362e-05 0.00379158 -0.0076807 -0.0061731 -0.02084945 dice
-0.01147266 -0.00290812 0.00277223 0.00575803 0.02035056 0.01845982 dice
0.00081789 0.00082414 -0.00375064 0.00236056 -0.00295035 -0.00407713 dice
-0.00897793 0.00025956 -0.00019955 0.00592469 0.0150928 0.01522324 dice
-0.01545176 0.00056796 0.00174052 0.01098303 0.02543859 0.02758045 dice
-0.01663255 -0.00599038 0.01012034 0.00593429 0.03005172 0.03034214 dice
0.00599984 0.00436288 -0.00263821 -5.481e-05 -0.01163828 -0.00843098 dice
0.00015187 0.00404387 -0.00402671 0.00396168 -0.00263603 0.00128662 dice
0.00424034 0.00212317 6.67e-06 -0.00138591 -0.00481763 -0.00692337 dice
0.00196094 0.00039018 0.00157593 1.32e-06 -0.00303762 -0.00537933 dice
0.00395602 0.00236743 -0.0020131 -0.00050924 -0.00856412 -0.00453583 dice
0.00061745 0.00095816 -0.00075668 0.00119131 -0.00372907 0.00045896 dice
0.0032445 -0.00098571 0.00105233 -0.00323471 -0.00527339 -0.00735725 dice
0.00739391 -0.00877484 0.03028876 -0.00906579 -0.00228897 -0.06462976 angledSliceR
-0.12943528 0.00325406 0.01427532 0.12203624 0.16041507 0.23644244 angledSliceR
-0.08525315 0.01496397 0.00095332 0.08930819 0.09353182 0.17009466 angledSliceR
-0.12175816 -0.00871806 0.0175639 0.08316073 0.18160545 0.17581548 angledSliceR
0.17556335 0.01385894 0.02075679 -0.09193033 -0.26992014 -0.3330312 angledSliceR
-0.16588799 0.00974621 0.005549 0.14659283 0.21335008 0.30102073 angledSliceR
-0.16294014 0.01565294 -8.06e-05 0.14856764 0.20865851 0.31182433 angledSliceR
-0.20341519 0.02205467 -0.00661589 0.1745951 0.27529041 0.3602002 angledSliceR
0.07619501 0.01465202 0.01778664 -0.03553853 -0.10756005 -0.1673497 angledSliceR
-0.08877299 -0.00513485 0.02436087 0.07368391 0.12711973 0.14772155 angledSliceR
-0.28579126 0.02299744 -0.00865936 0.23101382 0.38571896 0.53572463 angledSliceR
-0.08501648 0.01557836 0.01013792 0.09134836 0.09178395 0.16555769 angledSliceR
-0.09037647 0.00964135 0.01857135 0.07989675 0.11875024 0.17251547 angledSliceR
-0.03391449 0.01306456 0.01431784 0.0624061 0.02533795 0.07135733 angledSliceR
-0.1090137 0.03141916 -0.00156777 0.11112653 0.13371999 0.21538744 angledSliceR
-0.17539363 0.02562786 -0.01050716 0.16490335 0.19618918 0.34264994 angledSliceR
-0.06365694 0.0178124 0.0171042 0.05325211 0.10393694 0.09077619 angledSliceR
-0.10420031 0.01668706 0.01173593 0.10897716 0.12777537 0.20464994 angledSliceR
-0.01533783 0.02164847 0.00496324 0.06041774 -0.01480937 0.0539722 angledSliceR
0.03444605 -0.00259219 -0.00380622 -0.03116062 -0.03887411 -0.0646799 angledSliceL
-0.00588763 -0.01528255 -0.00841886 0.00917358 -0.01977051 0.01654609 angledSliceL
-0.03900582 -0.01384945 0.01609063 0.01803181 0.06232431 0.0627594 angledSliceL
0.05312436 -0.01130933 0.0145172 -0.04496351 -0.07475585 -0.10845316 angledSliceL
0.06660992 0.00041319 -0.00356931 -0.06027928 -0.08319042 -0.11960417 angledSliceL
0.02283345 -0.01172311 0.01746113 -0.02910535 -0.01823828 -0.03717262 angledSliceL
0.09809494 -0.00341993 -0.00214823 -0.07798576 -0.13494526 -0.17513901 angledSliceL
0.06169623 -0.00326459 0.00274839 -0.04906532 -0.09335327 -0.12107657 angledSliceL
0.04841034 -0.01428212 0.00649116 -0.04295429 -0.07206753 -0.08768354 angledSliceL
-0.00375674 0.01294772 -0.0172435 0.00036452 0.00702963 0.01342878 angledSliceL
0.07763046 -0.0087432 0.00828206 -0.0556988 -0.11850475 -0.16455655 angledSliceL
0.05524384 -0.00113785 0.00065761 -0.02947532 -0.09359889 -0.10274086 angledSliceL
