0.92514518 -0.07384971 0.08964694 -0.87571821 -1.08472633 -1.77434334 scoring
0.96054544 -0.09641764 0.11257547 -0.91507173 -1.09664219 -1.90262658 scoring
2.83758276 -0.15091288 0.24158778 -2.16717037 -3.89655689 -5.256441 scoring
1.18894432 -0.08289273 0.0583596 -0.96984927 -1.58643983 -2.19806566 scoring
-0.02848188 -0.07696969 -0.02150332 -0.15689744 0.24542662 -0.06319152 scoring
-0.75767792 -0.03923584 -0.05594934 0.30766308 1.37521538 1.20968782 scoring
-0.24528324 -0.05272419 -0.05821967 0.01136994 0.56375455 0.31033498 scoring
0.21371087 -0.05597006 -0.00154292 -0.35266491 -0.0797628 -0.50314956 scoring
0.30572699 -0.04020514 -0.00274628 -0.3972035 -0.18054764 -0.72857588 scoring
-0.47313467 -0.04770923 -0.00120003 0.12082846 0.92028111 0.7256594 scoring
1.60829494 -0.09720595 0.16848514 -1.35745262 -2.06577206 -3.04794741 scoring
0.68930737 -0.04827705 0.0143796 -0.6243974 -0.79736526 -1.356753 scoring
-0.51462777 -0.00825047 -0.10326279 0.24038636 0.8816974 0.8904165 scoring
0.30094008 -0.0930654 -0.00632619 -0.31475831 -0.3138028 -0.5575876 scoring
1.43696582 -0.04830096 0.07582734 -1.18671365 -1.84057451 -2.72314346 scoring
1.26142996 -0.06343553 0.07152041 -1.04391476 -1.6289602 -2.3772078 scoring
-0.13366283 -0.0511779 -0.01527186 -0.12167977 0.48871023 0.04675925 scoring
0.76987065 -0.05930564 0.04622327 -0.74267431 -0.81984374 -1.61288608 scoring
1.0393291 -0.05200159 0.04596372 -0.90209874 -1.23997638 -2.05521558 scoring
2.38223418 -0.1242009 0.20748587 -1.85731592 -3.23631963 -4.41017259 scoring
0.89322418 -0.16397931 0.17252758 -0.91014758 -0.98815626 -1.80670784 scoring
-0.1799138 -0.00954611 -0.00962357 0.13651464 0.22739422 0.36625271 pivotedChop
0.41642027 -0.03269225 0.02495712 -0.27756636 -0.6235504 -0.72691027 pivotedChop
-0.04109912 -0.00672346 -0.02197112 0.01427993 0.0805829 0.07661846 pivotedChop
0.17451222 -0.04244102 0.01349382 -0.14370275 -0.22763085 -0.32415167 pivotedChop
0.06609936 -0.01942953 -0.01099844 -0.06583705 -0.0711986 -0.11678462 pivotedChop
0.09208635 -0.02311433 -0.00470662 -0.08850317 -0.09610341 -0.1844223 pivotedChop
0.01842787 -0.02142241 -0.0071964 -0.03049925 -0.00703264 -0.029086 pivotedChop
0.20770066 -0.04270928 0.0147028 -0.15650363 -0.29776064 -0.36448611 pivotedChop
0.1355472 -0.02795388 0.00518721 -0.10613199 -0.17968321 -0.2510917 pivotedChop
0.09797536 -0.01494179 -0.00896574 -0.08050515 -0.11824095 -0.18374974 pivotedChop
0.03172704 -0.02850588 0.00017017 -0.04265973 -0.03026831 -0.04745732 pivotedChop
0.02600781 -0.02206697 -0.0046219 -0.03756118 -0.00770684 -0.05882197 pivotedChop
-0.061499 -0.00274192 -0.02102719 0.04169489 0.08195188 0.13999066 pivotedChop
0.01857342 -0.0172969 -0.00523209 -0.02725426 -0.00739437 -0.0329533 pivotedChop
0.28856117 -0.00587174 -0.0070367 -0.1919884 -0.41846231 -0.50405167 pivotedChop
0.1385181 -0.02900425 -0.02613381 -0.13274998 -0.15417032 -0.27107794 normalCut
0.48604367 0.00508618 -0.0304149 -0.34565415 -0.65833368 -0.89556783 normalCut
-0.13568322 0.0007823 -0.08304427 0.09206994 0.23987552 0.22365016 normalCut
-0.04036623 0.04866825 -0.12675918 0.04731795 0.0886805 0.05107111 normalCut
0.38661614 -0.00796814 -0.02137882 -0.32406283 -0.47344889 -0.74866972 normalCut
-0.07595174 -0.00572022 -0.08540033 0.06661326 0.14680205 0.12946616 normalCut
-0.0903918 -0.00203756 -0.05787506 0.03880452 0.18679397 0.14843923 normalCut
1.0721219 -0.0058811 0.0185944 -0.80507221 -1.46120385 -1.9656358 normalCut
0.13026956 -0.02203513 -0.04993892 -0.10841268 -0.13710798 -0.24570049 normalCut
0.69486307 0.00291835 -0.04956968 -0.46886143 -0.96952124 -1.2471585 normalCut
-0.10463968 -0.04817183 0.0087037 -0.02284027 0.2579801 0.13725526 normalCut
0.17983049 -0.00573481 -0.03231624 -0.16750974 -0.17833073 -0.36257693 normalCut
0.55722635 0.00815979 -0.02760849 -0.38972868 -0.78243553 -0.99079324 normalCut
0.44998013 -0.02346182 0.01646074 -0.39271108 -0.55640103 -0.86970899 normalCut
0.44710215 -0.03161533 -5.519e-05 -0.34148838 -0.6022789 -0.81702381 normalCut
0.07122079 -0.02686858 -0.01799357 -0.10431213 -0.01634276 -0.15119985 normalCut
0.47321175 -0.01036541 -0.0189409 -0.36617302 -0.61798769 -0.89071599 normalCut
0.00155174 0.00036542 0.03871564 0.02674739 -0.06330394 0.03456465 movingPivotedChop
-0.24325854 0.01520534 0.0030527 0.22900511 0.28847622 0.48001214 movingPivotedChop
-0.22607359 0.02077056 -0.01408933 0.21321161 0.26407167 0.41801297 movingPivotedChop
0.0531679 0.02429036 0.00494303 0.04736367 -0.15427433 -0.07032408 movingPivotedChop
-0.08598757 0.00568633 0.02064349 0.12067959 0.04105384 0.19944075 movingPivotedChop
-0.50613123 0.04089262 -0.04211817 0.41104039 0.69333634 0.918781 movingPivotedChop
-0.1399021 0.0150579 0.0100147 0.15456923 0.16626566 0.25230409 movingPivotedChop
-0.37913616 0.01826952 0.00288778 0.30702194 0.49112183 0.70853218 movingPivotedChop
0.05510862 -0.00148163 0.04304618 -0.0332443 -0.10050315 -0.0859794 movingPivotedChop
0.06518966 0.01502695 0.02375603 -0.03738252 -0.10739349 -0.12149925 movingPivotedChop
0.53859422 0.02239886 0.03056841 -0.2523512 -0.9080517 -0.90691304 movingPivotedChop
-0.13298686 -0.00457044 0.04676551 0.13219578 0.13412178 0.25782942 movingPivotedChop
-0.06938674 -0.04481858 0.09684232 0.05247074 0.05787781 0.1529011 movingPivotedChop
0.01978846 -0.00150337 0.02840473 0.03031758 -0.08618023 9.829e-05 movingPivotedChop
-0.44815723 0.01787968 -0.02333828 0.37114089 0.57997198 0.8563454 movingPivotedChop
-0.06306635 0.0229615 -0.00307834 0.10986474 0.04239924 0.13522754 movingPivotedChop
0.82700799 0.00746933 0.06612725 -0.4916553 -1.30113303 -1.44399854 movingPivotedChop
-0.14976746 0.01915876 0.0016848 0.17146199 0.14376193 0.30485328 movingPivotedChop
0.64557546 -0.04076229 0.1380087 -0.43282229 -0.97174256 -1.1649545 movingPivotedChop
0.40926025 0.00435163 0.05672092 -0.2565834 -0.63122412 -0.73213727 movingPivotedChop
-0.13038232 -0.00942297 0.05110814 0.13371829 0.14985846 0.25766319 movingPivotedChop
0.32954222 -0.01913329 0.06040561 -0.20287089 -0.51226249 -0.59412934 movingPivotedChop
0.27835432 -0.02478556 -0.01225734 -0.21916679 -0.36974167 -0.49008166 inHandCut
0.61148266 -0.04884192 0.00132812 -0.43036345 -0.86628293 -1.09616535 inHandCut
0.13265583 -0.01542121 -0.04107801 -0.11633832 -0.15308915 -0.22148217 inHandCut
0.29826144 -0.01047266 -0.06648880 -0.22254534 -0.39747591 -0.57045641 inHandCut
0.11980466 0.00274572 -0.03319914 -0.13718095 -0.09840810 -0.25652565 inHandCut
0.34294902 0.02457196 -0.05154287 -0.27250261 -0.43553286 -0.63093485 inHandCut
0.55134208 0.00532555 -0.05356903 -0.37039951 -0.76422237 -0.99574231 inHandCut
0.24038250 -0.01369907 -0.05303513 -0.20126970 -0.28770689 -0.46275417 inHandCut
0.16015788 0.05161619 -0.11572533 -0.08813721 -0.21586205 -0.31162396 inHandCut
0.19043793 -0.07013843 0.02212228 -0.18962045 -0.21802837 -0.37292290 inHandCut
-0.18419160 0.00099068 -0.05213178 0.07793893 0.33956237 0.30816905 inHandCut
0.37025679 0.00616355 -0.04016855 -0.28129872 -0.48640939 -0.68507566 inHandCut
0.53493086 0.00950978 -0.03660872 -0.38316001 -0.74117733 -0.93410839 inHandCut
0.16544439 0.00696736 -0.05640982 -0.13749458 -0.19154697 -0.29858198 inHandCut
0.24063253 -0.06273232 -0.02669883 -0.19039456 -0.30471206 -0.42626828 inHandCut
0.17884648 -0.00386518 -0.03568071 -0.16452950 -0.18608697 -0.35289942 inHandCut
0.38121097 -0.06050932 0.01442858 -0.32634530 -0.47342300 -0.71784843 inHandCut
0.13533386 -0.00706931 -0.04116913 -0.13526443 -0.13929007 -0.26141035 inHandCut
0.08539467 0.00975451 -0.05213199 -0.09257433 -0.06396146 -0.14807612 inHandCut
0.62315839 0.02779008 -0.07670215 -0.41722927 -0.86661701 -1.11665148 inHandCut
0.48216921 0.00932306 -0.05455979 -0.30105820 -0.70305957 -0.84413440 inHandCut
1.25037376 0.01160483 -0.05545922 -0.75559491 -1.89768794 -2.17572553 inHandCut
-0.03183310 -0.01850438 -0.07447866 0.03012788 0.07254996 0.05148334 inHandCut
0.18603060 0.01859766 -0.11706403 -0.11037106 -0.23924298 -0.36056533 inHandCut
0.63516061 0.03974994 -0.10611191 -0.42019845 -0.89042263 -1.14480899 inHandCut
0.00334426 -0.00176489 -0.00062927 -0.00382953 -0.00234659 -0.00673139 dice
0.00442419 -0.00636609 0.00642537 -0.0113589 0.00413209 -0.00970178 dice
-0.00257209 -0.00445213 0.00361753 -0.00274041 0.00904531 0.00350235 dice
-0.00683768 -0.00174024 0.00167272 0.00299675 0.01142163 0.01495382 dice
0.01427927 -0.00483611 0.00357062 -0.01234139 -0.01889841 -0.02500293 dice
-0.0020934 -0.00634515 0.00239656 -0.00225133 0.00930524 0.00387237 dice
-0.00620893 -0.00613259 0.00266797 -0.00091707 0.01672097 0.00943477 dice
-0.00329842 -0.00764541 0.00446577 -0.0037049 0.00962117 0.00680988 dice
-0.01104361 -0.00701197 0.00451792 0.00245641 0.02272217 0.01891808 dice
-0.00441148 -0.00505401 0.00326049 -0.00109961 0.01034937 0.00886474 dice
0.00618012 -0.00527236 0.00306839 -0.00902504 -0.00482668 -0.01050975 dice
0.00328653 -0.00393496 0.00080703 -0.00587755 0.0027301 -0.0083253 dice
0.01307407 -0.00507991 0.00449373 -0.01288388 -0.01474665 -0.02362035 dice
0.00237848 -0.00469277 0.00057776 -0.00458507 -0.00058071 -0.00356978 dice
0.00010043 -0.00930567 0.00724377 -0.00808365 0.0093033 -0.00580162 dice
-0.00960079 -0.00714464 0.00584188 -0.00079988 0.02197485 0.01324499 dice
-0.01754998 -0.00762327 0.00534548 0.00577574 0.03204657 0.02891857 dice
0.01173077 -0.00591463 0.00516077 -0.01340762 -0.00923656 -0.02587708 dice
-0.00616941 -0.00793006 0.00697259 -0.00450241 0.01797508 0.00702883 dice
-0.00882184 -0.00623769 0.00476398 -7.103e-05 0.01908383 0.01241443 dice
-0.00475 -0.00301065 0.00321095 -0.0019483 0.01421218 0.00631824 dice
-0.00441449 -0.00241828 0.00102565 0.00426701 0.00705754 0.01016868 dice
-0.00567012 -0.00441882 0.00432503 -0.00079673 0.01346678 0.00926536 dice
0.00096037 -0.00242576 0.00269028 -0.00440724 0.00557227 -0.00391464 dice
-0.00222642 -0.00126853 0.00134972 -0.00082896 0.00628669 0.00447175 dice
0.22771351 -0.01335581 -0.00758682 -0.21496226 -0.30677349 -0.35669776 angledSliceR
0.01483429 -0.0048873 -0.03644292 -0.1159865 0.10178195 -0.10072087 angledSliceR
0.38189306 -0.04204011 0.03147433 -0.33367445 -0.46743115 -0.72489106 angledSliceR
0.42179222 0.00040436 -0.01999126 -0.34441796 -0.59655233 -0.71048161 angledSliceR
-0.18014174 -0.03172057 -0.04025356 0.08241964 0.29264834 0.33238747 angledSliceR
0.34820763 -0.03267642 -0.00040686 -0.32806061 -0.40692279 -0.66731768 angledSliceR
0.7420502 -0.03805586 0.03506146 -0.58220491 -0.99408137 -1.37096643 angledSliceR
0.62756487 -0.03062791 0.01595055 -0.50425713 -0.86327075 -1.11149825 angledSliceR
-0.04808464 -0.0164843 -0.06091977 0.02055333 0.05886763 0.14383821 angledSliceR
0.54561138 0.01255697 -0.03854319 -0.3993248 -0.75342667 -0.99014289 angledSliceR
0.56808314 -0.04068128 0.01287319 -0.44732125 -0.77401426 -1.01125995 angledSliceR
0.48729229 -0.04113259 0.01582645 -0.40228695 -0.61729414 -0.9120144 angledSliceR
0.33103907 -0.02717585 -0.0216586 -0.25275247 -0.43670953 -0.6189992 angledSliceR
0.47455281 -0.0382848 0.00995994 -0.38906303 -0.60715519 -0.87714105 angledSliceR
0.63006751 -0.07073473 0.05409357 -0.5100044 -0.83601557 -1.17470094 angledSliceR
0.15354506 -0.04163039 0.00157056 -0.17015695 -0.14029981 -0.30685455 angledSliceR
0.29430265 -0.01747338 -0.03306472 -0.20674542 -0.4304238 -0.49213769 angledSliceR
0.61263864 -0.04016628 0.02063988 -0.50286313 -0.79822044 -1.14882466 angledSliceR
0.2245146 -0.04175293 0.01066002 -0.24616961 -0.23801528 -0.43480079 angledSliceR
0.1113971 -0.0068774 -0.06962828 -0.11878033 -0.06067187 -0.25605646 angledSliceL
0.4815468 -0.02465706 0.00583739 -0.41750146 -0.58889215 -0.9052041 angledSliceL
0.0472425 -0.0431709 0.00346253 -0.06824808 -0.01928767 -0.09087136 angledSliceL
0.05171639 -0.01924527 -0.02716654 -0.06201589 -0.02687227 -0.11501825 angledSliceL
0.30060371 -0.00671357 -0.04583248 -0.25220705 -0.34126852 -0.58791886 angledSliceL
0.48280472 -0.04273798 0.00450346 -0.37956285 -0.62571893 -0.88692436 angledSliceL
0.15697092 0.00451824 -0.07106744 -0.13860624 -0.16610323 -0.28715877 angledSliceL
0.38857922 -0.0310325 0.02580702 -0.36012994 -0.47953733 -0.72461632 angledSliceL
-0.08277855 0.00699542 -0.08342174 0.04383148 0.16891787 0.1566676 angledSliceL
0.37657408 0.00628134 -0.03962309 -0.26829521 -0.52587424 -0.66414989 angledSliceL
0.3262323 -0.0256562 -0.03855401 -0.23896527 -0.41155186 -0.61642113 angledSliceL
0.44214362 -0.03213995 0.01624372 -0.34109624 -0.60464985 -0.79421135 angledSliceL
